[[21, 7], [20, 6], [19, 5], [18, 4], [17, 3], [16, 2], [15, 3]]
[[21, 7], [20, 6], [19, 5], [18, 4], [17, 3], [16, 3], [15, 3]]
[[21, 7], [20, 6], [19, 6], [18, 5], [17, 4], [16, 4], [15, 3]]
[[21, 7], [20, 6], [19, 6], [18, 5], [17, 4], [16, 3], [15, 3]]
[[21, 7], [20, 6], [19, 5], [18, 4], [17, 4], [16, 3], [15, 3]]
[[21, 7], [20, 6], [19, 5], [18, 4], [17, 4], [16, 3], [15, 3]]
[[21, 7], [21, 6], [20, 5], [19, 4], [18, 5], [17, 4], [16, 4], [15, 3]]
[[21, 7], [20, 6], [19, 5], [19, 4], [18, 3], [17, 4], [16, 4], [16, 3], [15, 4], [15, 3]]
[[21, 7], [20, 6], [20, 5], [19, 4], [18, 3], [18, 4], [17, 5], [16, 4], [15, 4], [15, 3]]
[[21, 7], [20, 6], [20, 5], [20, 4], [19, 4], [18, 3], [17, 2], [16, 3], [16, 4], [15, 4], [15, 3]]
[[21, 7], [21, 6], [20, 5], [19, 5], [18, 6], [19, 6], [18, 5], [17, 5], [16, 5], [16, 4], [15, 3]]
[[21, 7], [22, 6], [21, 5], [21, 4], [21, 5], [20, 4], [19, 4], [19, 3], [18, 3], [18, 2], [17, 2], [17, 1], [16, 2], [15, 3]]
[[21, 7], [20, 6], [19, 6], [20, 5], [19, 4], [19, 3], [20, 2], [19, 1], [18, 1], [17, 1], [16, 2], [16, 3], [17, 4], [16, 3], [15, 2], [15, 3]]
[[21, 7], [20, 8], [19, 8], [18, 8], [18, 7], [18, 8], [18, 7], [17, 6], [18, 6], [17, 7], [17, 6], [16, 5], [15, 6], [15, 5], [15, 4], [15, 3]]
[[21, 7], [21, 6], [22, 7], [21, 8], [20, 8], [21, 9], [22, 9], [23, 10], [24, 9], [23, 10], [24, 9], [25, 8], [25, 7], [26, 7], [27, 7], [27, 6], [28, 6], [28, 7], [27, 6], [28, 5], [29, 4], [28, 3], [29, 3], [29, 4], [28, 3], [27, 3], [27, 2], [28, 1], [27, 1], [27, 2], [26, 2], [27, 3], [27, 2], [26, 3], [25, 4], [25, 3], [26, 2], [26, 1], [25, 0], [24, 1], [23, 0], [22, 0], [21, 1], [22, 1], [22, 2], [21, 2], [20, 2], [21, 3], [20, 4], [19, 5], [18, 6], [18, 7], [19, 6], [18, 5], [17, 4], [16, 5], [16, 6], [17, 6], [17, 7], [17, 8], [16, 9], [17, 9], [18, 10], [17, 9], [18, 8], [18, 7], [17, 8], [18, 9], [19, 10], [20, 10], [20, 9], [21, 8], [22, 9], [23, 8], [22, 9], [21, 10], [20, 10], [19, 11], [18, 12], [19, 13], [20, 14], [21, 14], [21, 15], [21, 14], [21, 15], [20, 16], [19, 16], [19, 17], [18, 17], [18, 18], [19, 18], [18, 18], [18, 17], [18, 16], [18, 15], [19, 15], [18, 14], [17, 14], [18, 13], [17, 14], [16, 13], [16, 14], [17, 14], [16, 13], [15, 13], [15, 12], [14, 11], [14, 10], [14, 9], [15, 10], [14, 9], [13, 10], [12, 9], [12, 8], [11, 8], [10, 9], [9, 8], [8, 8], [8, 7], [7, 7], [6, 7], [6, 8], [5, 9], [4, 10], [4, 11], [4, 10], [5, 11], [4, 12], [5, 12], [4, 12], [4, 13], [3, 14], [2, 14], [1, 13], [2, 12], [3, 13], [3, 12], [2, 12], [2, 11], [2, 10], [2, 9], [3, 8], [4, 9], [4, 8], [5, 7], [4, 8], [5, 9], [6, 10], [6, 9], [7, 10], [6, 11], [7, 11], [7, 12], [8, 11], [9, 10], [9, 9], [10, 10], [11, 10], [12, 11], [13, 11], [12, 12], [11, 11], [12, 12], [11, 13], [10, 14], [11, 15], [12, 15], [11, 15], [11, 14], [11, 13], [11, 12], [12, 11], [13, 10], [14, 9], [13, 9], [12, 9], [12, 8], [11, 8], [10, 7], [10, 6], [9, 6], [10, 6], [10, 7], [10, 6], [11, 5], [12, 4], [13, 4], [14, 5], [15, 4], [15, 5], [16, 4], [17, 4], [18, 3], [18, 4], [17, 3], [17, 2], [16, 3], [15, 3]]
