[[21, 5], [20, 6], [19, 7], [18, 8], [17, 9], [16, 10], [15, 11], [14, 12], [13, 13], [12, 12], [11, 13], [10, 14], [9, 15], [8, 16], [7, 17], [6, 16]]
[[21, 5], [20, 6], [19, 7], [18, 8], [17, 9], [16, 9], [15, 10], [14, 11], [13, 12], [12, 13], [11, 13], [10, 14], [9, 14], [8, 15], [7, 16], [6, 16]]
[[21, 5], [20, 6], [19, 7], [18, 8], [17, 9], [16, 10], [15, 11], [14, 11], [13, 12], [12, 13], [11, 13], [10, 14], [9, 15], [8, 15], [7, 16], [6, 16]]
[[21, 5], [20, 6], [19, 7], [18, 8], [17, 9], [16, 10], [15, 11], [14, 12], [13, 12], [12, 13], [11, 14], [10, 15], [9, 15], [8, 16], [7, 16], [6, 16]]
[[21, 5], [20, 6], [19, 7], [18, 8], [17, 9], [16, 10], [15, 11], [14, 12], [13, 13], [12, 12], [11, 13], [10, 14], [9, 15], [8, 16], [7, 17], [6, 16]]
[[21, 5], [20, 6], [19, 7], [18, 8], [17, 9], [16, 10], [15, 11], [14, 11], [13, 12], [12, 12], [11, 13], [10, 14], [9, 15], [8, 16], [7, 17], [6, 16]]
[[21, 5], [20, 6], [19, 7], [18, 8], [17, 9], [16, 10], [15, 11], [14, 12], [13, 13], [12, 14], [11, 15], [10, 15], [9, 15], [8, 16], [7, 16], [6, 16]]
[[21, 5], [20, 6], [19, 7], [18, 8], [17, 9], [16, 10], [15, 11], [14, 12], [13, 13], [12, 14], [11, 13], [10, 14], [9, 15], [8, 16], [7, 17], [6, 16]]
[[21, 5], [20, 6], [19, 7], [18, 8], [17, 9], [16, 10], [15, 11], [14, 12], [13, 13], [12, 12], [11, 13], [10, 14], [9, 14], [8, 15], [7, 16], [6, 16]]
[[21, 5], [20, 6], [19, 7], [18, 8], [17, 9], [16, 10], [15, 11], [14, 12], [13, 11], [12, 12], [11, 13], [10, 14], [9, 15], [8, 16], [7, 16], [6, 16]]
[[21, 5], [20, 6], [19, 7], [18, 8], [17, 9], [16, 10], [15, 11], [14, 12], [13, 13], [12, 13], [11, 13], [10, 14], [9, 15], [8, 15], [7, 16], [6, 16]]
[[21, 5], [20, 6], [19, 7], [18, 8], [17, 9], [16, 10], [15, 11], [14, 12], [13, 12], [12, 12], [11, 13], [10, 14], [9, 14], [8, 15], [7, 16], [6, 16]]
[[21, 5], [20, 6], [19, 7], [18, 8], [17, 9], [16, 10], [15, 11], [14, 12], [13, 13], [12, 13], [11, 13], [10, 14], [9, 15], [8, 15], [7, 16], [6, 16]]
[[21, 5], [20, 6], [19, 7], [18, 8], [17, 9], [16, 10], [15, 10], [14, 10], [13, 10], [12, 11], [12, 12], [11, 13], [10, 14], [9, 14], [8, 15], [7, 16], [6, 16]]
[[21, 5], [20, 6], [19, 7], [18, 8], [18, 9], [17, 10], [16, 11], [15, 11], [14, 12], [14, 13], [13, 14], [12, 15], [11, 15], [10, 16], [9, 16], [8, 15], [7, 16], [6, 16]]
[[21, 5], [20, 6], [20, 7], [19, 7], [18, 8], [17, 9], [16, 9], [15, 10], [14, 9], [13, 10], [12, 11], [11, 12], [11, 13], [10, 14], [9, 14], [8, 15], [7, 16], [6, 16]]
[[21, 5], [20, 6], [19, 7], [19, 8], [18, 9], [17, 10], [16, 11], [15, 11], [14, 12], [13, 13], [12, 14], [11, 15], [10, 16], [9, 16], [9, 17], [8, 18], [7, 17], [6, 16]]
[[21, 5], [20, 6], [19, 7], [18, 8], [17, 9], [16, 10], [16, 11], [15, 11], [14, 12], [13, 13], [12, 14], [11, 15], [12, 14], [12, 13], [11, 14], [10, 15], [9, 16], [8, 16], [7, 16], [6, 16]]
[[21, 5], [20, 6], [19, 7], [19, 8], [18, 9], [17, 10], [16, 11], [15, 11], [14, 12], [14, 13], [13, 14], [14, 15], [13, 16], [12, 17], [11, 17], [10, 16], [9, 15], [8, 15], [7, 16], [6, 16]]
[[21, 5], [20, 6], [19, 7], [19, 8], [18, 9], [17, 10], [16, 10], [15, 11], [14, 12], [14, 13], [14, 14], [13, 15], [13, 16], [12, 16], [11, 15], [10, 15], [9, 16], [8, 16], [7, 17], [6, 16]]
