[[7, 13], [8, 12], [9, 11], [10, 10], [11, 9], [12, 8], [13, 7], [13, 6], [14, 5], [15, 4], [16, 3]]
[[7, 13], [8, 12], [9, 11], [10, 10], [11, 9], [11, 8], [12, 7], [13, 6], [14, 5], [15, 4], [16, 3]]
[[7, 13], [8, 12], [9, 11], [10, 10], [11, 9], [12, 8], [13, 7], [14, 6], [15, 5], [15, 4], [16, 3]]
[[7, 13], [8, 12], [9, 11], [10, 10], [11, 9], [12, 8], [13, 7], [13, 6], [14, 5], [15, 4], [16, 3]]
[[7, 13], [8, 12], [8, 11], [9, 10], [10, 9], [11, 8], [12, 7], [13, 6], [14, 5], [15, 4], [16, 3]]
[[7, 13], [8, 12], [9, 11], [10, 10], [11, 9], [12, 8], [13, 7], [14, 6], [15, 5], [15, 4], [16, 3]]
[[7, 13], [8, 12], [9, 11], [10, 10], [11, 9], [12, 8], [13, 7], [14, 6], [15, 5], [16, 4], [16, 3]]
[[7, 13], [8, 12], [9, 11], [10, 10], [11, 9], [12, 8], [13, 7], [14, 6], [15, 5], [16, 4], [16, 3]]
[[7, 13], [8, 12], [9, 11], [10, 10], [11, 9], [12, 8], [13, 7], [14, 6], [14, 5], [15, 4], [16, 3]]
[[7, 13], [8, 12], [9, 11], [10, 10], [10, 9], [11, 8], [12, 7], [13, 6], [14, 5], [15, 4], [16, 3]]
[[7, 13], [8, 12], [9, 11], [10, 10], [11, 9], [11, 8], [12, 7], [13, 6], [14, 5], [15, 4], [16, 3]]
[[7, 13], [8, 12], [9, 11], [10, 10], [11, 9], [12, 8], [13, 7], [13, 6], [14, 5], [15, 4], [16, 3]]
[[7, 13], [8, 12], [9, 11], [10, 10], [11, 9], [12, 8], [12, 7], [13, 6], [14, 5], [15, 4], [16, 3]]
[[7, 13], [8, 12], [9, 11], [10, 10], [11, 9], [12, 8], [12, 7], [13, 6], [14, 5], [15, 4], [16, 3]]
[[7, 13], [8, 12], [9, 11], [10, 10], [11, 9], [12, 8], [13, 7], [14, 6], [15, 5], [15, 4], [16, 3]]
[[7, 13], [8, 12], [9, 11], [10, 10], [11, 9], [12, 9], [13, 8], [14, 7], [14, 6], [15, 5], [15, 4], [16, 3]]
[[7, 13], [8, 12], [9, 11], [9, 10], [10, 10], [11, 9], [12, 8], [13, 7], [13, 6], [14, 5], [15, 4], [16, 3]]
[[7, 13], [8, 12], [9, 11], [9, 10], [10, 9], [9, 8], [9, 7], [10, 6], [11, 5], [12, 6], [13, 7], [13, 6], [14, 5], [15, 4], [16, 3]]
[[7, 13], [8, 12], [9, 11], [9, 10], [9, 9], [10, 8], [9, 8], [10, 8], [10, 7], [11, 6], [12, 5], [13, 4], [14, 3], [15, 3], [16, 3]]
[[7, 13], [8, 13], [9, 13], [10, 13], [9, 13], [10, 12], [9, 11], [10, 11], [11, 10], [12, 9], [11, 8], [12, 8], [13, 7], [13, 6], [13, 5], [13, 4], [14, 5], [15, 4], [16, 3]]
