[[0, 13], [0, 14], [0, 15], [1, 16], [1, 17], [2, 18], [2, 19]]
[[0, 13], [1, 14], [2, 15], [3, 16], [2, 17], [1, 18], [2, 19]]
[[0, 13], [1, 14], [2, 15], [1, 16], [2, 17], [3, 18], [2, 19]]
[[0, 13], [1, 14], [1, 15], [0, 16], [1, 17], [2, 18], [2, 19]]
[[0, 13], [0, 14], [0, 15], [1, 16], [1, 17], [2, 18], [2, 19]]
[[0, 13], [1, 14], [2, 15], [3, 16], [2, 17], [2, 18], [2, 19]]
[[0, 13], [1, 14], [0, 15], [0, 16], [1, 17], [1, 18], [2, 19]]
[[0, 13], [1, 14], [0, 15], [1, 16], [2, 17], [3, 18], [2, 19]]
[[0, 13], [1, 14], [1, 15], [0, 16], [0, 17], [1, 18], [2, 19]]
[[0, 13], [1, 14], [1, 15], [1, 16], [1, 17], [1, 18], [2, 19]]
[[0, 13], [1, 14], [1, 15], [0, 16], [0, 17], [1, 18], [2, 19]]
[[0, 13], [0, 14], [1, 15], [0, 16], [1, 17], [1, 18], [2, 19]]
[[0, 13], [0, 14], [0, 15], [1, 16], [2, 17], [3, 18], [2, 19]]
[[0, 13], [1, 14], [2, 15], [3, 16], [3, 17], [3, 18], [2, 19]]
[[0, 13], [1, 14], [2, 15], [3, 16], [2, 17], [1, 18], [2, 19]]
[[0, 13], [0, 14], [0, 15], [1, 16], [0, 17], [1, 18], [2, 19]]
[[0, 13], [1, 14], [2, 15], [3, 16], [4, 17], [3, 18], [2, 19]]
[[0, 13], [0, 14], [0, 15], [0, 16], [1, 17], [0, 18], [1, 18], [2, 19]]
[[0, 13], [0, 14], [0, 15], [0, 16], [0, 17], [1, 16], [2, 17], [2, 18], [2, 19]]
[[0, 13], [1, 14], [1, 15], [0, 15], [1, 16], [0, 16], [1, 17], [2, 18], [2, 19]]
