[[11, 0], [12, 1], [13, 2], [14, 3], [15, 4], [15, 5], [15, 6], [16, 7], [17, 8], [18, 9], [19, 10], [19, 11], [20, 12], [20, 13], [21, 14], [21, 15], [22, 16], [23, 17], [24, 16], [25, 17]]
[[11, 0], [12, 1], [13, 2], [14, 3], [14, 4], [14, 5], [15, 6], [16, 7], [17, 8], [18, 9], [19, 10], [19, 11], [20, 12], [19, 13], [20, 14], [21, 15], [22, 16], [23, 17], [24, 17], [25, 17]]
[[11, 0], [11, 1], [12, 2], [13, 3], [14, 4], [14, 5], [15, 6], [16, 7], [17, 8], [18, 9], [19, 10], [18, 11], [19, 12], [20, 13], [21, 14], [21, 15], [22, 16], [23, 17], [24, 17], [25, 17]]
[[11, 0], [12, 1], [13, 2], [14, 3], [15, 4], [16, 5], [16, 6], [17, 7], [17, 8], [18, 9], [18, 10], [19, 11], [19, 12], [20, 13], [21, 14], [21, 15], [22, 16], [23, 17], [24, 16], [25, 17]]
[[11, 0], [11, 1], [12, 2], [13, 3], [13, 4], [14, 5], [15, 6], [16, 7], [16, 8], [17, 9], [18, 10], [19, 11], [19, 12], [20, 13], [21, 14], [21, 15], [22, 16], [23, 17], [24, 18], [25, 17]]
[[11, 0], [12, 1], [12, 2], [13, 3], [14, 4], [15, 5], [15, 6], [16, 7], [17, 8], [17, 9], [18, 10], [19, 11], [20, 12], [20, 13], [20, 14], [21, 15], [22, 16], [23, 17], [24, 17], [25, 17]]
[[11, 0], [12, 1], [12, 2], [13, 3], [14, 4], [15, 5], [15, 6], [15, 7], [16, 8], [17, 9], [18, 10], [19, 11], [19, 12], [19, 13], [20, 14], [21, 15], [22, 16], [23, 17], [24, 16], [25, 17]]
[[11, 0], [12, 1], [13, 2], [14, 3], [14, 4], [14, 5], [15, 6], [16, 7], [17, 8], [18, 9], [18, 10], [19, 11], [20, 12], [21, 13], [22, 14], [21, 15], [22, 16], [23, 17], [24, 17], [25, 17]]
[[11, 0], [12, 1], [13, 2], [12, 3], [13, 4], [14, 5], [15, 6], [16, 7], [17, 8], [17, 9], [18, 10], [19, 11], [19, 12], [20, 13], [20, 14], [21, 15], [22, 16], [23, 17], [24, 17], [25, 17]]
[[11, 0], [11, 1], [12, 2], [13, 3], [14, 4], [15, 5], [16, 6], [16, 7], [17, 8], [18, 9], [19, 10], [19, 11], [20, 12], [20, 13], [21, 14], [21, 15], [22, 16], [23, 17], [24, 17], [25, 17]]
[[11, 0], [12, 1], [13, 2], [13, 3], [13, 4], [14, 5], [15, 6], [16, 7], [16, 8], [17, 9], [17, 10], [18, 11], [19, 12], [20, 13], [20, 14], [21, 15], [22, 16], [23, 17], [24, 17], [25, 17]]
[[11, 0], [11, 1], [12, 2], [13, 3], [14, 4], [15, 5], [16, 6], [15, 7], [16, 8], [17, 9], [18, 10], [19, 11], [19, 12], [19, 13], [20, 14], [21, 15], [22, 16], [23, 17], [24, 16], [25, 17]]
[[11, 0], [12, 1], [13, 2], [13, 3], [13, 4], [14, 5], [15, 6], [16, 7], [17, 8], [18, 9], [18, 10], [19, 11], [20, 12], [20, 13], [21, 14], [21, 15], [22, 16], [23, 17], [24, 16], [25, 17]]
[[11, 0], [12, 1], [12, 2], [13, 3], [14, 4], [14, 5], [15, 6], [15, 7], [16, 8], [17, 9], [18, 10], [19, 11], [20, 12], [21, 13], [21, 14], [21, 15], [22, 16], [23, 17], [24, 16], [25, 17]]
[[11, 0], [12, 1], [13, 2], [14, 3], [15, 4], [16, 5], [16, 6], [16, 7], [17, 8], [18, 9], [19, 10], [19, 11], [19, 12], [20, 13], [20, 14], [21, 15], [22, 16], [23, 17], [24, 16], [25, 17]]
[[11, 0], [12, 1], [13, 2], [14, 3], [15, 4], [15, 5], [15, 6], [16, 7], [17, 8], [18, 9], [19, 10], [19, 11], [20, 12], [20, 13], [21, 14], [21, 15], [22, 16], [23, 17], [24, 16], [25, 17]]
[[11, 0], [12, 1], [13, 2], [14, 3], [15, 4], [16, 5], [17, 6], [16, 7], [17, 8], [17, 9], [18, 10], [18, 11], [17, 12], [18, 13], [19, 14], [20, 15], [21, 15], [22, 16], [23, 17], [24, 18], [25, 17]]
[[11, 0], [12, 1], [12, 2], [13, 3], [14, 4], [15, 5], [16, 6], [16, 7], [17, 8], [16, 9], [15, 10], [16, 11], [17, 12], [18, 13], [19, 14], [20, 15], [21, 16], [22, 17], [23, 17], [24, 16], [25, 17]]
[[11, 0], [12, 1], [12, 2], [13, 3], [14, 4], [15, 5], [16, 6], [16, 7], [17, 8], [16, 9], [15, 10], [16, 11], [17, 12], [18, 13], [19, 14], [20, 15], [21, 16], [22, 17], [23, 17], [24, 16], [25, 17]]
[[11, 0], [12, 1], [11, 2], [12, 3], [13, 4], [14, 5], [15, 6], [16, 7], [16, 8], [15, 9], [16, 10], [16, 11], [17, 12], [18, 13], [19, 14], [20, 15], [21, 15], [22, 16], [23, 17], [24, 17], [25, 17]]
