[[25, 18], [24, 19], [23, 18], [22, 18], [21, 17], [20, 16], [19, 17], [18, 17], [17, 16], [16, 17], [15, 16], [14, 15], [13, 16], [12, 16], [11, 15], [10, 14]]
[[25, 18], [24, 19], [23, 19], [22, 18], [21, 19], [20, 19], [19, 18], [18, 17], [17, 17], [16, 17], [15, 17], [14, 16], [13, 16], [12, 15], [11, 14], [10, 14]]
[[25, 18], [24, 17], [23, 18], [22, 18], [21, 17], [20, 16], [19, 17], [18, 16], [17, 17], [16, 16], [15, 15], [14, 14], [13, 13], [12, 13], [11, 14], [10, 14]]
[[25, 18], [24, 19], [23, 19], [22, 19], [21, 18], [20, 19], [19, 18], [18, 17], [17, 18], [16, 17], [15, 16], [14, 15], [13, 16], [12, 15], [11, 14], [10, 14]]
[[25, 18], [24, 19], [23, 18], [22, 18], [21, 17], [20, 16], [19, 17], [18, 17], [17, 16], [16, 17], [15, 16], [14, 15], [13, 16], [12, 16], [11, 15], [10, 14]]
[[25, 18], [24, 17], [23, 17], [22, 18], [21, 18], [20, 18], [19, 17], [18, 16], [17, 17], [16, 16], [15, 17], [14, 17], [13, 17], [12, 16], [11, 15], [10, 14]]
[[25, 18], [24, 19], [23, 19], [22, 19], [21, 18], [20, 19], [19, 18], [18, 17], [17, 17], [16, 17], [15, 17], [14, 16], [13, 16], [12, 15], [11, 14], [10, 14]]
[[25, 18], [24, 18], [23, 19], [22, 18], [21, 19], [20, 19], [19, 18], [18, 17], [17, 16], [16, 16], [15, 15], [14, 15], [13, 16], [12, 16], [11, 15], [10, 14]]
[[25, 18], [24, 17], [23, 18], [22, 18], [21, 17], [20, 16], [19, 17], [18, 17], [17, 16], [16, 17], [15, 16], [14, 15], [13, 16], [12, 16], [11, 15], [10, 14]]
[[25, 18], [24, 17], [23, 18], [22, 18], [21, 17], [20, 18], [19, 18], [18, 17], [17, 18], [16, 17], [15, 16], [14, 15], [13, 16], [12, 16], [11, 15], [10, 14]]
[[25, 18], [24, 17], [23, 17], [22, 18], [21, 18], [20, 18], [19, 17], [18, 16], [17, 17], [16, 16], [15, 17], [14, 17], [13, 17], [12, 16], [11, 15], [10, 14]]
[[25, 18], [24, 17], [24, 16], [24, 15], [23, 16], [22, 16], [21, 16], [20, 16], [19, 15], [18, 16], [17, 17], [16, 17], [15, 16], [14, 16], [13, 17], [12, 16], [11, 15], [10, 14]]
[[25, 18], [24, 18], [24, 17], [23, 16], [24, 16], [23, 15], [23, 16], [22, 15], [22, 14], [21, 14], [20, 14], [19, 13], [18, 12], [18, 13], [17, 12], [16, 13], [15, 12], [14, 13], [14, 14], [13, 14], [12, 15], [11, 15], [11, 14], [10, 14]]
[[25, 18], [24, 19], [24, 18], [24, 17], [23, 17], [23, 16], [24, 15], [23, 15], [23, 16], [22, 17], [21, 16], [20, 15], [20, 16], [19, 15], [18, 14], [18, 15], [17, 14], [16, 14], [15, 13], [14, 14], [14, 15], [13, 14], [12, 13], [11, 14], [11, 15], [10, 14]]
[[25, 18], [24, 18], [23, 18], [22, 18], [21, 17], [20, 17], [19, 18], [18, 19], [17, 18], [16, 17], [16, 16], [15, 17], [14, 17], [15, 16], [14, 16], [13, 17], [12, 16], [12, 15], [11, 14], [10, 13], [10, 12], [9, 12], [8, 13], [9, 12], [10, 13], [10, 14]]
[[25, 18], [24, 17], [24, 18], [23, 17], [23, 16], [24, 15], [23, 14], [22, 15], [21, 16], [20, 17], [21, 16], [20, 17], [19, 18], [20, 19], [21, 19], [22, 18], [21, 18], [20, 17], [19, 17], [18, 17], [17, 16], [16, 16], [16, 17], [15, 16], [14, 16], [13, 16], [12, 16], [11, 15], [10, 14]]
[[25, 18], [26, 17], [27, 18], [27, 19], [26, 18], [27, 17], [28, 17], [28, 16], [28, 15], [28, 16], [27, 16], [27, 15], [26, 14], [25, 13], [24, 13], [23, 14], [23, 15], [23, 14], [22, 13], [21, 12], [21, 11], [20, 12], [19, 11], [19, 12], [18, 13], [18, 12], [17, 12], [16, 13], [15, 12], [16, 11], [16, 10], [15, 9], [14, 8], [14, 9], [13, 10], [13, 9], [12, 8], [11, 7], [12, 7], [11, 8], [10, 9], [9, 8], [10, 9], [11, 10], [10, 10], [11, 11], [11, 12], [10, 13], [10, 14]]
[[25, 18], [26, 19], [27, 18], [27, 19], [26, 18], [25, 19], [24, 19], [23, 18], [22, 17], [23, 17], [24, 17], [23, 16], [23, 15], [24, 16], [25, 17], [26, 16], [26, 15], [27, 16], [27, 15], [27, 14], [28, 14], [29, 14], [29, 13], [29, 12], [28, 12], [29, 11], [29, 10], [28, 9], [28, 8], [29, 9], [29, 8], [29, 7], [29, 6], [29, 5], [28, 5], [29, 4], [29, 3], [28, 2], [27, 1], [26, 2], [25, 2], [24, 3], [25, 4], [26, 4], [26, 5], [27, 6], [27, 7], [26, 8], [27, 8], [26, 9], [25, 8], [24, 9], [25, 9], [25, 10], [24, 10], [23, 9], [22, 10], [21, 11], [22, 12], [21, 12], [21, 13], [22, 14], [21, 15], [21, 16], [22, 16], [22, 15], [21, 14], [20, 15], [20, 14], [19, 13], [18, 14], [19, 15], [18, 16], [17, 16], [17, 17], [16, 16], [16, 17], [17, 18], [17, 19], [16, 19], [15, 19], [14, 19], [15, 18], [14, 17], [13, 16], [13, 17], [12, 18], [12, 19], [13, 18], [12, 17], [11, 18], [10, 19], [11, 19], [10, 18], [11, 17], [11, 16], [10, 16], [10, 15], [9, 16], [8, 15], [7, 14], [7, 15], [7, 16], [7, 17], [8, 18], [9, 17], [8, 17], [7, 18], [6, 17], [6, 18], [6, 19], [5, 19], [5, 18], [5, 17], [5, 16], [6, 16], [5, 15], [4, 14], [4, 15], [5, 14], [6, 13], [6, 14], [7, 13], [8, 13], [8, 12], [9, 11], [10, 11], [10, 10], [11, 10], [12, 9], [13, 9], [14, 10], [13, 10], [12, 10], [11, 11], [12, 11], [13, 12], [14, 12], [13, 11], [14, 11], [15, 12], [15, 11], [16, 11], [15, 10], [16, 10], [17, 11], [17, 12], [18, 13], [17, 14], [16, 14], [16, 13], [15, 13], [15, 14], [14, 13], [13, 13], [12, 12], [11, 12], [12, 13], [13, 14], [12, 15], [11, 14], [10, 13], [9, 12], [9, 13], [8, 14], [9, 14], [10, 14]]
