[[8, 13], [9, 12], [9, 11], [10, 10], [11, 9], [11, 8], [12, 7], [13, 6], [14, 6], [15, 5]]
[[8, 13], [8, 12], [9, 11], [10, 10], [11, 9], [11, 8], [12, 7], [13, 6], [14, 6], [15, 5]]
[[8, 13], [8, 12], [9, 11], [10, 10], [11, 9], [11, 8], [12, 7], [13, 6], [14, 6], [15, 5]]
[[8, 13], [9, 12], [9, 11], [10, 10], [11, 9], [11, 8], [12, 7], [13, 6], [14, 6], [15, 5]]
[[8, 13], [9, 12], [9, 11], [10, 10], [11, 9], [12, 8], [12, 7], [13, 6], [14, 6], [15, 5]]
[[8, 13], [9, 12], [9, 11], [10, 10], [11, 9], [11, 8], [12, 7], [13, 6], [14, 6], [15, 5]]
[[8, 13], [9, 12], [9, 11], [10, 10], [11, 9], [11, 8], [12, 7], [13, 6], [14, 6], [15, 5]]
[[8, 13], [9, 12], [9, 11], [10, 10], [11, 9], [11, 8], [12, 7], [13, 6], [14, 6], [15, 5]]
[[8, 13], [9, 12], [10, 12], [11, 11], [12, 10], [12, 9], [13, 8], [14, 7], [14, 6], [15, 5]]
[[8, 13], [8, 12], [9, 11], [10, 10], [11, 9], [12, 8], [12, 7], [13, 6], [14, 6], [15, 5]]
[[8, 13], [8, 12], [9, 11], [10, 10], [11, 9], [12, 8], [13, 8], [14, 7], [14, 6], [15, 5]]
[[8, 13], [8, 12], [9, 11], [10, 10], [11, 9], [11, 8], [12, 7], [13, 6], [14, 6], [15, 5]]
[[8, 13], [8, 12], [9, 11], [10, 10], [11, 9], [12, 9], [13, 8], [14, 7], [14, 6], [15, 5]]
[[8, 13], [8, 12], [9, 11], [10, 10], [11, 9], [12, 8], [13, 8], [14, 7], [14, 6], [15, 5]]
[[8, 13], [8, 12], [9, 11], [10, 10], [11, 11], [12, 10], [11, 9], [12, 9], [13, 8], [14, 7], [14, 6], [15, 5]]
[[8, 13], [7, 12], [8, 11], [9, 11], [10, 10], [11, 9], [12, 8], [12, 7], [13, 6], [13, 5], [14, 4], [15, 5]]
[[8, 13], [9, 12], [10, 12], [11, 11], [12, 10], [11, 9], [11, 10], [12, 10], [12, 9], [13, 8], [14, 7], [14, 6], [15, 5]]
[[8, 13], [8, 12], [9, 11], [9, 10], [10, 10], [11, 10], [11, 9], [12, 10], [13, 9], [13, 8], [14, 7], [14, 6], [15, 5]]
[[8, 13], [9, 12], [9, 11], [8, 10], [9, 11], [10, 10], [11, 9], [11, 10], [12, 9], [11, 8], [12, 9], [13, 8], [14, 7], [14, 6], [15, 5]]
[[8, 13], [8, 12], [9, 11], [10, 10], [11, 11], [10, 10], [11, 9], [11, 8], [12, 7], [13, 6], [13, 5], [14, 4], [15, 5], [16, 6], [15, 5]]
