[[12, 2], [13, 3], [14, 4], [15, 5], [15, 6], [16, 7], [17, 8], [18, 9], [19, 10], [19, 11], [19, 12]]
[[12, 2], [13, 3], [14, 4], [15, 5], [16, 6], [17, 7], [18, 8], [19, 9], [20, 10], [19, 11], [19, 12]]
[[12, 2], [13, 3], [14, 4], [15, 5], [16, 6], [17, 7], [18, 8], [19, 9], [18, 10], [19, 11], [19, 12]]
[[12, 2], [13, 3], [14, 4], [15, 5], [15, 6], [16, 7], [17, 8], [18, 9], [19, 10], [19, 11], [19, 12]]
[[12, 2], [12, 3], [13, 4], [14, 5], [15, 6], [16, 7], [17, 8], [18, 9], [19, 10], [19, 11], [19, 12]]
[[12, 2], [13, 3], [14, 4], [15, 5], [16, 6], [17, 7], [18, 8], [19, 9], [18, 10], [19, 11], [19, 12]]
[[12, 2], [13, 3], [14, 4], [15, 5], [16, 6], [17, 7], [18, 8], [17, 9], [18, 10], [19, 11], [19, 12]]
[[12, 2], [13, 3], [14, 4], [15, 5], [16, 6], [17, 7], [18, 8], [19, 9], [20, 10], [19, 11], [19, 12]]
[[12, 2], [13, 3], [14, 4], [15, 5], [16, 6], [17, 7], [18, 8], [18, 9], [19, 10], [20, 11], [19, 12]]
[[12, 2], [13, 3], [14, 4], [15, 5], [16, 6], [17, 7], [17, 8], [18, 9], [19, 10], [19, 11], [19, 12]]
[[12, 2], [13, 3], [14, 4], [15, 5], [16, 6], [15, 7], [16, 8], [17, 9], [18, 10], [19, 11], [19, 12]]
[[12, 2], [13, 3], [14, 4], [15, 5], [16, 6], [17, 7], [18, 8], [19, 9], [18, 10], [19, 11], [19, 12]]
[[12, 2], [13, 3], [14, 4], [15, 5], [16, 6], [17, 7], [18, 8], [19, 9], [18, 10], [19, 11], [19, 12]]
[[12, 2], [13, 3], [14, 4], [15, 5], [16, 6], [17, 7], [18, 8], [18, 9], [19, 10], [19, 11], [19, 12]]
[[12, 2], [13, 3], [14, 4], [15, 5], [16, 6], [17, 7], [18, 8], [19, 9], [20, 10], [20, 11], [19, 12]]
[[12, 2], [13, 3], [14, 4], [15, 5], [16, 6], [17, 7], [18, 8], [19, 9], [19, 10], [20, 11], [19, 12]]
[[12, 2], [13, 3], [14, 4], [15, 5], [15, 6], [16, 7], [17, 8], [18, 9], [19, 10], [20, 11], [19, 12]]
[[12, 2], [13, 3], [14, 4], [15, 5], [15, 6], [16, 7], [17, 7], [18, 8], [19, 9], [20, 10], [20, 11], [19, 12]]
[[12, 2], [13, 3], [14, 4], [15, 5], [15, 6], [16, 7], [17, 7], [18, 8], [19, 9], [18, 10], [19, 11], [19, 12]]
[[12, 2], [13, 3], [14, 4], [15, 5], [16, 6], [15, 7], [16, 8], [16, 9], [17, 10], [17, 11], [18, 12], [19, 12]]
