[[17, 12], [16, 11], [15, 12], [14, 12], [13, 11], [12, 12], [11, 13], [10, 12], [9, 13], [8, 12], [7, 11], [6, 12], [5, 13], [4, 14], [3, 14], [2, 15], [1, 16], [0, 16]]
[[17, 12], [16, 12], [15, 13], [14, 12], [13, 11], [12, 11], [11, 11], [10, 12], [9, 13], [8, 12], [7, 13], [6, 13], [5, 13], [4, 14], [3, 15], [2, 16], [1, 16], [0, 16]]
[[17, 12], [16, 11], [15, 11], [14, 12], [13, 12], [12, 11], [11, 10], [10, 11], [9, 12], [8, 12], [7, 13], [6, 14], [5, 14], [4, 14], [3, 15], [2, 16], [1, 17], [0, 16]]
[[17, 12], [16, 12], [15, 11], [14, 11], [13, 11], [12, 11], [11, 12], [10, 13], [9, 12], [8, 12], [7, 13], [6, 13], [5, 13], [4, 14], [3, 15], [2, 16], [1, 16], [0, 16]]
[[17, 12], [16, 11], [15, 12], [14, 12], [13, 11], [12, 12], [11, 13], [10, 12], [9, 13], [8, 12], [7, 11], [6, 12], [5, 13], [4, 14], [3, 14], [2, 15], [1, 16], [0, 16]]
[[17, 12], [16, 12], [15, 12], [14, 13], [13, 12], [12, 11], [11, 11], [10, 12], [9, 11], [8, 12], [7, 13], [6, 13], [5, 14], [4, 15], [3, 16], [2, 15], [1, 15], [0, 16]]
[[17, 12], [16, 11], [15, 11], [14, 12], [13, 12], [12, 11], [11, 10], [10, 11], [9, 12], [8, 12], [7, 12], [6, 13], [5, 13], [4, 14], [3, 15], [2, 16], [1, 17], [0, 16]]
[[17, 12], [16, 11], [15, 12], [14, 12], [13, 12], [12, 13], [11, 12], [10, 13], [9, 13], [8, 14], [7, 14], [6, 14], [5, 13], [4, 14], [3, 15], [2, 16], [1, 15], [0, 16]]
[[17, 12], [16, 11], [15, 12], [14, 11], [13, 11], [12, 12], [11, 11], [10, 11], [9, 12], [8, 12], [7, 13], [6, 13], [5, 13], [4, 14], [3, 14], [2, 15], [1, 15], [0, 16]]
[[17, 12], [16, 12], [15, 13], [14, 12], [13, 11], [12, 11], [11, 11], [10, 12], [9, 12], [8, 12], [7, 12], [6, 13], [5, 14], [4, 15], [3, 14], [2, 15], [1, 16], [0, 16]]
[[17, 12], [16, 12], [15, 12], [14, 12], [13, 12], [12, 13], [11, 12], [10, 13], [9, 13], [8, 14], [7, 14], [6, 14], [5, 15], [4, 14], [3, 15], [2, 15], [1, 16], [0, 16]]
[[17, 12], [16, 11], [15, 11], [14, 11], [13, 11], [12, 12], [11, 12], [10, 12], [9, 13], [8, 14], [7, 14], [6, 13], [5, 13], [4, 14], [3, 15], [2, 14], [1, 15], [0, 16]]
[[17, 12], [16, 12], [15, 12], [14, 11], [13, 12], [12, 11], [11, 12], [10, 13], [9, 13], [8, 13], [7, 12], [6, 12], [5, 13], [4, 14], [3, 13], [2, 14], [1, 15], [0, 16]]
[[17, 12], [16, 11], [15, 11], [14, 11], [13, 12], [12, 11], [11, 11], [10, 12], [9, 12], [8, 12], [7, 12], [6, 12], [5, 13], [5, 14], [4, 14], [3, 14], [2, 15], [1, 16], [0, 16]]
[[17, 12], [16, 12], [15, 12], [14, 12], [13, 13], [12, 13], [11, 12], [10, 11], [9, 12], [9, 13], [8, 14], [7, 14], [6, 14], [5, 15], [4, 15], [3, 15], [2, 16], [1, 15], [0, 16]]
[[17, 12], [16, 11], [15, 12], [14, 13], [13, 12], [12, 11], [12, 12], [11, 13], [10, 12], [9, 13], [8, 14], [8, 15], [7, 15], [6, 15], [5, 14], [4, 15], [3, 16], [2, 17], [1, 16], [0, 16]]
[[17, 12], [16, 12], [15, 13], [14, 13], [13, 12], [13, 11], [12, 12], [11, 12], [10, 13], [9, 13], [9, 14], [8, 14], [7, 15], [6, 15], [5, 15], [4, 14], [3, 15], [2, 16], [1, 17], [0, 16]]
[[17, 12], [16, 11], [15, 12], [14, 13], [13, 13], [12, 12], [11, 11], [11, 12], [10, 13], [9, 12], [8, 13], [7, 14], [7, 15], [6, 14], [5, 13], [4, 14], [3, 14], [4, 15], [3, 14], [2, 15], [1, 16], [1, 15], [0, 16]]
[[17, 12], [16, 11], [15, 12], [14, 13], [13, 13], [14, 12], [13, 12], [12, 11], [12, 10], [12, 11], [11, 12], [10, 13], [9, 12], [8, 13], [7, 14], [7, 15], [6, 14], [5, 15], [4, 14], [3, 15], [2, 14], [1, 14], [0, 15], [1, 15], [0, 16], [0, 17], [0, 16]]
[[17, 12], [17, 11], [16, 10], [15, 11], [15, 12], [14, 12], [14, 13], [13, 12], [12, 12], [11, 13], [12, 13], [13, 13], [12, 14], [12, 15], [11, 14], [10, 15], [9, 16], [8, 17], [7, 16], [6, 15], [5, 15], [4, 15], [3, 16], [3, 15], [3, 14], [2, 14], [1, 13], [0, 12], [0, 13], [0, 14], [1, 15], [1, 14], [0, 15], [0, 16]]
