[[9, 4], [10, 5], [10, 6], [10, 7], [11, 8], [11, 9], [10, 10], [9, 11], [9, 12], [10, 13], [10, 14]]
[[9, 4], [10, 5], [9, 6], [10, 7], [9, 8], [9, 9], [9, 10], [8, 11], [9, 12], [10, 13], [10, 14]]
[[9, 4], [9, 5], [10, 6], [10, 7], [9, 8], [9, 9], [9, 10], [8, 11], [9, 12], [10, 13], [10, 14]]
[[9, 4], [10, 5], [10, 6], [10, 7], [9, 8], [10, 9], [9, 10], [9, 11], [9, 12], [10, 13], [10, 14]]
[[9, 4], [8, 5], [8, 6], [8, 7], [9, 8], [9, 9], [9, 10], [9, 11], [9, 12], [10, 13], [10, 14]]
[[9, 4], [9, 5], [8, 6], [8, 7], [9, 8], [10, 9], [9, 10], [8, 11], [9, 12], [10, 13], [10, 14]]
[[9, 4], [10, 5], [10, 6], [10, 7], [11, 8], [11, 9], [10, 10], [9, 11], [9, 12], [10, 13], [10, 14]]
[[9, 4], [9, 5], [10, 6], [10, 7], [11, 8], [10, 9], [10, 10], [9, 11], [9, 12], [9, 13], [10, 14]]
[[9, 4], [9, 5], [9, 6], [10, 7], [11, 8], [11, 9], [10, 10], [9, 11], [9, 12], [10, 13], [10, 14]]
[[9, 4], [8, 5], [8, 6], [8, 7], [9, 8], [10, 9], [9, 10], [8, 11], [9, 12], [9, 13], [10, 14]]
[[9, 4], [8, 5], [9, 6], [9, 7], [9, 8], [9, 9], [8, 10], [8, 11], [9, 12], [9, 13], [10, 14]]
[[9, 4], [10, 5], [11, 6], [12, 7], [11, 8], [10, 9], [9, 10], [9, 11], [9, 12], [9, 13], [10, 14]]
[[9, 4], [10, 5], [11, 6], [10, 7], [9, 8], [9, 9], [9, 10], [8, 11], [9, 12], [9, 13], [10, 14]]
[[9, 4], [8, 5], [8, 6], [8, 7], [9, 8], [9, 9], [9, 10], [9, 11], [9, 12], [9, 13], [10, 14]]
[[9, 4], [9, 5], [8, 6], [9, 7], [9, 8], [9, 9], [8, 10], [8, 11], [9, 12], [10, 13], [10, 14]]
[[9, 4], [10, 5], [11, 6], [12, 7], [12, 8], [11, 8], [12, 9], [12, 10], [11, 11], [12, 12], [11, 13], [10, 14]]
[[9, 4], [9, 5], [9, 6], [8, 6], [9, 7], [9, 8], [10, 9], [9, 9], [9, 10], [9, 11], [9, 12], [10, 13], [10, 14]]
[[9, 4], [10, 5], [11, 6], [10, 7], [11, 8], [10, 9], [9, 9], [9, 10], [8, 10], [9, 11], [9, 12], [10, 13], [10, 14]]
[[9, 4], [10, 5], [11, 6], [12, 7], [13, 7], [12, 8], [11, 9], [11, 10], [12, 10], [13, 10], [12, 11], [11, 11], [11, 12], [11, 13], [11, 14], [10, 14]]
[[9, 4], [8, 3], [8, 4], [9, 3], [8, 3], [7, 3], [6, 2], [5, 1], [4, 0], [3, 0], [2, 0], [1, 0], [0, 0], [1, 1], [2, 1], [1, 2], [0, 1], [0, 2], [1, 2], [2, 3], [1, 4], [1, 5], [2, 4], [3, 4], [4, 4], [3, 3], [4, 3], [5, 4], [5, 3], [4, 4], [5, 5], [6, 5], [7, 6], [7, 5], [8, 6], [8, 7], [7, 7], [7, 8], [6, 7], [5, 6], [4, 7], [5, 7], [4, 8], [4, 9], [3, 10], [2, 11], [3, 12], [2, 12], [3, 11], [4, 12], [4, 13], [5, 14], [6, 15], [7, 14], [8, 13], [9, 12], [9, 13], [10, 14]]
