[[15, 16], [14, 17], [13, 18], [12, 19], [11, 19], [10, 18], [9, 19], [8, 19], [7, 18]]
[[15, 16], [14, 17], [13, 18], [12, 19], [11, 19], [10, 19], [9, 19], [8, 18], [7, 18]]
[[15, 16], [14, 15], [13, 16], [12, 16], [11, 17], [10, 18], [9, 17], [8, 18], [7, 18]]
[[15, 16], [14, 17], [13, 18], [12, 19], [11, 19], [10, 18], [9, 19], [8, 19], [7, 18]]
[[15, 16], [14, 17], [13, 18], [12, 18], [11, 17], [10, 18], [9, 19], [8, 19], [7, 18]]
[[15, 16], [14, 16], [13, 15], [12, 16], [11, 17], [10, 18], [9, 19], [8, 19], [7, 18]]
[[15, 16], [14, 17], [13, 18], [12, 19], [11, 19], [10, 18], [9, 19], [8, 19], [7, 18]]
[[15, 16], [14, 17], [13, 16], [12, 17], [11, 16], [10, 16], [9, 17], [8, 18], [7, 18]]
[[15, 16], [14, 15], [13, 16], [12, 17], [11, 17], [10, 17], [9, 16], [8, 17], [7, 18]]
[[15, 16], [14, 17], [13, 18], [12, 19], [11, 19], [10, 18], [9, 17], [8, 18], [7, 18]]
[[15, 16], [14, 17], [13, 16], [12, 16], [11, 17], [10, 18], [9, 17], [8, 17], [7, 18]]
[[15, 16], [14, 17], [13, 18], [12, 19], [11, 19], [10, 18], [9, 17], [8, 18], [7, 18]]
[[15, 16], [14, 17], [13, 18], [12, 19], [11, 19], [10, 18], [9, 19], [8, 19], [7, 18]]
[[15, 16], [14, 16], [13, 15], [12, 16], [11, 17], [10, 16], [9, 17], [8, 18], [7, 18]]
[[15, 16], [14, 17], [13, 18], [12, 18], [11, 19], [10, 19], [9, 19], [8, 18], [7, 18]]
[[15, 16], [14, 17], [13, 18], [12, 18], [11, 19], [10, 18], [9, 17], [8, 17], [7, 18]]
[[15, 16], [14, 16], [13, 15], [12, 16], [11, 16], [10, 16], [9, 16], [8, 17], [7, 18]]
[[15, 16], [14, 16], [14, 17], [13, 18], [12, 18], [11, 19], [10, 18], [9, 19], [10, 19], [9, 19], [8, 18], [7, 18]]
[[15, 16], [14, 17], [14, 18], [13, 18], [12, 17], [12, 16], [12, 17], [11, 17], [10, 18], [9, 17], [8, 17], [7, 18]]
[[15, 16], [16, 16], [16, 17], [15, 18], [14, 19], [13, 19], [12, 19], [13, 19], [13, 18], [14, 19], [13, 18], [12, 17], [11, 17], [11, 16], [10, 15], [9, 16], [8, 17], [7, 18]]
