[[27, 0], [26, 0], [25, 1], [24, 1], [23, 2], [22, 1], [21, 2], [20, 1], [19, 2], [18, 3], [17, 3], [16, 4], [15, 5], [14, 4], [13, 5], [12, 6], [11, 7], [10, 8]]
[[27, 0], [26, 0], [25, 1], [24, 1], [23, 2], [22, 1], [21, 1], [20, 1], [19, 2], [18, 3], [17, 4], [16, 3], [15, 3], [14, 4], [13, 5], [12, 6], [11, 7], [10, 8]]
[[27, 0], [26, 0], [25, 1], [24, 2], [23, 2], [22, 3], [21, 3], [20, 3], [19, 4], [18, 3], [17, 3], [16, 4], [15, 5], [14, 6], [13, 7], [12, 6], [11, 7], [10, 8]]
[[27, 0], [26, 0], [25, 1], [24, 1], [23, 2], [22, 1], [21, 2], [20, 3], [19, 2], [18, 2], [17, 3], [16, 3], [15, 3], [14, 4], [13, 5], [12, 6], [11, 7], [10, 8]]
[[27, 0], [26, 1], [25, 2], [24, 1], [23, 2], [22, 3], [21, 2], [20, 1], [19, 1], [18, 2], [17, 3], [16, 4], [15, 3], [14, 4], [13, 5], [12, 6], [11, 7], [10, 8]]
[[27, 0], [26, 1], [25, 1], [24, 2], [23, 2], [22, 1], [21, 2], [20, 2], [19, 1], [18, 2], [17, 3], [16, 3], [15, 4], [14, 5], [13, 6], [12, 7], [11, 8], [10, 8]]
[[27, 0], [26, 1], [25, 2], [24, 2], [23, 2], [22, 3], [21, 3], [20, 3], [19, 2], [18, 2], [17, 3], [16, 2], [15, 3], [14, 4], [13, 5], [12, 6], [11, 7], [10, 8]]
[[27, 0], [26, 0], [25, 1], [24, 1], [23, 2], [22, 1], [21, 2], [20, 1], [19, 2], [18, 3], [17, 3], [16, 4], [15, 5], [14, 4], [13, 5], [12, 6], [11, 7], [10, 8]]
[[27, 0], [26, 1], [25, 1], [24, 1], [23, 2], [22, 2], [21, 1], [20, 2], [19, 3], [18, 3], [17, 4], [16, 5], [15, 4], [14, 4], [13, 5], [12, 6], [12, 7], [11, 7], [10, 8]]
[[27, 0], [26, 1], [25, 2], [25, 1], [24, 1], [23, 2], [22, 3], [21, 2], [21, 1], [20, 0], [19, 1], [18, 2], [17, 3], [16, 4], [15, 4], [14, 4], [13, 4], [12, 5], [11, 6], [10, 7], [10, 8]]
[[27, 0], [26, 1], [26, 2], [25, 2], [24, 3], [23, 2], [22, 2], [21, 1], [20, 2], [19, 3], [20, 3], [19, 2], [18, 2], [17, 3], [16, 4], [15, 5], [15, 4], [14, 5], [13, 4], [12, 5], [12, 6], [12, 7], [11, 7], [10, 8]]
[[27, 0], [26, 1], [25, 1], [24, 1], [24, 2], [23, 2], [22, 3], [21, 3], [20, 2], [20, 3], [19, 2], [18, 1], [17, 1], [17, 2], [17, 3], [16, 4], [15, 5], [14, 6], [14, 5], [13, 5], [12, 6], [11, 7], [10, 8], [11, 8], [11, 7], [10, 8]]
[[27, 0], [26, 1], [25, 1], [25, 0], [26, 1], [25, 2], [24, 3], [23, 2], [23, 3], [22, 3], [22, 4], [21, 4], [20, 3], [19, 2], [18, 3], [17, 3], [16, 4], [15, 3], [16, 2], [15, 3], [14, 3], [13, 4], [14, 5], [13, 4], [12, 5], [11, 5], [10, 6], [9, 7], [10, 8]]
[[27, 0], [27, 1], [26, 1], [25, 0], [24, 1], [23, 2], [22, 1], [21, 2], [20, 3], [19, 4], [20, 5], [20, 6], [20, 7], [19, 7], [18, 6], [17, 5], [16, 4], [15, 3], [15, 2], [14, 2], [14, 1], [15, 0], [14, 1], [14, 2], [14, 3], [13, 2], [14, 2], [13, 3], [14, 4], [13, 5], [12, 6], [11, 6], [10, 7], [9, 8], [10, 9], [10, 8]]
[[27, 0], [26, 1], [27, 1], [26, 2], [25, 1], [25, 2], [24, 1], [24, 0], [23, 0], [22, 1], [21, 0], [20, 1], [19, 1], [18, 0], [19, 1], [18, 2], [18, 1], [17, 1], [18, 0], [19, 1], [20, 0], [20, 1], [21, 2], [20, 3], [20, 4], [19, 3], [18, 3], [17, 4], [16, 5], [16, 4], [17, 3], [16, 2], [15, 1], [14, 1], [13, 2], [12, 1], [13, 0], [12, 1], [11, 1], [10, 2], [9, 2], [9, 3], [10, 4], [11, 5], [10, 6], [9, 5], [8, 6], [9, 6], [10, 7], [10, 8]]
[[27, 0], [28, 1], [29, 1], [29, 0], [28, 0], [27, 1], [26, 0], [25, 1], [26, 2], [27, 3], [26, 3], [26, 4], [25, 4], [25, 3], [25, 2], [24, 2], [23, 2], [24, 3], [24, 4], [23, 4], [22, 4], [23, 3], [22, 2], [22, 3], [21, 3], [20, 2], [21, 1], [20, 0], [20, 1], [21, 0], [22, 1], [21, 2], [20, 3], [21, 4], [20, 5], [19, 4], [19, 3], [20, 4], [19, 5], [19, 6], [19, 7], [18, 7], [17, 7], [16, 8], [15, 8], [14, 8], [14, 7], [14, 6], [15, 7], [15, 6], [16, 5], [17, 5], [17, 4], [16, 4], [15, 5], [15, 6], [16, 5], [17, 6], [17, 7], [17, 8], [16, 8], [16, 9], [17, 9], [18, 9], [19, 8], [20, 8], [21, 8], [21, 7], [22, 6], [22, 7], [21, 6], [20, 7], [20, 6], [21, 5], [20, 4], [20, 3], [19, 3], [18, 2], [19, 2], [20, 1], [21, 1], [20, 2], [19, 1], [18, 0], [17, 1], [18, 1], [19, 0], [20, 0], [21, 0], [22, 1], [21, 2], [22, 3], [23, 2], [22, 2], [21, 3], [22, 4], [22, 5], [21, 4], [20, 5], [19, 4], [18, 3], [17, 2], [16, 3], [17, 3], [16, 2], [15, 3], [14, 3], [14, 4], [13, 4], [12, 3], [11, 2], [10, 1], [10, 2], [10, 3], [9, 4], [10, 5], [9, 6], [10, 6], [11, 7], [10, 8]]
