[[3, 0], [4, 0], [5, 1], [6, 1], [7, 1], [8, 0], [9, 1], [10, 1], [11, 1], [12, 2], [13, 1], [14, 1], [15, 2], [16, 3], [17, 4], [18, 3], [19, 3], [20, 2], [21, 3], [22, 3]]
[[3, 0], [4, 0], [5, 1], [6, 0], [7, 1], [8, 0], [9, 1], [10, 2], [11, 2], [12, 1], [13, 1], [14, 1], [15, 2], [16, 2], [17, 3], [18, 3], [19, 2], [20, 3], [21, 4], [22, 3]]
[[3, 0], [4, 0], [5, 1], [6, 0], [7, 0], [8, 0], [9, 1], [10, 2], [11, 3], [12, 2], [13, 2], [14, 3], [15, 2], [16, 3], [17, 4], [18, 3], [19, 4], [20, 3], [21, 4], [22, 3]]
[[3, 0], [4, 0], [5, 1], [6, 2], [7, 2], [8, 3], [9, 4], [10, 3], [11, 3], [12, 2], [13, 2], [14, 3], [15, 4], [16, 3], [17, 3], [18, 3], [19, 2], [20, 3], [21, 3], [22, 3]]
[[3, 0], [4, 1], [5, 2], [6, 1], [7, 1], [8, 0], [9, 1], [10, 1], [11, 1], [12, 1], [13, 2], [14, 3], [15, 2], [16, 2], [17, 1], [18, 0], [19, 1], [20, 2], [21, 3], [22, 3]]
[[3, 0], [4, 0], [5, 1], [6, 0], [7, 0], [8, 0], [9, 0], [10, 1], [11, 2], [12, 1], [13, 2], [14, 1], [15, 1], [16, 0], [17, 0], [18, 0], [19, 1], [20, 2], [21, 3], [22, 3]]
[[3, 0], [4, 0], [5, 1], [6, 1], [7, 1], [8, 0], [9, 1], [10, 1], [11, 1], [12, 2], [13, 1], [14, 1], [15, 2], [16, 3], [17, 4], [18, 3], [19, 3], [20, 2], [21, 3], [22, 3]]
[[3, 0], [4, 1], [5, 1], [6, 0], [7, 0], [8, 1], [9, 1], [10, 1], [11, 2], [12, 2], [13, 2], [14, 1], [15, 1], [16, 2], [17, 1], [18, 1], [19, 1], [20, 2], [21, 3], [22, 3]]
[[3, 0], [4, 0], [5, 1], [6, 1], [7, 2], [8, 1], [9, 1], [10, 0], [11, 1], [12, 2], [13, 3], [14, 3], [15, 2], [16, 2], [17, 1], [18, 2], [19, 2], [20, 3], [21, 3], [22, 3]]
[[3, 0], [4, 1], [5, 2], [6, 2], [7, 2], [8, 3], [9, 3], [10, 2], [11, 2], [12, 1], [13, 2], [14, 3], [15, 2], [16, 1], [17, 0], [18, 0], [19, 1], [20, 1], [21, 2], [22, 3]]
[[3, 0], [4, 1], [5, 0], [6, 1], [7, 0], [8, 1], [9, 0], [10, 1], [11, 2], [12, 2], [13, 3], [14, 3], [15, 2], [16, 3], [17, 4], [18, 5], [19, 6], [20, 5], [21, 4], [22, 3]]
[[3, 0], [4, 0], [5, 0], [6, 1], [7, 0], [8, 1], [9, 2], [10, 2], [11, 1], [12, 2], [13, 1], [14, 1], [15, 2], [16, 2], [17, 3], [18, 3], [19, 3], [20, 4], [21, 3], [21, 4], [22, 3]]
[[3, 0], [4, 0], [5, 1], [6, 2], [7, 1], [8, 1], [9, 1], [10, 1], [11, 2], [12, 2], [13, 1], [14, 1], [15, 1], [16, 2], [17, 1], [18, 2], [19, 3], [20, 4], [20, 5], [21, 4], [22, 3]]
[[3, 0], [4, 0], [5, 0], [5, 1], [6, 0], [7, 1], [8, 0], [9, 0], [10, 1], [11, 2], [12, 1], [13, 2], [14, 1], [15, 1], [16, 2], [17, 3], [18, 3], [19, 3], [20, 4], [21, 3], [21, 4], [22, 3]]
[[3, 0], [4, 1], [5, 0], [6, 0], [7, 1], [8, 0], [9, 1], [10, 2], [11, 1], [12, 2], [13, 3], [14, 3], [15, 4], [16, 3], [17, 4], [17, 3], [18, 2], [19, 1], [19, 0], [20, 1], [19, 2], [20, 3], [21, 3], [22, 3]]
[[3, 0], [4, 0], [5, 1], [6, 0], [5, 1], [6, 1], [7, 0], [8, 0], [9, 0], [10, 1], [10, 2], [11, 3], [12, 2], [12, 1], [13, 2], [14, 3], [15, 2], [16, 3], [17, 4], [17, 3], [18, 3], [18, 2], [19, 3], [20, 4], [21, 4], [22, 3]]
[[3, 0], [3, 1], [4, 0], [4, 1], [5, 1], [6, 0], [7, 0], [8, 1], [9, 1], [10, 2], [9, 1], [10, 0], [10, 1], [11, 1], [12, 0], [13, 1], [14, 1], [15, 2], [16, 3], [17, 3], [18, 2], [19, 1], [20, 2], [20, 3], [21, 2], [22, 3]]
[[3, 0], [4, 1], [5, 1], [4, 1], [5, 0], [6, 1], [7, 1], [8, 0], [9, 1], [8, 0], [9, 1], [10, 2], [11, 3], [11, 4], [11, 3], [12, 2], [13, 2], [14, 1], [15, 2], [16, 2], [15, 1], [16, 2], [17, 3], [17, 4], [18, 3], [19, 4], [20, 4], [19, 5], [20, 5], [21, 5], [20, 5], [19, 5], [20, 6], [21, 5], [21, 4], [21, 3], [21, 4], [22, 4], [23, 3], [24, 3], [25, 2], [26, 2], [27, 3], [26, 2], [27, 1], [26, 2], [25, 1], [25, 0], [24, 0], [24, 1], [23, 2], [23, 1], [22, 2], [23, 1], [24, 1], [24, 2], [23, 3], [22, 3]]
[[3, 0], [2, 1], [1, 1], [0, 2], [1, 3], [0, 3], [0, 4], [1, 4], [2, 4], [3, 4], [4, 5], [4, 4], [4, 3], [4, 2], [5, 1], [6, 2], [7, 1], [8, 0], [8, 1], [7, 2], [8, 3], [9, 4], [10, 3], [9, 3], [10, 2], [11, 2], [10, 1], [9, 1], [9, 0], [10, 0], [11, 1], [12, 0], [12, 1], [12, 2], [13, 1], [14, 1], [15, 1], [16, 0], [17, 1], [16, 1], [17, 0], [18, 0], [19, 1], [20, 2], [21, 3], [21, 2], [22, 1], [23, 0], [22, 0], [23, 1], [24, 1], [25, 0], [24, 0], [25, 1], [26, 1], [26, 2], [26, 1], [25, 2], [24, 3], [25, 3], [26, 2], [26, 3], [27, 4], [27, 3], [27, 4], [26, 3], [26, 4], [25, 5], [24, 6], [23, 5], [22, 6], [22, 7], [23, 6], [22, 6], [23, 5], [22, 5], [21, 4], [22, 3]]
[[3, 0], [4, 1], [5, 0], [4, 0], [3, 1], [2, 2], [1, 1], [0, 2], [0, 1], [0, 0], [1, 0], [2, 1], [3, 2], [3, 3], [2, 3], [1, 3], [2, 4], [3, 5], [4, 4], [4, 3], [4, 2], [5, 1], [6, 2], [7, 1], [8, 0], [8, 1], [7, 2], [8, 3], [9, 4], [10, 3], [9, 3], [10, 2], [11, 2], [10, 1], [9, 1], [9, 0], [10, 0], [11, 1], [12, 0], [12, 1], [12, 2], [13, 1], [14, 1], [15, 1], [16, 0], [17, 1], [18, 2], [18, 1], [19, 0], [20, 0], [21, 0], [22, 1], [23, 2], [23, 3], [24, 4], [24, 5], [25, 4], [26, 4], [27, 5], [27, 6], [26, 6], [25, 7], [25, 6], [24, 7], [24, 6], [23, 5], [23, 4], [24, 3], [25, 3], [26, 3], [27, 2], [28, 2], [27, 3], [27, 4], [28, 3], [29, 2], [29, 1], [28, 1], [28, 0], [27, 1], [26, 2], [25, 1], [24, 2], [24, 1], [23, 1], [22, 2], [21, 2], [20, 3], [21, 3], [22, 4], [21, 4], [22, 3]]
