[[17, 0], [16, 0], [15, 1], [14, 0], [13, 0], [12, 0], [11, 0], [10, 1], [9, 1], [8, 2], [7, 2], [6, 2], [5, 2]]
[[17, 0], [16, 0], [15, 1], [14, 0], [13, 0], [12, 1], [11, 2], [10, 3], [9, 3], [8, 3], [7, 2], [6, 2], [5, 2]]
[[17, 0], [16, 0], [15, 1], [14, 0], [13, 0], [12, 0], [11, 1], [10, 1], [9, 2], [8, 3], [7, 2], [6, 2], [5, 2]]
[[17, 0], [16, 0], [15, 1], [14, 2], [13, 2], [12, 1], [11, 2], [10, 2], [9, 2], [8, 3], [7, 2], [6, 2], [5, 2]]
[[17, 0], [16, 0], [15, 1], [14, 2], [13, 2], [12, 1], [11, 2], [10, 1], [9, 0], [8, 1], [7, 1], [6, 1], [5, 2]]
[[17, 0], [16, 0], [15, 1], [14, 2], [13, 2], [12, 2], [11, 1], [10, 2], [9, 3], [8, 3], [7, 2], [6, 3], [5, 2]]
[[17, 0], [16, 0], [15, 1], [14, 2], [13, 2], [12, 2], [11, 2], [10, 1], [9, 2], [8, 3], [7, 2], [6, 2], [5, 2]]
[[17, 0], [16, 0], [15, 1], [14, 2], [13, 2], [12, 3], [11, 3], [10, 2], [9, 3], [8, 4], [7, 4], [6, 3], [5, 2]]
[[17, 0], [16, 0], [15, 1], [14, 2], [13, 2], [12, 2], [11, 1], [10, 2], [9, 1], [8, 2], [7, 3], [6, 2], [5, 2]]
[[17, 0], [16, 0], [15, 0], [14, 0], [13, 0], [12, 1], [11, 2], [10, 3], [9, 3], [8, 4], [7, 3], [6, 3], [5, 2]]
[[17, 0], [16, 0], [15, 1], [14, 0], [13, 0], [12, 0], [11, 0], [10, 1], [9, 1], [8, 2], [7, 2], [6, 2], [5, 2]]
[[17, 0], [16, 0], [15, 1], [14, 0], [13, 0], [12, 0], [11, 0], [10, 1], [9, 1], [8, 2], [7, 2], [6, 3], [5, 2]]
[[17, 0], [16, 0], [15, 1], [14, 2], [13, 2], [12, 2], [11, 2], [10, 1], [9, 2], [8, 3], [7, 2], [6, 2], [5, 2]]
[[17, 0], [16, 0], [15, 1], [14, 2], [13, 2], [12, 2], [11, 1], [10, 2], [9, 3], [8, 3], [7, 3], [6, 3], [5, 2]]
[[17, 0], [16, 0], [15, 1], [14, 2], [13, 2], [12, 1], [11, 1], [11, 0], [10, 1], [9, 0], [8, 1], [7, 2], [6, 2], [5, 2]]
[[17, 0], [16, 0], [15, 1], [14, 2], [13, 2], [12, 2], [11, 1], [11, 0], [10, 1], [9, 1], [8, 0], [7, 1], [8, 0], [7, 1], [6, 1], [5, 2]]
[[17, 0], [16, 0], [15, 1], [14, 2], [13, 2], [12, 1], [11, 1], [10, 2], [9, 3], [9, 2], [9, 3], [8, 4], [7, 3], [6, 2], [6, 1], [5, 2]]
[[17, 0], [16, 0], [15, 0], [15, 1], [14, 0], [13, 0], [12, 0], [11, 1], [10, 2], [9, 2], [8, 1], [9, 1], [8, 0], [7, 1], [7, 2], [6, 3], [5, 2]]
[[17, 0], [16, 0], [15, 1], [14, 2], [15, 2], [16, 3], [15, 3], [16, 4], [15, 4], [15, 5], [14, 6], [15, 6], [15, 7], [14, 7], [13, 7], [13, 6], [12, 5], [13, 4], [13, 5], [12, 6], [11, 7], [10, 8], [10, 9], [10, 10], [10, 11], [11, 10], [11, 11], [12, 12], [11, 13], [11, 14], [12, 15], [13, 16], [14, 17], [14, 18], [13, 17], [12, 16], [11, 15], [10, 14], [9, 14], [10, 13], [9, 13], [8, 14], [8, 15], [7, 16], [7, 17], [7, 18], [6, 18], [5, 19], [5, 18], [4, 19], [4, 18], [4, 17], [4, 16], [3, 17], [2, 18], [1, 17], [0, 17], [0, 16], [1, 15], [0, 14], [1, 14], [2, 15], [3, 16], [3, 15], [3, 14], [4, 15], [5, 15], [5, 16], [6, 15], [6, 14], [5, 13], [4, 12], [4, 11], [3, 10], [4, 10], [5, 9], [4, 9], [4, 8], [3, 8], [4, 7], [4, 6], [4, 5], [3, 4], [3, 5], [4, 4], [5, 4], [4, 3], [3, 3], [3, 2], [4, 1], [5, 2]]
