[[10, 3], [11, 4], [12, 4], [13, 5], [14, 4], [15, 4], [16, 4], [17, 5], [18, 4], [19, 5], [20, 5]]
[[10, 3], [11, 4], [12, 5], [13, 5], [14, 5], [15, 4], [16, 4], [17, 5], [18, 6], [19, 5], [20, 5]]
[[10, 3], [11, 4], [12, 4], [13, 5], [14, 4], [15, 4], [16, 5], [17, 6], [18, 5], [19, 6], [20, 5]]
[[10, 3], [11, 2], [12, 3], [13, 2], [14, 3], [15, 3], [16, 3], [17, 2], [18, 3], [19, 4], [20, 5]]
[[10, 3], [11, 4], [12, 4], [13, 5], [14, 4], [15, 4], [16, 4], [17, 5], [18, 4], [19, 5], [20, 5]]
[[10, 3], [11, 4], [12, 4], [13, 4], [14, 5], [15, 6], [16, 5], [17, 6], [18, 7], [19, 6], [20, 5]]
[[10, 3], [11, 4], [12, 5], [13, 5], [14, 4], [15, 3], [16, 4], [17, 5], [18, 5], [19, 5], [20, 5]]
[[10, 3], [11, 4], [12, 4], [13, 5], [14, 6], [15, 5], [16, 4], [17, 3], [18, 3], [19, 4], [20, 5]]
[[10, 3], [11, 4], [12, 4], [13, 5], [14, 5], [15, 5], [16, 4], [17, 3], [18, 4], [19, 4], [20, 5]]
[[10, 3], [11, 4], [12, 4], [13, 5], [14, 6], [15, 5], [16, 4], [17, 5], [18, 6], [19, 6], [20, 5]]
[[10, 3], [11, 4], [11, 5], [12, 5], [13, 6], [14, 5], [15, 4], [16, 5], [17, 5], [18, 5], [19, 5], [20, 5]]
[[10, 3], [10, 4], [11, 4], [12, 5], [13, 5], [14, 6], [15, 7], [16, 6], [17, 6], [18, 6], [18, 5], [19, 6], [20, 5]]
[[10, 3], [10, 4], [11, 4], [12, 5], [13, 5], [13, 4], [14, 3], [15, 4], [16, 4], [16, 5], [17, 6], [18, 6], [19, 6], [20, 6], [20, 5]]
[[10, 3], [10, 4], [11, 5], [12, 4], [13, 4], [14, 3], [15, 4], [15, 5], [16, 5], [16, 6], [17, 6], [18, 7], [19, 7], [20, 6], [20, 5]]
[[10, 3], [11, 4], [12, 4], [13, 5], [14, 4], [15, 5], [15, 6], [15, 7], [16, 7], [17, 8], [17, 7], [17, 6], [18, 5], [19, 6], [20, 5]]
[[10, 3], [11, 4], [12, 4], [13, 4], [14, 3], [13, 3], [13, 2], [13, 1], [14, 1], [15, 1], [16, 1], [17, 1], [16, 2], [15, 3], [15, 4], [14, 3], [15, 4], [14, 4], [15, 4], [16, 4], [17, 3], [18, 4], [19, 5], [20, 6], [19, 5], [20, 5]]
[[10, 3], [9, 2], [10, 2], [10, 3], [10, 2], [9, 2], [8, 2], [7, 3], [7, 4], [6, 5], [7, 4], [8, 5], [7, 4], [7, 5], [8, 6], [7, 7], [6, 7], [5, 8], [5, 7], [4, 7], [3, 8], [2, 8], [3, 7], [4, 6], [3, 5], [2, 5], [3, 4], [4, 3], [5, 2], [4, 1], [5, 0], [4, 0], [5, 0], [6, 0], [6, 1], [7, 0], [8, 0], [9, 1], [8, 2], [8, 1], [9, 1], [10, 1], [11, 1], [11, 0], [11, 1], [12, 1], [13, 2], [12, 3], [13, 4], [12, 5], [11, 5], [11, 6], [10, 5], [11, 5], [10, 6], [11, 7], [11, 6], [12, 6], [13, 7], [14, 7], [13, 6], [14, 6], [13, 5], [14, 4], [13, 5], [14, 4], [13, 4], [13, 3], [13, 2], [14, 1], [15, 2], [16, 1], [17, 1], [18, 1], [17, 2], [18, 1], [19, 0], [19, 1], [20, 1], [20, 2], [20, 3], [20, 2], [21, 2], [22, 3], [21, 3], [22, 4], [21, 5], [20, 4], [19, 5], [20, 4], [19, 4], [19, 3], [18, 3], [18, 2], [17, 2], [16, 2], [17, 3], [16, 3], [16, 4], [16, 5], [16, 6], [15, 6], [16, 6], [17, 7], [18, 6], [17, 6], [18, 7], [19, 7], [20, 6], [21, 6], [21, 5], [20, 6], [19, 7], [20, 6], [19, 6], [20, 5]]
[[10, 3], [10, 4], [9, 4], [8, 5], [7, 4], [7, 3], [7, 2], [6, 2], [5, 3], [5, 4], [5, 5], [6, 6], [6, 7], [6, 6], [5, 5], [4, 5], [4, 4], [3, 4], [3, 3], [2, 2], [2, 1], [1, 2], [1, 3], [0, 3], [1, 4], [2, 3], [1, 4], [1, 5], [2, 5], [1, 5], [1, 6], [1, 7], [2, 7], [1, 8], [1, 9], [2, 9], [3, 10], [2, 10], [1, 10], [0, 11], [1, 12], [2, 13], [1, 12], [2, 11], [3, 10], [3, 11], [4, 10], [3, 10], [3, 9], [2, 8], [3, 8], [4, 7], [5, 7], [6, 7], [7, 8], [7, 7], [8, 6], [8, 5], [7, 4], [8, 3], [9, 2], [8, 1], [9, 1], [10, 1], [10, 2], [10, 1], [11, 2], [12, 2], [13, 2], [14, 1], [15, 2], [15, 1], [16, 1], [17, 2], [16, 1], [16, 2], [17, 1], [18, 1], [18, 0], [19, 0], [19, 1], [20, 2], [21, 2], [22, 2], [23, 3], [24, 2], [24, 1], [24, 2], [23, 2], [24, 3], [23, 4], [24, 5], [24, 6], [25, 6], [26, 5], [26, 6], [26, 5], [25, 6], [26, 7], [25, 8], [24, 8], [23, 9], [22, 10], [21, 11], [20, 10], [19, 10], [19, 11], [19, 10], [18, 9], [17, 8], [18, 7], [17, 7], [16, 7], [15, 7], [16, 6], [15, 7], [15, 6], [16, 6], [16, 5], [15, 5], [16, 5], [16, 6], [17, 5], [18, 6], [18, 5], [18, 4], [19, 4], [20, 5]]
