[[22, 2], [22, 3], [21, 4], [21, 5], [22, 6], [21, 7], [20, 8], [20, 9], [19, 10], [20, 11], [19, 12], [18, 13], [19, 14]]
[[22, 2], [22, 3], [23, 4], [23, 5], [22, 6], [22, 7], [22, 8], [21, 9], [20, 10], [20, 11], [19, 12], [18, 13], [19, 14]]
[[22, 2], [22, 3], [21, 4], [21, 5], [21, 6], [22, 7], [21, 8], [20, 9], [20, 10], [20, 11], [19, 12], [19, 13], [19, 14]]
[[22, 2], [22, 3], [23, 4], [23, 5], [22, 6], [21, 7], [22, 8], [21, 9], [21, 10], [20, 11], [19, 12], [18, 13], [19, 14]]
[[22, 2], [22, 3], [21, 4], [21, 5], [22, 6], [21, 7], [20, 8], [20, 9], [19, 10], [20, 11], [19, 12], [18, 13], [19, 14]]
[[22, 2], [22, 3], [23, 4], [22, 5], [21, 6], [22, 7], [21, 8], [21, 9], [21, 10], [21, 11], [21, 12], [20, 13], [19, 14]]
[[22, 2], [22, 3], [21, 4], [21, 5], [20, 6], [21, 7], [21, 8], [20, 9], [21, 10], [20, 11], [19, 12], [20, 13], [19, 14]]
[[22, 2], [22, 3], [21, 4], [21, 5], [20, 6], [19, 7], [20, 8], [21, 9], [21, 10], [21, 11], [20, 12], [20, 13], [19, 14]]
[[22, 2], [22, 3], [21, 4], [21, 5], [21, 6], [20, 7], [20, 8], [19, 9], [19, 10], [19, 11], [18, 12], [18, 13], [19, 14]]
[[22, 2], [22, 3], [21, 4], [21, 5], [20, 6], [19, 7], [20, 8], [21, 9], [22, 10], [23, 11], [22, 12], [21, 13], [20, 14], [19, 14]]
[[22, 2], [22, 3], [21, 4], [21, 5], [20, 6], [21, 7], [20, 8], [20, 9], [19, 10], [19, 11], [20, 11], [20, 12], [19, 13], [19, 14]]
[[22, 2], [22, 3], [21, 4], [21, 5], [20, 6], [19, 7], [20, 8], [20, 9], [20, 10], [20, 11], [20, 12], [21, 12], [20, 13], [19, 14]]
[[22, 2], [22, 3], [21, 4], [21, 5], [20, 6], [19, 7], [20, 8], [20, 9], [20, 10], [20, 11], [20, 12], [21, 12], [20, 13], [19, 14]]
[[22, 2], [22, 3], [21, 4], [21, 5], [22, 6], [23, 7], [22, 8], [21, 8], [21, 9], [21, 10], [20, 11], [19, 12], [19, 13], [19, 14]]
[[22, 2], [22, 3], [21, 4], [21, 5], [20, 6], [19, 7], [20, 8], [21, 9], [20, 10], [20, 11], [20, 12], [20, 13], [19, 13], [19, 14]]
[[22, 2], [22, 3], [21, 4], [21, 5], [20, 6], [21, 7], [22, 8], [21, 9], [22, 10], [21, 11], [22, 12], [22, 13], [21, 13], [21, 14], [20, 14], [19, 14]]
[[22, 2], [21, 2], [20, 3], [19, 4], [18, 5], [17, 4], [17, 5], [18, 5], [18, 6], [18, 7], [18, 8], [18, 9], [19, 10], [19, 11], [20, 11], [20, 12], [20, 13], [19, 14]]
[[22, 2], [21, 2], [21, 1], [20, 1], [20, 2], [20, 3], [20, 4], [21, 5], [21, 4], [21, 5], [21, 6], [22, 7], [23, 6], [22, 7], [21, 7], [22, 8], [23, 8], [24, 9], [24, 10], [23, 11], [24, 12], [23, 11], [22, 12], [21, 13], [20, 13], [19, 14]]
[[22, 2], [21, 2], [22, 3], [21, 4], [20, 4], [21, 5], [22, 5], [22, 6], [22, 7], [21, 8], [20, 9], [21, 10], [21, 9], [22, 10], [23, 11], [22, 12], [22, 11], [23, 12], [24, 12], [24, 13], [23, 14], [22, 15], [21, 14], [21, 13], [20, 13], [20, 14], [19, 15], [19, 14]]
[[22, 2], [21, 2], [22, 3], [21, 4], [20, 4], [21, 5], [22, 5], [22, 6], [22, 7], [21, 8], [20, 9], [21, 10], [21, 9], [22, 10], [23, 11], [22, 12], [22, 11], [23, 12], [24, 12], [24, 13], [23, 14], [22, 15], [21, 14], [21, 13], [20, 14], [19, 15], [18, 15], [18, 16], [18, 17], [17, 16], [17, 17], [18, 18], [18, 19], [17, 18], [16, 17], [16, 16], [15, 15], [16, 14], [15, 14], [16, 15], [15, 16], [15, 17], [14, 17], [15, 16], [14, 16], [13, 16], [12, 17], [13, 18], [13, 19], [12, 18], [11, 18], [12, 19], [11, 19], [10, 19], [9, 19], [9, 18], [10, 18], [9, 17], [10, 17], [9, 16], [8, 16], [9, 15], [10, 16], [11, 15], [10, 15], [10, 14], [11, 14], [10, 13], [11, 12], [11, 13], [12, 12], [12, 13], [13, 13], [14, 14], [15, 14], [16, 13], [17, 13], [18, 12], [19, 11], [20, 12], [19, 13], [20, 14], [19, 15], [19, 14]]
