[[15, 8], [16, 7], [17, 7], [18, 6], [19, 5], [20, 6], [21, 5], [22, 6], [23, 6], [24, 7], [25, 8], [26, 9], [27, 9], [28, 9]]
[[15, 8], [16, 7], [17, 6], [18, 7], [19, 8], [20, 8], [21, 7], [22, 6], [23, 7], [24, 8], [25, 9], [26, 9], [27, 9], [28, 9]]
[[15, 8], [16, 7], [17, 6], [18, 7], [19, 7], [20, 8], [21, 9], [22, 8], [23, 7], [24, 8], [25, 9], [26, 8], [27, 9], [28, 9]]
[[15, 8], [16, 7], [17, 7], [18, 7], [19, 8], [20, 7], [21, 8], [22, 7], [23, 6], [24, 7], [25, 7], [26, 7], [27, 8], [28, 9]]
[[15, 8], [16, 8], [17, 7], [18, 8], [19, 8], [20, 7], [21, 7], [22, 6], [23, 7], [24, 7], [25, 8], [26, 8], [27, 8], [28, 9]]
[[15, 8], [16, 7], [17, 6], [18, 7], [19, 6], [20, 5], [21, 6], [22, 5], [23, 6], [24, 7], [25, 7], [26, 7], [27, 8], [28, 9]]
[[15, 8], [16, 7], [17, 7], [18, 6], [19, 5], [20, 6], [21, 5], [22, 6], [23, 6], [24, 7], [25, 8], [26, 9], [27, 9], [28, 9]]
[[15, 8], [16, 8], [17, 7], [18, 8], [19, 7], [20, 7], [21, 8], [22, 7], [23, 7], [24, 7], [25, 8], [26, 8], [27, 8], [28, 9]]
[[15, 8], [16, 7], [17, 6], [18, 7], [19, 7], [20, 6], [21, 6], [22, 5], [23, 5], [24, 6], [25, 7], [26, 8], [27, 8], [28, 9]]
[[15, 8], [16, 7], [17, 7], [18, 6], [19, 7], [20, 7], [21, 8], [22, 7], [23, 7], [24, 8], [25, 9], [26, 10], [27, 9], [28, 9]]
[[15, 8], [16, 8], [17, 7], [18, 8], [19, 9], [20, 9], [21, 9], [22, 8], [23, 7], [24, 7], [25, 8], [26, 9], [27, 10], [28, 9]]
[[15, 8], [16, 7], [17, 6], [18, 6], [19, 5], [20, 5], [21, 5], [22, 5], [23, 6], [24, 6], [25, 7], [26, 8], [27, 9], [28, 10], [28, 9]]
[[15, 8], [16, 7], [17, 7], [18, 7], [19, 8], [20, 7], [21, 6], [22, 5], [23, 6], [24, 6], [25, 7], [26, 8], [27, 8], [28, 8], [28, 9], [29, 10], [28, 9]]
[[15, 8], [15, 7], [16, 7], [16, 6], [17, 6], [18, 6], [19, 5], [20, 5], [21, 6], [22, 7], [23, 6], [24, 7], [25, 7], [26, 8], [27, 9], [28, 9], [29, 9], [29, 10], [28, 9]]
[[15, 8], [16, 8], [17, 7], [18, 6], [19, 5], [20, 5], [21, 5], [22, 6], [22, 7], [22, 6], [22, 7], [23, 7], [22, 7], [23, 7], [24, 7], [25, 7], [26, 8], [27, 8], [28, 9]]
[[15, 8], [16, 8], [17, 7], [18, 7], [19, 8], [20, 7], [21, 6], [21, 5], [21, 6], [22, 6], [23, 7], [22, 8], [23, 7], [24, 8], [24, 9], [25, 8], [26, 7], [26, 8], [27, 9], [28, 9]]
[[15, 8], [15, 9], [16, 10], [17, 10], [16, 11], [16, 10], [17, 11], [18, 10], [19, 10], [20, 11], [20, 10], [21, 9], [21, 8], [21, 7], [21, 6], [22, 6], [23, 7], [24, 8], [25, 7], [26, 8], [27, 8], [27, 9], [28, 9]]
[[15, 8], [15, 7], [15, 6], [16, 5], [17, 4], [18, 5], [18, 4], [19, 5], [20, 5], [21, 5], [22, 4], [22, 5], [22, 6], [23, 6], [22, 7], [21, 8], [22, 7], [23, 7], [24, 7], [24, 8], [25, 8], [26, 7], [27, 8], [28, 8], [29, 7], [28, 7], [29, 8], [28, 9]]
[[15, 8], [14, 7], [15, 6], [14, 7], [14, 6], [15, 7], [14, 7], [15, 7], [16, 7], [16, 8], [17, 7], [18, 7], [18, 8], [18, 7], [19, 6], [18, 5], [19, 4], [19, 3], [20, 2], [21, 2], [21, 3], [22, 4], [23, 5], [24, 4], [24, 3], [24, 2], [25, 1], [25, 0], [26, 1], [27, 1], [26, 1], [26, 2], [27, 1], [28, 2], [29, 1], [29, 2], [28, 3], [27, 4], [27, 3], [28, 2], [27, 2], [26, 1], [25, 2], [24, 3], [24, 2], [23, 3], [24, 4], [25, 5], [25, 6], [25, 7], [25, 8], [26, 8], [27, 9], [28, 9], [27, 10], [26, 10], [27, 11], [26, 10], [26, 11], [27, 10], [28, 9]]
[[15, 8], [15, 7], [16, 7], [15, 6], [14, 6], [13, 7], [12, 7], [13, 7], [13, 6], [13, 5], [13, 4], [14, 3], [14, 2], [15, 3], [16, 2], [16, 1], [17, 2], [16, 3], [17, 4], [18, 5], [19, 5], [20, 5], [21, 6], [22, 6], [22, 7], [21, 8], [21, 7], [20, 6], [19, 5], [20, 6], [19, 5], [18, 5], [19, 4], [20, 4], [20, 5], [19, 5], [19, 6], [19, 7], [20, 8], [21, 7], [22, 8], [22, 9], [23, 10], [23, 11], [24, 10], [24, 11], [25, 12], [26, 12], [26, 13], [25, 14], [24, 13], [23, 14], [23, 15], [23, 16], [24, 16], [25, 17], [26, 18], [27, 17], [28, 18], [27, 19], [26, 19], [27, 18], [28, 19], [29, 19], [29, 18], [28, 17], [28, 16], [29, 15], [29, 14], [28, 14], [27, 15], [26, 15], [26, 16], [27, 16], [28, 15], [27, 14], [27, 13], [28, 12], [29, 11], [29, 10], [29, 9], [29, 8], [29, 7], [28, 8], [28, 7], [27, 8], [27, 9], [26, 9], [27, 8], [26, 8], [25, 7], [24, 8], [24, 7], [24, 6], [23, 7], [22, 6], [22, 5], [21, 6], [20, 6], [20, 7], [19, 7], [18, 7], [17, 7], [18, 8], [18, 9], [19, 8], [20, 8], [21, 9], [22, 8], [21, 8], [22, 9], [21, 10], [20, 11], [19, 12], [19, 13], [20, 12], [21, 12], [20, 13], [19, 14], [20, 15], [21, 14], [20, 14], [21, 13], [22, 12], [23, 13], [22, 14], [21, 15], [22, 16], [22, 17], [21, 18], [21, 19], [20, 18], [20, 17], [19, 16], [18, 15], [18, 14], [18, 13], [17, 14], [16, 13], [15, 12], [16, 11], [17, 12], [16, 12], [17, 11], [17, 10], [16, 10], [15, 10], [15, 11], [14, 11], [13, 11], [13, 12], [14, 12], [14, 13], [13, 14], [14, 15], [15, 14], [16, 15], [17, 15], [17, 16], [18, 17], [17, 18], [18, 18], [19, 18], [19, 17], [18, 16], [17, 17], [16, 17], [15, 16], [16, 16], [15, 15], [14, 14], [15, 13], [16, 14], [17, 13], [18, 12], [19, 11], [18, 10], [19, 9], [20, 10], [21, 11], [22, 11], [23, 12], [24, 13], [25, 13], [26, 13], [27, 13], [27, 14], [26, 14], [25, 14], [26, 15], [26, 16], [25, 15], [24, 16], [23, 16], [23, 17], [24, 17], [25, 17], [26, 18], [25, 19], [26, 19], [27, 18], [28, 18], [28, 19], [29, 18], [28, 17], [28, 16], [28, 15], [29, 15], [29, 14], [28, 13], [29, 12], [28, 11], [29, 10], [29, 9], [28, 8], [28, 9]]
