[[24, 6], [23, 7], [22, 6], [21, 5], [20, 4], [19, 4], [18, 5], [17, 5], [16, 4], [15, 3], [14, 2], [13, 1], [12, 0], [11, 0], [10, 0], [9, 0], [8, 0], [7, 1], [6, 1], [5, 1]]
[[24, 6], [23, 5], [22, 4], [21, 4], [20, 4], [19, 5], [18, 6], [17, 5], [16, 6], [15, 7], [14, 6], [13, 5], [12, 5], [11, 4], [10, 3], [9, 3], [8, 2], [7, 2], [6, 1], [5, 1]]
[[24, 6], [23, 5], [22, 4], [21, 4], [20, 3], [19, 2], [18, 3], [17, 4], [16, 3], [15, 3], [14, 2], [13, 2], [12, 2], [11, 1], [10, 0], [9, 0], [8, 1], [7, 2], [6, 1], [5, 1]]
[[24, 6], [23, 6], [22, 5], [21, 6], [20, 6], [19, 5], [18, 4], [17, 4], [16, 4], [15, 5], [14, 6], [13, 6], [12, 6], [11, 5], [10, 5], [9, 4], [8, 3], [7, 2], [6, 2], [5, 1]]
[[24, 6], [23, 7], [22, 6], [21, 5], [20, 4], [19, 4], [18, 5], [17, 5], [16, 4], [15, 3], [14, 2], [13, 1], [12, 0], [11, 0], [10, 0], [9, 0], [8, 0], [7, 1], [6, 1], [5, 1]]
[[24, 6], [23, 6], [22, 5], [21, 5], [20, 4], [19, 3], [18, 3], [17, 3], [16, 4], [15, 5], [14, 6], [13, 6], [12, 5], [11, 6], [10, 5], [9, 4], [8, 3], [7, 2], [6, 1], [5, 1]]
[[24, 6], [23, 5], [22, 6], [21, 5], [20, 6], [19, 5], [18, 4], [17, 3], [16, 4], [15, 5], [14, 4], [13, 3], [12, 3], [11, 4], [10, 4], [9, 3], [8, 2], [7, 1], [6, 2], [5, 1]]
[[24, 6], [23, 5], [22, 5], [21, 4], [20, 3], [19, 2], [18, 3], [17, 4], [16, 3], [15, 3], [14, 4], [13, 4], [12, 4], [11, 3], [10, 4], [9, 3], [8, 3], [7, 2], [6, 2], [5, 1]]
[[24, 6], [23, 6], [22, 5], [21, 4], [20, 4], [19, 4], [18, 3], [17, 2], [16, 3], [15, 3], [14, 3], [13, 3], [12, 3], [11, 2], [10, 2], [9, 3], [8, 4], [7, 3], [6, 2], [5, 1]]
[[24, 6], [23, 5], [22, 5], [21, 4], [20, 3], [19, 2], [18, 3], [17, 2], [16, 2], [15, 3], [14, 2], [13, 2], [12, 2], [11, 1], [10, 0], [9, 0], [8, 0], [7, 1], [7, 0], [6, 1], [5, 1]]
[[24, 6], [23, 6], [22, 5], [21, 4], [20, 4], [19, 4], [18, 4], [17, 5], [16, 4], [15, 5], [14, 6], [13, 5], [12, 4], [12, 3], [11, 3], [10, 2], [9, 1], [8, 1], [7, 2], [7, 1], [6, 0], [5, 1]]
[[24, 6], [23, 5], [22, 5], [21, 5], [20, 5], [19, 5], [18, 5], [17, 5], [16, 4], [15, 5], [14, 4], [13, 3], [12, 3], [11, 4], [10, 3], [10, 2], [9, 1], [8, 1], [8, 2], [7, 1], [6, 0], [5, 1]]
[[24, 6], [24, 5], [23, 5], [22, 4], [21, 4], [20, 4], [19, 3], [18, 4], [17, 3], [16, 2], [15, 3], [14, 2], [13, 3], [12, 2], [11, 3], [10, 4], [10, 3], [9, 4], [8, 3], [7, 2], [6, 1], [6, 2], [5, 1]]
[[24, 6], [23, 6], [22, 5], [21, 4], [22, 5], [22, 6], [21, 5], [20, 4], [19, 3], [18, 3], [17, 4], [16, 3], [15, 4], [14, 3], [13, 3], [12, 2], [11, 3], [10, 3], [9, 3], [9, 4], [8, 3], [7, 2], [6, 1], [5, 1]]
[[24, 6], [23, 5], [22, 4], [21, 4], [20, 3], [19, 3], [18, 3], [17, 4], [17, 5], [16, 4], [17, 4], [16, 3], [15, 4], [14, 3], [13, 2], [12, 1], [11, 1], [10, 0], [9, 1], [8, 0], [7, 0], [6, 1], [6, 0], [5, 1]]
[[24, 6], [23, 5], [22, 4], [21, 4], [20, 3], [19, 4], [19, 5], [18, 4], [17, 5], [18, 6], [17, 5], [16, 4], [15, 3], [16, 2], [16, 1], [15, 1], [14, 2], [13, 1], [12, 1], [11, 1], [10, 2], [9, 3], [8, 2], [7, 1], [6, 1], [5, 1]]
[[24, 6], [23, 6], [22, 5], [21, 5], [22, 4], [21, 4], [22, 3], [21, 4], [20, 3], [19, 2], [19, 1], [18, 1], [17, 0], [16, 1], [16, 2], [15, 1], [14, 0], [15, 1], [14, 2], [13, 1], [14, 0], [13, 1], [12, 2], [11, 1], [10, 1], [9, 1], [9, 0], [8, 0], [7, 1], [8, 2], [7, 3], [6, 2], [5, 1]]
[[24, 6], [25, 6], [26, 5], [26, 4], [25, 3], [26, 2], [25, 3], [26, 4], [26, 3], [27, 2], [28, 2], [27, 3], [28, 2], [27, 1], [27, 2], [26, 2], [26, 3], [25, 2], [24, 1], [23, 1], [23, 2], [22, 1], [21, 0], [21, 1], [20, 0], [20, 1], [19, 1], [19, 2], [18, 3], [19, 4], [18, 5], [19, 5], [18, 5], [17, 6], [16, 5], [15, 6], [14, 7], [13, 6], [12, 7], [12, 6], [11, 5], [10, 5], [11, 4], [11, 5], [10, 4], [9, 3], [8, 2], [7, 3], [6, 2], [5, 2], [4, 1], [5, 0], [6, 0], [5, 1]]
[[24, 6], [25, 7], [26, 7], [27, 7], [28, 7], [28, 6], [27, 6], [27, 5], [26, 4], [25, 5], [26, 5], [25, 6], [24, 7], [23, 8], [24, 9], [25, 10], [24, 10], [24, 9], [23, 9], [23, 8], [22, 8], [21, 8], [20, 7], [20, 8], [20, 9], [19, 10], [18, 9], [18, 10], [18, 11], [17, 10], [16, 10], [17, 9], [16, 8], [15, 7], [15, 8], [16, 7], [17, 6], [17, 5], [17, 4], [16, 5], [16, 4], [17, 3], [18, 2], [17, 2], [16, 1], [16, 0], [15, 1], [14, 2], [15, 3], [14, 3], [13, 3], [12, 3], [12, 4], [11, 5], [11, 4], [10, 5], [9, 4], [8, 3], [7, 2], [6, 1], [7, 0], [8, 0], [7, 0], [7, 1], [6, 1], [6, 0], [5, 1]]
[[24, 6], [25, 7], [26, 7], [27, 7], [28, 7], [28, 6], [27, 6], [27, 5], [26, 4], [25, 5], [26, 5], [25, 6], [24, 7], [23, 8], [24, 9], [25, 10], [26, 10], [27, 10], [26, 11], [25, 12], [26, 13], [27, 14], [28, 13], [28, 14], [27, 15], [28, 16], [27, 16], [28, 17], [28, 18], [29, 17], [29, 16], [29, 15], [29, 14], [29, 13], [29, 12], [28, 11], [29, 11], [28, 12], [27, 13], [26, 14], [25, 14], [24, 14], [24, 13], [23, 13], [22, 14], [21, 14], [21, 15], [20, 14], [20, 15], [20, 16], [19, 16], [19, 17], [19, 18], [18, 19], [17, 19], [16, 19], [15, 19], [14, 18], [14, 17], [15, 18], [15, 17], [16, 16], [17, 16], [17, 15], [16, 14], [17, 14], [16, 15], [15, 15], [15, 14], [14, 15], [15, 16], [14, 16], [13, 17], [13, 16], [12, 17], [11, 16], [12, 15], [11, 14], [10, 14], [9, 14], [8, 13], [9, 13], [8, 12], [7, 12], [7, 11], [8, 10], [9, 9], [9, 8], [8, 8], [7, 9], [6, 9], [5, 10], [5, 9], [4, 10], [3, 10], [3, 11], [2, 12], [3, 12], [2, 13], [1, 12], [1, 13], [0, 13], [0, 14], [0, 15], [0, 16], [0, 17], [1, 16], [1, 15], [2, 16], [3, 17], [4, 16], [4, 17], [3, 18], [4, 19], [5, 18], [5, 17], [5, 16], [4, 15], [3, 15], [4, 14], [5, 14], [4, 13], [3, 13], [4, 12], [5, 11], [6, 12], [7, 11], [8, 10], [9, 10], [10, 9], [9, 9], [8, 8], [9, 7], [9, 6], [8, 5], [8, 4], [7, 3], [8, 3], [8, 4], [8, 3], [8, 2], [9, 1], [10, 2], [11, 1], [12, 0], [13, 0], [12, 0], [11, 0], [10, 1], [9, 0], [9, 1], [8, 2], [8, 1], [7, 2], [7, 1], [6, 1], [5, 1], [5, 2], [5, 1]]
