[[23, 4], [22, 3], [21, 2], [20, 1], [19, 0], [18, 0], [17, 0]]
[[23, 4], [22, 3], [21, 2], [20, 1], [19, 1], [18, 0], [17, 0]]
[[23, 4], [22, 4], [21, 3], [20, 2], [19, 1], [18, 0], [17, 0]]
[[23, 4], [22, 3], [21, 3], [20, 2], [19, 1], [18, 0], [17, 0]]
[[23, 4], [22, 3], [21, 2], [20, 1], [19, 0], [18, 0], [17, 0]]
[[23, 4], [22, 3], [21, 3], [20, 2], [19, 1], [18, 0], [17, 0]]
[[23, 4], [22, 3], [21, 2], [20, 2], [19, 1], [18, 0], [17, 0]]
[[23, 4], [22, 3], [21, 3], [20, 2], [19, 1], [18, 0], [17, 0]]
[[23, 4], [22, 3], [21, 2], [20, 1], [19, 0], [18, 0], [17, 0]]
[[23, 4], [22, 3], [21, 2], [20, 1], [19, 0], [18, 0], [17, 0]]
[[23, 4], [22, 3], [21, 2], [20, 2], [19, 1], [18, 0], [17, 0]]
[[23, 4], [22, 3], [21, 3], [20, 2], [19, 1], [18, 0], [17, 0]]
[[23, 4], [22, 3], [21, 3], [20, 2], [19, 1], [18, 0], [17, 0]]
[[23, 4], [22, 3], [21, 2], [20, 1], [19, 0], [19, 1], [18, 0], [17, 0]]
[[23, 4], [22, 4], [21, 3], [20, 3], [20, 2], [19, 1], [18, 0], [17, 0]]
[[23, 4], [22, 4], [21, 3], [21, 2], [20, 1], [19, 1], [18, 0], [17, 0]]
[[23, 4], [22, 4], [21, 3], [20, 2], [19, 2], [19, 1], [18, 0], [17, 0]]
[[23, 4], [22, 5], [22, 6], [21, 7], [22, 7], [23, 8], [24, 8], [25, 9], [26, 9], [25, 10], [25, 11], [26, 12], [25, 11], [25, 10], [26, 9], [27, 10], [28, 9], [28, 10], [29, 9], [28, 9], [27, 8], [26, 7], [27, 7], [27, 6], [28, 5], [29, 4], [28, 4], [27, 3], [27, 2], [27, 1], [26, 2], [26, 3], [25, 3], [26, 4], [27, 5], [28, 4], [29, 4], [29, 3], [28, 2], [28, 1], [27, 1], [28, 1], [27, 0], [27, 1], [27, 2], [26, 1], [25, 2], [24, 3], [25, 3], [24, 2], [23, 1], [23, 2], [22, 1], [21, 0], [21, 1], [22, 1], [21, 0], [20, 1], [20, 2], [21, 2], [20, 2], [19, 2], [19, 1], [20, 0], [20, 1], [20, 2], [21, 3], [21, 2], [20, 3], [20, 4], [21, 5], [20, 6], [19, 7], [18, 6], [19, 5], [19, 6], [18, 5], [17, 6], [17, 5], [17, 4], [17, 3], [16, 3], [16, 4], [15, 3], [14, 3], [13, 4], [14, 5], [15, 5], [14, 4], [13, 3], [13, 2], [12, 3], [11, 2], [10, 3], [10, 2], [11, 3], [12, 2], [11, 1], [12, 0], [12, 1], [13, 0], [14, 1], [15, 0], [16, 1], [17, 1], [17, 0]]
[[23, 4], [22, 5], [22, 6], [22, 7], [23, 8], [22, 9], [22, 10], [21, 10], [21, 9], [20, 9], [20, 8], [21, 8], [22, 8], [21, 7], [21, 6], [20, 7], [19, 7], [19, 6], [18, 7], [17, 8], [16, 8], [17, 7], [16, 7], [15, 8], [14, 7], [15, 6], [14, 6], [14, 5], [13, 4], [13, 3], [13, 2], [14, 2], [14, 1], [15, 2], [15, 3], [14, 3], [14, 4], [13, 5], [12, 6], [11, 5], [11, 6], [10, 6], [9, 6], [10, 7], [11, 8], [11, 9], [12, 8], [12, 9], [12, 10], [13, 11], [12, 11], [12, 12], [11, 11], [11, 12], [12, 13], [13, 14], [12, 14], [13, 13], [14, 13], [15, 13], [15, 14], [14, 15], [14, 16], [15, 15], [15, 16], [16, 16], [15, 17], [14, 18], [13, 19], [12, 18], [12, 17], [11, 16], [10, 15], [10, 14], [9, 13], [8, 12], [8, 11], [7, 12], [7, 13], [7, 14], [8, 14], [8, 13], [9, 12], [9, 11], [9, 10], [8, 9], [8, 8], [9, 7], [10, 8], [9, 8], [8, 7], [8, 6], [7, 5], [6, 4], [5, 4], [6, 3], [5, 2], [5, 3], [6, 2], [6, 1], [7, 2], [7, 1], [6, 0], [7, 0], [8, 1], [8, 0], [9, 0], [10, 0], [10, 1], [9, 1], [10, 2], [11, 3], [12, 2], [12, 1], [11, 1], [12, 0], [13, 0], [14, 0], [15, 0], [16, 1], [16, 2], [17, 1], [18, 0], [17, 0]]
