[[22, 5], [21, 6], [20, 6], [19, 6], [18, 5], [17, 6], [16, 7], [15, 7]]
[[22, 5], [21, 6], [20, 7], [19, 7], [18, 7], [17, 6], [16, 7], [15, 7]]
[[22, 5], [21, 5], [20, 6], [19, 7], [18, 7], [17, 6], [16, 6], [15, 7]]
[[22, 5], [21, 6], [20, 6], [19, 7], [18, 7], [17, 8], [16, 8], [15, 7]]
[[22, 5], [21, 6], [20, 6], [19, 6], [18, 5], [17, 6], [16, 7], [15, 7]]
[[22, 5], [21, 5], [20, 6], [19, 7], [18, 7], [17, 8], [16, 8], [15, 7]]
[[22, 5], [21, 6], [20, 6], [19, 6], [18, 7], [17, 7], [16, 8], [15, 7]]
[[22, 5], [21, 5], [20, 5], [19, 6], [18, 7], [17, 6], [16, 7], [15, 7]]
[[22, 5], [21, 5], [20, 5], [19, 6], [18, 7], [17, 7], [16, 8], [15, 7]]
[[22, 5], [21, 5], [20, 5], [19, 6], [18, 7], [17, 8], [16, 7], [15, 7]]
[[22, 5], [21, 6], [20, 7], [19, 7], [18, 8], [17, 8], [16, 7], [15, 7]]
[[22, 5], [21, 5], [20, 6], [19, 7], [18, 7], [17, 8], [16, 7], [15, 7]]
[[22, 5], [21, 6], [20, 6], [19, 7], [18, 8], [17, 7], [16, 7], [15, 7]]
[[22, 5], [21, 6], [20, 7], [19, 6], [18, 7], [17, 7], [16, 8], [15, 7]]
[[22, 5], [21, 6], [20, 5], [19, 6], [18, 7], [17, 8], [16, 7], [15, 7]]
[[22, 5], [21, 6], [20, 7], [19, 7], [18, 8], [17, 7], [16, 8], [15, 7]]
[[22, 5], [21, 5], [21, 4], [20, 3], [19, 3], [18, 3], [17, 4], [16, 5], [16, 6], [17, 6], [16, 7], [15, 8], [15, 7]]
[[22, 5], [21, 4], [20, 3], [21, 3], [21, 2], [20, 1], [20, 2], [21, 1], [22, 0], [23, 1], [23, 2], [24, 2], [25, 2], [26, 1], [25, 1], [26, 0], [25, 0], [24, 1], [24, 0], [23, 0], [22, 1], [21, 0], [20, 0], [19, 1], [18, 2], [18, 3], [18, 4], [17, 4], [16, 3], [16, 4], [17, 3], [16, 2], [15, 3], [14, 2], [14, 1], [15, 2], [14, 3], [14, 4], [13, 5], [14, 6], [13, 6], [14, 7], [13, 8], [14, 8], [15, 7]]
