[[29, 0], [28, 0], [27, 1], [26, 2], [25, 3], [24, 3], [23, 2], [22, 3], [21, 4], [20, 5], [19, 6], [18, 7], [17, 8], [16, 9], [15, 10], [14, 10], [13, 11], [12, 11], [11, 10], [10, 11], [9, 12], [8, 13], [7, 14], [6, 14], [5, 15], [4, 16], [3, 17], [2, 18]]
[[29, 0], [28, 1], [27, 1], [26, 2], [25, 3], [24, 4], [23, 4], [22, 3], [21, 4], [20, 5], [19, 6], [18, 7], [17, 8], [16, 9], [15, 8], [14, 9], [13, 10], [12, 11], [11, 12], [10, 11], [9, 11], [8, 12], [7, 13], [6, 14], [5, 15], [4, 16], [3, 17], [2, 18]]
[[29, 0], [28, 1], [27, 1], [26, 2], [25, 2], [24, 3], [23, 3], [22, 4], [21, 4], [20, 5], [19, 6], [18, 7], [17, 8], [16, 9], [15, 9], [14, 10], [13, 11], [12, 12], [11, 13], [10, 13], [9, 13], [8, 14], [7, 15], [6, 14], [5, 15], [4, 16], [3, 17], [2, 18]]
[[29, 0], [28, 0], [27, 1], [26, 2], [25, 3], [24, 3], [23, 2], [22, 3], [21, 4], [20, 5], [19, 6], [18, 7], [17, 8], [16, 9], [15, 10], [14, 10], [13, 11], [12, 11], [11, 10], [10, 11], [9, 12], [8, 13], [7, 14], [6, 14], [5, 15], [4, 16], [3, 17], [2, 18]]
[[29, 0], [28, 1], [27, 1], [26, 2], [25, 3], [24, 4], [23, 3], [22, 4], [21, 4], [20, 5], [19, 6], [18, 7], [17, 8], [16, 9], [15, 10], [14, 11], [13, 12], [12, 11], [11, 12], [10, 12], [9, 12], [8, 13], [7, 14], [6, 14], [5, 15], [4, 16], [3, 17], [2, 18]]
[[29, 0], [28, 0], [27, 1], [26, 2], [25, 3], [24, 3], [23, 4], [22, 5], [21, 6], [20, 6], [19, 7], [18, 8], [17, 9], [16, 10], [15, 10], [14, 11], [13, 12], [12, 12], [11, 12], [10, 12], [9, 13], [8, 14], [7, 13], [6, 14], [5, 15], [4, 16], [3, 17], [2, 18]]
[[29, 0], [28, 1], [27, 0], [26, 0], [25, 0], [24, 1], [23, 2], [22, 3], [21, 4], [20, 5], [19, 6], [18, 7], [17, 8], [16, 9], [15, 10], [14, 11], [13, 11], [12, 12], [11, 11], [10, 11], [9, 11], [8, 12], [7, 13], [6, 14], [5, 15], [4, 16], [3, 17], [2, 18]]
[[29, 0], [28, 0], [27, 1], [26, 2], [25, 3], [24, 3], [23, 2], [22, 3], [21, 4], [20, 5], [19, 6], [18, 7], [17, 8], [16, 9], [15, 10], [14, 11], [13, 11], [12, 10], [11, 10], [10, 11], [9, 11], [8, 12], [7, 13], [6, 14], [5, 15], [4, 16], [3, 17], [2, 18]]
[[29, 0], [28, 1], [27, 1], [26, 2], [25, 2], [24, 3], [23, 2], [22, 3], [21, 4], [20, 5], [19, 6], [18, 7], [17, 8], [16, 9], [15, 10], [14, 11], [13, 12], [12, 13], [11, 13], [10, 13], [9, 14], [8, 13], [7, 14], [6, 14], [5, 15], [4, 16], [3, 17], [2, 18]]
[[29, 0], [28, 1], [27, 0], [26, 1], [25, 1], [24, 2], [23, 3], [22, 4], [21, 4], [20, 5], [19, 6], [18, 7], [17, 8], [16, 9], [15, 10], [14, 11], [13, 12], [12, 11], [11, 11], [10, 10], [9, 11], [8, 12], [7, 13], [6, 14], [5, 15], [4, 16], [3, 17], [2, 18]]
[[29, 0], [28, 1], [27, 0], [26, 1], [25, 2], [24, 1], [23, 2], [22, 3], [21, 4], [20, 5], [19, 6], [18, 7], [17, 8], [16, 9], [15, 10], [14, 10], [13, 11], [12, 12], [11, 13], [10, 14], [9, 14], [8, 14], [7, 15], [6, 14], [5, 15], [4, 16], [3, 17], [2, 18]]
[[29, 0], [28, 1], [27, 1], [26, 2], [25, 3], [24, 3], [23, 4], [22, 5], [21, 4], [20, 5], [19, 6], [18, 7], [17, 8], [16, 8], [15, 9], [14, 10], [13, 9], [12, 10], [11, 11], [10, 12], [9, 13], [8, 13], [7, 13], [6, 14], [5, 15], [4, 16], [3, 17], [2, 18]]
[[29, 0], [28, 0], [27, 0], [26, 1], [25, 1], [24, 2], [23, 3], [22, 4], [21, 4], [20, 5], [19, 6], [18, 7], [17, 8], [16, 9], [15, 10], [14, 11], [13, 11], [12, 12], [11, 12], [10, 11], [9, 12], [8, 12], [7, 13], [6, 14], [5, 15], [4, 16], [3, 17], [2, 18]]
[[29, 0], [28, 0], [27, 1], [26, 2], [25, 3], [24, 4], [23, 4], [22, 3], [21, 4], [20, 5], [19, 6], [18, 7], [17, 8], [16, 9], [15, 8], [14, 9], [13, 10], [12, 11], [11, 12], [10, 11], [9, 11], [8, 12], [7, 13], [6, 14], [5, 15], [4, 16], [3, 17], [2, 18]]
[[29, 0], [28, 1], [27, 1], [26, 2], [25, 3], [24, 3], [23, 4], [22, 5], [21, 6], [20, 6], [20, 7], [19, 7], [18, 8], [17, 8], [16, 9], [15, 10], [14, 10], [13, 10], [12, 11], [11, 11], [10, 12], [9, 12], [8, 11], [7, 11], [6, 12], [5, 13], [4, 14], [3, 15], [2, 16], [2, 17], [2, 18]]
[[29, 0], [28, 1], [27, 1], [26, 2], [25, 3], [24, 4], [24, 5], [23, 6], [22, 5], [21, 6], [20, 6], [19, 6], [18, 7], [17, 8], [16, 9], [15, 10], [15, 11], [14, 12], [13, 13], [12, 13], [11, 12], [10, 11], [9, 12], [8, 11], [7, 12], [6, 13], [5, 14], [4, 15], [4, 16], [3, 17], [2, 18]]
[[29, 0], [28, 1], [27, 1], [26, 2], [25, 3], [24, 3], [23, 4], [22, 5], [21, 4], [20, 5], [19, 6], [18, 7], [17, 8], [16, 9], [15, 8], [14, 9], [14, 10], [13, 10], [12, 11], [11, 10], [11, 11], [10, 12], [9, 13], [8, 13], [7, 13], [6, 14], [5, 13], [4, 14], [3, 15], [2, 16], [1, 17], [2, 18]]
[[29, 0], [28, 0], [27, 0], [26, 1], [25, 2], [24, 3], [23, 2], [22, 3], [21, 4], [20, 5], [19, 6], [18, 6], [18, 7], [17, 8], [16, 9], [15, 10], [14, 10], [13, 11], [13, 12], [12, 12], [11, 12], [10, 11], [10, 10], [9, 11], [8, 12], [7, 13], [7, 14], [6, 14], [5, 15], [4, 16], [3, 17], [2, 18]]
[[29, 0], [28, 0], [27, 1], [26, 2], [25, 3], [24, 3], [23, 4], [22, 5], [21, 6], [20, 7], [20, 6], [19, 7], [18, 7], [17, 8], [16, 9], [15, 10], [14, 10], [13, 10], [12, 10], [11, 11], [10, 12], [9, 12], [8, 13], [7, 13], [6, 12], [6, 13], [5, 14], [4, 15], [4, 16], [3, 16], [2, 17], [2, 18]]
[[29, 0], [28, 0], [27, 0], [27, 1], [26, 2], [26, 3], [25, 4], [24, 3], [23, 4], [22, 5], [21, 6], [20, 6], [19, 5], [18, 6], [18, 7], [17, 8], [16, 9], [15, 10], [14, 11], [13, 10], [12, 10], [11, 11], [10, 11], [9, 10], [8, 11], [7, 11], [6, 12], [5, 13], [4, 14], [3, 14], [2, 15], [2, 16], [2, 17], [2, 18]]
