[[7, 10], [7, 11], [8, 12], [8, 13], [7, 14], [7, 15], [7, 16], [6, 17], [6, 18], [5, 19]]
[[7, 10], [7, 11], [7, 12], [7, 13], [6, 14], [7, 15], [6, 16], [5, 17], [4, 18], [5, 19]]
[[7, 10], [6, 11], [6, 12], [7, 13], [7, 14], [7, 15], [7, 16], [7, 17], [6, 18], [5, 19]]
[[7, 10], [7, 11], [8, 12], [8, 13], [7, 14], [7, 15], [7, 16], [6, 17], [6, 18], [5, 19]]
[[7, 10], [7, 11], [8, 12], [8, 13], [7, 14], [6, 15], [6, 16], [5, 17], [4, 18], [5, 19]]
[[7, 10], [7, 11], [8, 12], [8, 13], [7, 14], [7, 15], [7, 16], [6, 17], [6, 18], [5, 19]]
[[7, 10], [8, 11], [8, 12], [8, 13], [7, 14], [7, 15], [6, 16], [6, 17], [6, 18], [5, 19]]
[[7, 10], [6, 11], [7, 12], [8, 13], [7, 14], [6, 15], [6, 16], [6, 17], [6, 18], [5, 19]]
[[7, 10], [6, 10], [5, 11], [6, 12], [7, 13], [6, 14], [6, 15], [7, 16], [7, 17], [6, 18], [5, 19]]
[[7, 10], [7, 11], [6, 11], [6, 12], [7, 13], [6, 14], [6, 15], [5, 16], [4, 17], [4, 18], [5, 19]]
[[7, 10], [6, 11], [6, 12], [7, 12], [7, 13], [8, 13], [7, 14], [7, 15], [7, 16], [6, 17], [6, 18], [5, 19]]
[[7, 10], [6, 11], [6, 12], [7, 12], [7, 13], [8, 13], [7, 14], [7, 15], [8, 15], [7, 16], [6, 17], [5, 17], [6, 18], [5, 19]]
[[7, 10], [6, 10], [7, 11], [6, 12], [6, 11], [5, 12], [4, 11], [5, 11], [4, 12], [3, 12], [3, 13], [4, 14], [5, 15], [5, 16], [6, 15], [5, 14], [4, 15], [4, 16], [3, 17], [2, 18], [2, 17], [3, 18], [4, 18], [5, 19]]
[[7, 10], [7, 9], [8, 9], [9, 9], [9, 8], [8, 8], [9, 7], [9, 6], [10, 6], [11, 7], [11, 6], [12, 6], [13, 6], [13, 5], [12, 5], [11, 5], [11, 4], [12, 3], [11, 2], [11, 3], [10, 2], [10, 1], [10, 0], [9, 1], [8, 0], [7, 1], [8, 2], [9, 3], [9, 4], [8, 5], [7, 4], [8, 4], [9, 5], [8, 6], [7, 6], [6, 5], [5, 4], [4, 3], [3, 3], [3, 4], [2, 5], [1, 6], [0, 6], [0, 7], [1, 7], [0, 8], [0, 9], [1, 9], [0, 10], [1, 10], [2, 10], [3, 11], [2, 11], [3, 10], [4, 10], [4, 11], [5, 12], [5, 11], [4, 12], [3, 12], [4, 13], [3, 13], [2, 12], [1, 12], [0, 11], [0, 12], [0, 13], [1, 14], [0, 14], [1, 15], [2, 15], [1, 16], [0, 16], [1, 17], [1, 18], [2, 19], [2, 18], [3, 19], [3, 18], [3, 17], [2, 16], [3, 16], [4, 15], [4, 16], [3, 17], [2, 17], [2, 16], [1, 16], [2, 15], [3, 16], [4, 17], [3, 18], [3, 19], [4, 18], [5, 17], [6, 18], [5, 19]]
