[[11, 9], [12, 8], [12, 7], [11, 6], [12, 5], [11, 4], [12, 3], [12, 2], [11, 1], [12, 0]]
[[11, 9], [12, 8], [13, 7], [13, 6], [12, 5], [12, 4], [12, 3], [11, 2], [12, 1], [12, 0]]
[[11, 9], [10, 8], [10, 7], [9, 6], [10, 5], [11, 4], [11, 3], [12, 2], [11, 1], [12, 0]]
[[11, 9], [11, 8], [11, 7], [12, 6], [12, 5], [13, 4], [12, 3], [13, 2], [13, 1], [12, 0]]
[[11, 9], [11, 8], [11, 7], [12, 6], [12, 5], [12, 4], [11, 3], [12, 2], [11, 1], [12, 0]]
[[11, 9], [10, 8], [10, 7], [11, 6], [12, 5], [13, 4], [12, 3], [12, 2], [13, 1], [12, 0]]
[[11, 9], [12, 8], [12, 7], [13, 6], [14, 5], [14, 4], [13, 3], [12, 2], [12, 1], [12, 0]]
[[11, 9], [11, 8], [10, 7], [11, 6], [10, 5], [11, 4], [12, 3], [11, 2], [11, 1], [12, 0]]
[[11, 9], [11, 8], [12, 7], [13, 6], [12, 5], [11, 4], [12, 3], [12, 2], [11, 1], [12, 0]]
[[11, 9], [10, 8], [11, 7], [11, 6], [10, 5], [9, 4], [10, 3], [11, 2], [12, 1], [12, 0]]
[[11, 9], [12, 8], [12, 7], [11, 6], [12, 5], [11, 4], [12, 3], [12, 2], [11, 1], [12, 0]]
[[11, 9], [10, 8], [10, 7], [10, 6], [10, 5], [9, 4], [10, 3], [11, 2], [10, 2], [11, 1], [12, 0]]
[[11, 9], [10, 8], [10, 7], [11, 6], [10, 5], [11, 4], [10, 3], [10, 2], [11, 1], [12, 1], [12, 0]]
[[11, 9], [10, 8], [10, 7], [10, 6], [9, 6], [8, 6], [7, 5], [8, 4], [8, 5], [9, 4], [8, 3], [9, 2], [10, 3], [11, 3], [11, 2], [12, 2], [12, 3], [13, 4], [14, 5], [15, 4], [16, 3], [17, 2], [17, 3], [17, 4], [16, 4], [15, 3], [14, 3], [13, 2], [14, 1], [15, 0], [16, 1], [15, 1], [14, 0], [13, 0], [12, 0]]
[[11, 9], [12, 10], [13, 11], [12, 12], [13, 13], [14, 13], [14, 12], [15, 11], [16, 11], [17, 11], [16, 10], [17, 9], [16, 9], [17, 8], [18, 7], [17, 6], [16, 6], [15, 5], [16, 4], [16, 5], [17, 5], [17, 4], [17, 3], [18, 2], [19, 3], [20, 3], [21, 2], [22, 2], [23, 2], [23, 1], [24, 1], [23, 0], [22, 0], [22, 1], [21, 0], [20, 1], [20, 2], [21, 3], [21, 4], [22, 4], [23, 3], [23, 4], [24, 4], [24, 3], [24, 2], [25, 1], [26, 1], [25, 0], [26, 0], [27, 0], [28, 1], [27, 2], [28, 2], [29, 2], [29, 3], [29, 4], [28, 5], [27, 5], [27, 4], [28, 4], [28, 3], [27, 3], [26, 4], [25, 5], [25, 6], [24, 6], [25, 7], [25, 8], [24, 9], [24, 10], [23, 9], [22, 9], [21, 9], [20, 8], [19, 9], [19, 10], [18, 9], [17, 10], [18, 10], [19, 11], [20, 12], [21, 11], [20, 11], [21, 10], [20, 10], [20, 9], [21, 8], [22, 7], [23, 7], [23, 6], [23, 5], [24, 5], [25, 4], [26, 5], [26, 6], [27, 6], [28, 7], [28, 8], [27, 9], [28, 10], [28, 11], [28, 12], [27, 12], [27, 13], [26, 14], [25, 13], [24, 12], [24, 13], [23, 14], [24, 15], [23, 15], [24, 14], [25, 14], [26, 13], [25, 12], [26, 11], [26, 10], [26, 9], [25, 10], [24, 11], [23, 12], [22, 12], [23, 13], [22, 14], [21, 14], [21, 13], [21, 12], [20, 13], [19, 14], [20, 15], [20, 14], [19, 15], [20, 16], [19, 17], [19, 16], [18, 15], [18, 16], [17, 15], [16, 15], [17, 16], [16, 16], [15, 16], [14, 17], [15, 17], [14, 16], [14, 15], [13, 14], [14, 14], [15, 13], [16, 14], [16, 13], [17, 13], [17, 14], [18, 14], [19, 13], [18, 12], [19, 12], [18, 11], [17, 12], [16, 12], [15, 12], [14, 11], [14, 10], [15, 9], [14, 8], [14, 7], [15, 7], [15, 8], [16, 7], [15, 6], [14, 5], [14, 6], [13, 5], [13, 6], [12, 6], [12, 5], [12, 4], [12, 3], [12, 2], [11, 1], [10, 0], [10, 1], [10, 0], [9, 1], [10, 2], [10, 3], [11, 2], [11, 1], [12, 1], [12, 0]]
