[[9, 16], [9, 15], [8, 14], [8, 13], [7, 12], [7, 11], [8, 10], [7, 9], [7, 8]]
[[9, 16], [9, 15], [8, 14], [7, 13], [7, 12], [6, 11], [6, 10], [7, 9], [7, 8]]
[[9, 16], [9, 15], [8, 14], [8, 13], [8, 12], [7, 11], [7, 10], [7, 9], [7, 8]]
[[9, 16], [9, 15], [9, 14], [8, 13], [8, 12], [8, 11], [7, 10], [7, 9], [7, 8]]
[[9, 16], [9, 15], [8, 14], [8, 13], [7, 12], [7, 11], [8, 10], [7, 9], [7, 8]]
[[9, 16], [9, 15], [9, 14], [8, 13], [7, 12], [7, 11], [8, 10], [7, 9], [7, 8]]
[[9, 16], [9, 15], [9, 14], [8, 13], [7, 12], [7, 11], [8, 10], [7, 9], [7, 8]]
[[9, 16], [9, 15], [9, 14], [8, 13], [7, 12], [6, 11], [7, 10], [8, 9], [7, 8]]
[[9, 16], [9, 15], [9, 14], [8, 13], [7, 12], [6, 11], [6, 10], [7, 9], [7, 8]]
[[9, 16], [9, 15], [9, 14], [9, 13], [9, 12], [8, 11], [8, 10], [8, 9], [7, 8]]
[[9, 16], [9, 15], [8, 14], [7, 13], [8, 12], [7, 11], [8, 10], [8, 9], [7, 8]]
[[9, 16], [9, 15], [8, 14], [8, 13], [9, 12], [9, 11], [9, 10], [8, 9], [7, 8]]
[[9, 16], [9, 15], [8, 14], [8, 13], [7, 12], [7, 11], [7, 10], [8, 9], [7, 8]]
[[9, 16], [9, 15], [9, 14], [8, 13], [8, 12], [8, 11], [7, 10], [8, 9], [7, 8]]
[[9, 16], [9, 15], [10, 14], [9, 13], [8, 12], [7, 12], [6, 11], [6, 10], [6, 9], [7, 8]]
[[9, 16], [9, 15], [8, 14], [9, 13], [10, 12], [9, 11], [8, 11], [9, 10], [8, 9], [7, 8]]
[[9, 16], [9, 15], [10, 14], [11, 13], [10, 12], [9, 11], [8, 10], [7, 9], [8, 8], [7, 8]]
[[9, 16], [9, 15], [9, 14], [10, 14], [9, 13], [9, 12], [10, 11], [10, 10], [9, 11], [8, 10], [8, 9], [7, 8]]
[[9, 16], [9, 15], [10, 14], [9, 14], [9, 13], [8, 12], [9, 11], [10, 10], [10, 9], [9, 9], [8, 8], [7, 8]]
[[9, 16], [9, 15], [10, 14], [9, 13], [8, 12], [9, 12], [8, 11], [9, 10], [9, 9], [8, 8], [7, 9], [7, 8]]
