[[16, 14], [17, 13], [16, 12], [16, 11], [16, 10], [16, 9], [16, 8], [17, 7], [16, 6]]
[[16, 14], [17, 13], [16, 12], [15, 11], [16, 10], [17, 9], [16, 8], [17, 7], [16, 6]]
[[16, 14], [16, 13], [15, 12], [16, 11], [17, 10], [17, 9], [16, 8], [16, 7], [16, 6]]
[[16, 14], [17, 13], [16, 12], [17, 11], [17, 10], [17, 9], [16, 8], [15, 7], [16, 6]]
[[16, 14], [17, 13], [16, 12], [16, 11], [16, 10], [16, 9], [16, 8], [17, 7], [16, 6]]
[[16, 14], [15, 13], [16, 12], [15, 11], [16, 10], [17, 9], [16, 8], [15, 7], [16, 6]]
[[16, 14], [16, 13], [16, 12], [17, 11], [16, 10], [17, 9], [16, 8], [16, 7], [16, 6]]
[[16, 14], [17, 13], [17, 12], [18, 11], [17, 10], [18, 9], [18, 8], [17, 7], [16, 6]]
[[16, 14], [15, 13], [15, 12], [16, 11], [17, 10], [17, 9], [16, 8], [15, 7], [16, 6]]
[[16, 14], [15, 13], [14, 12], [15, 11], [16, 10], [17, 9], [17, 8], [17, 7], [16, 6]]
[[16, 14], [15, 13], [14, 12], [15, 11], [16, 10], [17, 9], [18, 8], [17, 7], [16, 6]]
[[16, 14], [17, 13], [17, 12], [16, 11], [17, 10], [16, 9], [15, 8], [15, 7], [16, 6]]
[[16, 14], [16, 13], [15, 12], [15, 11], [16, 10], [17, 9], [16, 8], [17, 7], [16, 6]]
[[16, 14], [15, 13], [14, 12], [13, 11], [12, 10], [11, 11], [10, 10], [9, 9], [9, 8], [10, 7], [11, 7], [12, 8], [12, 7], [13, 7], [13, 6], [14, 6], [15, 7], [16, 6]]
[[16, 14], [15, 15], [14, 14], [14, 13], [15, 13], [16, 12], [17, 12], [16, 11], [15, 11], [16, 10], [16, 9], [17, 9], [18, 10], [19, 10], [18, 9], [17, 8], [16, 7], [15, 7], [14, 7], [14, 8], [13, 9], [13, 10], [13, 11], [12, 10], [11, 11], [11, 10], [12, 9], [12, 8], [12, 7], [11, 7], [12, 6], [13, 5], [12, 5], [12, 6], [13, 7], [14, 6], [13, 6], [14, 7], [15, 6], [16, 6]]
[[16, 14], [17, 13], [17, 14], [17, 15], [16, 16], [16, 15], [17, 16], [18, 16], [19, 16], [19, 17], [19, 18], [18, 19], [19, 19], [20, 19], [21, 18], [20, 18], [20, 17], [21, 16], [21, 15], [20, 16], [21, 17], [22, 17], [22, 18], [21, 19], [22, 19], [23, 19], [24, 19], [25, 19], [24, 18], [25, 17], [25, 18], [26, 18], [27, 18], [26, 19], [27, 19], [28, 18], [28, 19], [29, 19], [29, 18], [29, 17], [29, 16], [29, 15], [28, 14], [27, 14], [28, 15], [27, 15], [26, 16], [26, 17], [27, 16], [26, 15], [25, 15], [25, 14], [26, 13], [25, 13], [26, 12], [27, 13], [28, 12], [27, 12], [27, 11], [27, 10], [26, 9], [26, 10], [25, 11], [25, 10], [25, 9], [26, 8], [26, 7], [25, 7], [26, 6], [26, 5], [27, 6], [27, 7], [28, 8], [27, 9], [28, 9], [29, 10], [29, 9], [29, 8], [29, 7], [28, 7], [28, 6], [29, 6], [29, 5], [28, 4], [28, 3], [27, 4], [27, 3], [26, 2], [27, 1], [28, 2], [28, 1], [29, 2], [29, 1], [28, 0], [27, 0], [26, 0], [26, 1], [25, 2], [25, 3], [26, 3], [25, 4], [24, 5], [25, 5], [24, 6], [24, 7], [24, 8], [23, 7], [23, 8], [23, 9], [22, 9], [21, 8], [20, 7], [19, 8], [20, 9], [21, 9], [20, 10], [20, 11], [21, 11], [21, 12], [20, 12], [20, 13], [19, 14], [19, 15], [18, 14], [19, 13], [18, 13], [17, 12], [17, 11], [17, 10], [18, 10], [17, 9], [18, 8], [17, 8], [17, 7], [18, 6], [19, 6], [18, 5], [19, 4], [18, 4], [18, 3], [19, 2], [20, 1], [20, 0], [21, 1], [22, 0], [23, 1], [23, 0], [24, 0], [25, 0], [25, 1], [26, 2], [25, 3], [25, 2], [26, 3], [26, 4], [25, 4], [24, 5], [24, 4], [23, 5], [23, 6], [22, 5], [22, 4], [23, 3], [22, 3], [21, 4], [21, 3], [20, 2], [19, 3], [18, 2], [19, 1], [18, 0], [17, 1], [17, 2], [17, 3], [16, 3], [16, 4], [15, 4], [15, 3], [14, 3], [13, 3], [13, 2], [12, 3], [11, 2], [10, 2], [11, 1], [12, 2], [11, 3], [10, 4], [9, 5], [9, 6], [10, 6], [9, 7], [8, 7], [7, 7], [8, 6], [7, 5], [6, 4], [5, 4], [6, 3], [5, 3], [4, 4], [4, 3], [5, 2], [4, 2], [5, 1], [6, 2], [7, 2], [8, 2], [7, 3], [7, 4], [8, 5], [8, 4], [9, 4], [10, 3], [11, 4], [10, 5], [11, 6], [12, 6], [13, 7], [14, 6], [15, 6], [14, 7], [15, 8], [14, 8], [15, 7], [16, 8], [16, 9], [17, 10], [18, 10], [19, 11], [19, 12], [20, 12], [21, 13], [22, 13], [22, 12], [23, 12], [24, 12], [24, 11], [23, 10], [24, 9], [25, 8], [26, 9], [25, 9], [25, 10], [26, 10], [27, 11], [28, 12], [29, 12], [29, 13], [28, 14], [27, 15], [27, 14], [26, 13], [27, 12], [26, 12], [25, 13], [25, 14], [25, 15], [25, 16], [24, 17], [25, 18], [25, 17], [26, 16], [26, 17], [26, 18], [27, 18], [27, 19], [26, 19], [25, 19], [24, 18], [23, 19], [24, 19], [23, 18], [22, 17], [23, 17], [22, 18], [22, 19], [21, 19], [20, 19], [21, 18], [20, 17], [21, 17], [22, 16], [21, 16], [20, 16], [21, 15], [22, 14], [22, 15], [23, 14], [24, 14], [24, 13], [25, 12], [25, 11], [24, 10], [23, 9], [24, 8], [23, 7], [24, 7], [23, 8], [22, 9], [21, 8], [21, 9], [20, 9], [19, 8], [18, 7], [17, 7], [16, 6]]
