[[15, 16], [16, 15], [17, 14], [18, 14], [19, 13]]
[[15, 16], [16, 16], [17, 15], [18, 14], [19, 13]]
[[15, 16], [16, 16], [17, 15], [18, 14], [19, 13]]
[[15, 16], [16, 16], [17, 15], [18, 14], [19, 13]]
[[15, 16], [16, 15], [17, 14], [18, 14], [19, 13]]
[[15, 16], [16, 15], [17, 14], [18, 14], [19, 13]]
[[15, 16], [16, 16], [17, 15], [18, 14], [19, 13]]
[[15, 16], [16, 15], [17, 15], [18, 14], [19, 13]]
[[15, 16], [16, 16], [17, 15], [18, 14], [19, 13]]
[[15, 16], [16, 15], [17, 14], [18, 14], [19, 13]]
[[15, 16], [16, 15], [17, 14], [18, 14], [19, 13]]
[[15, 16], [16, 15], [17, 14], [18, 14], [19, 13]]
[[15, 16], [16, 16], [17, 15], [18, 14], [19, 13]]
[[15, 16], [16, 15], [17, 15], [18, 14], [19, 13]]
[[15, 16], [16, 15], [17, 15], [18, 14], [19, 13]]
[[15, 16], [16, 16], [17, 16], [17, 15], [18, 14], [19, 13]]
[[15, 16], [16, 15], [16, 16], [16, 15], [17, 14], [18, 14], [19, 13]]
[[15, 16], [15, 17], [16, 18], [16, 17], [17, 16], [16, 15], [17, 14], [18, 15], [19, 14], [19, 13]]
[[15, 16], [16, 15], [15, 15], [16, 15], [16, 16], [17, 15], [18, 16], [17, 15], [18, 16], [19, 15], [19, 14], [19, 13]]
[[15, 16], [14, 15], [15, 15], [16, 16], [17, 15], [17, 16], [17, 15], [16, 15], [17, 16], [17, 15], [17, 14], [16, 13], [16, 12], [17, 11], [18, 12], [19, 13]]
