[[15, 14], [16, 14], [17, 15], [18, 14], [19, 15], [20, 16], [21, 15], [22, 15], [23, 14], [24, 14], [25, 14], [26, 13], [27, 14]]
[[15, 14], [16, 13], [17, 14], [18, 14], [19, 15], [20, 15], [21, 15], [22, 14], [23, 13], [24, 14], [25, 13], [26, 14], [27, 14]]
[[15, 14], [16, 14], [17, 15], [18, 15], [19, 15], [20, 16], [21, 15], [22, 16], [23, 17], [24, 16], [25, 16], [26, 15], [27, 14]]
[[15, 14], [16, 14], [17, 15], [18, 16], [19, 16], [20, 15], [21, 15], [22, 15], [23, 14], [24, 14], [25, 13], [26, 14], [27, 14]]
[[15, 14], [16, 14], [17, 14], [18, 13], [19, 14], [20, 15], [21, 15], [22, 14], [23, 13], [24, 14], [25, 13], [26, 14], [27, 14]]
[[15, 14], [16, 14], [17, 14], [18, 15], [19, 16], [20, 17], [21, 16], [22, 15], [23, 14], [24, 15], [25, 16], [26, 15], [27, 14]]
[[15, 14], [16, 14], [17, 14], [18, 15], [19, 14], [20, 15], [21, 16], [22, 15], [23, 14], [24, 14], [25, 15], [26, 14], [27, 14]]
[[15, 14], [16, 13], [17, 13], [18, 13], [19, 13], [20, 13], [21, 14], [22, 15], [23, 16], [24, 15], [25, 14], [26, 14], [27, 14]]
[[15, 14], [16, 14], [17, 15], [18, 16], [19, 15], [20, 15], [21, 14], [22, 14], [23, 14], [24, 13], [25, 12], [26, 13], [27, 14]]
[[15, 14], [16, 14], [17, 15], [18, 14], [19, 15], [20, 16], [21, 15], [22, 15], [23, 14], [24, 14], [25, 14], [26, 13], [27, 14]]
[[15, 14], [16, 13], [16, 12], [17, 13], [18, 12], [19, 12], [20, 13], [21, 14], [22, 15], [23, 16], [24, 15], [25, 15], [26, 15], [27, 14]]
[[15, 14], [16, 13], [16, 14], [17, 13], [18, 14], [19, 15], [20, 16], [21, 16], [22, 17], [23, 16], [24, 15], [25, 15], [26, 14], [26, 15], [27, 14]]
[[15, 14], [16, 13], [17, 13], [18, 14], [19, 15], [19, 16], [20, 16], [21, 17], [21, 18], [22, 17], [23, 16], [24, 16], [24, 15], [25, 16], [25, 15], [26, 15], [27, 14]]
[[15, 14], [16, 14], [16, 13], [17, 14], [18, 15], [19, 14], [18, 14], [18, 15], [19, 16], [18, 17], [19, 16], [20, 17], [21, 17], [22, 16], [23, 17], [24, 17], [25, 17], [26, 16], [26, 15], [27, 14]]
[[15, 14], [16, 13], [15, 13], [16, 12], [17, 11], [18, 12], [18, 11], [19, 12], [20, 11], [21, 12], [22, 11], [22, 10], [21, 11], [20, 10], [20, 9], [20, 8], [21, 8], [22, 7], [23, 7], [22, 7], [23, 6], [22, 6], [21, 5], [20, 5], [19, 6], [20, 6], [19, 6], [18, 7], [18, 8], [18, 9], [18, 8], [18, 9], [19, 10], [20, 10], [21, 11], [20, 11], [20, 12], [20, 13], [20, 12], [19, 13], [19, 12], [18, 13], [17, 13], [16, 13], [16, 12], [15, 13], [16, 12], [17, 11], [18, 10], [19, 10], [20, 11], [21, 11], [22, 10], [22, 9], [23, 10], [24, 10], [25, 9], [24, 8], [23, 9], [24, 10], [25, 9], [25, 8], [25, 9], [25, 10], [25, 11], [26, 11], [27, 12], [28, 12], [28, 11], [27, 12], [27, 13], [27, 14]]
[[15, 14], [15, 13], [15, 12], [15, 11], [16, 11], [17, 11], [18, 10], [18, 9], [17, 10], [16, 9], [15, 10], [14, 10], [14, 11], [13, 11], [12, 11], [11, 12], [12, 12], [12, 13], [12, 14], [13, 13], [14, 14], [14, 15], [14, 16], [13, 16], [12, 17], [11, 18], [11, 19], [12, 18], [13, 17], [14, 18], [15, 17], [15, 16], [16, 16], [17, 15], [17, 14], [18, 13], [18, 14], [17, 13], [18, 12], [19, 12], [20, 13], [21, 12], [22, 13], [23, 14], [24, 15], [23, 16], [24, 16], [25, 16], [26, 17], [25, 18], [26, 18], [25, 17], [26, 16], [27, 15], [26, 14], [25, 14], [26, 13], [25, 13], [25, 14], [24, 14], [25, 15], [24, 16], [25, 17], [26, 16], [26, 15], [25, 16], [24, 15], [23, 14], [23, 13], [22, 14], [22, 15], [22, 16], [21, 16], [20, 15], [19, 15], [20, 16], [19, 16], [20, 17], [20, 18], [21, 19], [22, 19], [23, 19], [24, 18], [24, 17], [25, 18], [26, 17], [27, 17], [28, 18], [27, 19], [27, 18], [28, 17], [29, 17], [28, 16], [29, 16], [29, 15], [29, 14], [28, 15], [27, 14]]
