[[22, 2], [21, 3], [20, 4], [19, 5], [18, 6], [18, 7], [17, 8], [16, 9], [15, 10], [14, 11], [13, 12], [12, 13], [11, 14], [10, 15], [9, 16], [8, 17], [7, 18], [6, 19], [5, 19]]
[[22, 2], [21, 3], [20, 4], [19, 5], [18, 6], [17, 7], [17, 8], [16, 9], [15, 10], [14, 11], [13, 12], [12, 13], [11, 14], [10, 14], [9, 15], [8, 16], [7, 17], [6, 18], [5, 19]]
[[22, 2], [21, 3], [20, 4], [19, 5], [18, 6], [18, 7], [17, 8], [16, 9], [15, 10], [14, 11], [13, 12], [12, 13], [11, 14], [10, 15], [9, 16], [8, 17], [7, 17], [6, 18], [5, 19]]
[[22, 2], [21, 3], [20, 4], [19, 5], [18, 6], [18, 7], [17, 8], [16, 9], [15, 10], [14, 11], [13, 12], [12, 13], [11, 13], [10, 14], [9, 15], [8, 16], [7, 17], [6, 18], [5, 19]]
[[22, 2], [21, 3], [20, 4], [19, 5], [18, 6], [17, 7], [16, 8], [16, 9], [15, 10], [14, 11], [13, 12], [12, 13], [11, 14], [10, 15], [9, 15], [8, 16], [7, 17], [6, 18], [5, 19]]
[[22, 2], [21, 3], [20, 4], [19, 5], [18, 6], [17, 7], [16, 8], [16, 9], [15, 10], [14, 11], [13, 12], [12, 13], [11, 14], [10, 15], [9, 16], [8, 16], [7, 17], [6, 18], [5, 19]]
[[22, 2], [21, 3], [20, 4], [19, 5], [18, 6], [17, 7], [17, 8], [16, 9], [15, 10], [14, 11], [13, 12], [12, 13], [11, 14], [10, 15], [9, 15], [8, 16], [7, 17], [6, 18], [5, 19]]
[[22, 2], [21, 3], [20, 4], [19, 5], [18, 6], [17, 7], [16, 8], [16, 9], [15, 10], [14, 11], [13, 12], [12, 13], [11, 13], [10, 14], [9, 15], [8, 16], [7, 17], [6, 18], [5, 19]]
[[22, 2], [21, 3], [20, 4], [19, 5], [18, 6], [17, 7], [16, 8], [16, 9], [15, 10], [14, 11], [13, 12], [12, 12], [11, 13], [10, 14], [9, 15], [8, 16], [7, 17], [6, 18], [5, 19]]
[[22, 2], [21, 3], [20, 4], [19, 5], [18, 6], [17, 7], [16, 8], [16, 9], [15, 10], [14, 11], [13, 12], [12, 13], [11, 14], [10, 15], [9, 16], [8, 16], [7, 17], [6, 18], [5, 19]]
[[22, 2], [21, 3], [20, 4], [19, 5], [18, 6], [18, 7], [17, 8], [16, 9], [15, 10], [14, 11], [13, 12], [12, 13], [11, 14], [10, 15], [9, 16], [8, 17], [7, 18], [6, 19], [5, 19]]
[[22, 2], [21, 3], [20, 4], [19, 5], [18, 6], [17, 7], [16, 8], [16, 9], [15, 10], [14, 11], [13, 11], [12, 12], [11, 13], [10, 14], [9, 15], [8, 16], [7, 17], [6, 18], [5, 19]]
[[22, 2], [21, 3], [20, 4], [19, 5], [18, 6], [17, 7], [17, 8], [16, 9], [15, 10], [14, 11], [13, 12], [12, 13], [11, 14], [10, 15], [9, 15], [8, 16], [7, 17], [6, 18], [5, 19]]
[[22, 2], [21, 3], [20, 4], [19, 5], [18, 6], [17, 7], [16, 8], [16, 9], [15, 10], [14, 11], [13, 12], [12, 13], [11, 14], [10, 15], [9, 16], [8, 17], [7, 18], [6, 19], [5, 19]]
[[22, 2], [21, 3], [20, 4], [19, 5], [18, 6], [18, 7], [17, 8], [17, 9], [16, 10], [15, 10], [14, 11], [13, 12], [12, 13], [11, 14], [10, 15], [9, 15], [8, 16], [7, 17], [6, 18], [5, 19]]
[[22, 2], [21, 3], [21, 4], [21, 5], [20, 6], [19, 7], [18, 8], [17, 9], [16, 10], [15, 10], [14, 10], [13, 11], [12, 12], [11, 13], [10, 14], [9, 15], [8, 16], [7, 17], [6, 18], [5, 19]]
[[22, 2], [21, 3], [20, 4], [19, 5], [18, 6], [18, 7], [17, 7], [16, 8], [16, 9], [15, 10], [14, 11], [13, 12], [12, 13], [11, 14], [10, 15], [9, 16], [8, 16], [7, 17], [6, 18], [5, 19]]
[[22, 2], [21, 3], [20, 4], [21, 5], [20, 6], [19, 7], [18, 8], [17, 9], [17, 10], [16, 11], [15, 10], [14, 11], [13, 11], [12, 12], [11, 13], [10, 14], [9, 15], [8, 16], [7, 17], [6, 18], [5, 19]]
[[22, 2], [21, 3], [22, 4], [21, 4], [21, 5], [20, 6], [19, 7], [19, 8], [18, 9], [17, 10], [16, 11], [15, 12], [14, 13], [13, 14], [12, 13], [11, 13], [10, 14], [9, 15], [8, 16], [7, 17], [6, 18], [5, 19]]
[[22, 2], [22, 3], [21, 4], [20, 5], [21, 6], [20, 6], [19, 7], [20, 8], [19, 9], [18, 10], [17, 11], [17, 12], [16, 12], [15, 12], [14, 11], [13, 11], [12, 12], [11, 13], [10, 13], [9, 13], [9, 14], [8, 15], [7, 16], [7, 17], [6, 18], [5, 19]]
