[[29, 6], [29, 7], [29, 8], [28, 9], [27, 10], [26, 11], [27, 12], [26, 13], [27, 14], [27, 15], [28, 16]]
[[29, 6], [28, 7], [28, 8], [29, 9], [28, 10], [28, 11], [28, 12], [28, 13], [29, 14], [28, 15], [28, 16]]
[[29, 6], [29, 7], [29, 8], [29, 9], [29, 10], [29, 11], [29, 12], [28, 13], [28, 14], [27, 15], [28, 16]]
[[29, 6], [28, 7], [28, 8], [27, 9], [27, 10], [26, 11], [26, 12], [26, 13], [27, 14], [27, 15], [28, 16]]
[[29, 6], [29, 7], [29, 8], [28, 9], [27, 10], [26, 11], [27, 12], [26, 13], [27, 14], [27, 15], [28, 16]]
[[29, 6], [28, 7], [29, 8], [28, 9], [28, 10], [27, 11], [28, 12], [28, 13], [29, 14], [29, 15], [28, 16]]
[[29, 6], [29, 7], [28, 8], [29, 9], [28, 10], [28, 11], [27, 12], [28, 13], [29, 14], [29, 15], [28, 16]]
[[29, 6], [28, 7], [28, 8], [27, 9], [26, 10], [26, 11], [26, 12], [26, 13], [27, 14], [27, 15], [28, 16]]
[[29, 6], [29, 7], [28, 8], [29, 9], [28, 10], [28, 11], [29, 12], [28, 13], [29, 14], [29, 15], [28, 16]]
[[29, 6], [29, 7], [29, 8], [29, 9], [28, 10], [28, 11], [29, 12], [28, 13], [27, 14], [27, 15], [28, 16]]
[[29, 6], [28, 7], [29, 8], [28, 9], [29, 10], [29, 11], [28, 12], [28, 13], [29, 14], [29, 15], [28, 16]]
[[29, 6], [28, 7], [27, 8], [26, 9], [25, 10], [26, 11], [26, 12], [26, 13], [27, 14], [28, 15], [28, 16]]
[[29, 6], [29, 7], [28, 8], [27, 9], [27, 10], [28, 11], [27, 12], [26, 13], [27, 14], [27, 15], [28, 16]]
[[29, 6], [28, 7], [27, 8], [27, 9], [27, 10], [28, 11], [27, 12], [28, 13], [27, 14], [28, 15], [28, 16]]
[[29, 6], [28, 7], [28, 8], [27, 9], [27, 10], [26, 11], [27, 12], [28, 13], [29, 14], [29, 15], [28, 16]]
[[29, 6], [28, 7], [29, 8], [28, 9], [28, 10], [28, 11], [28, 12], [28, 13], [27, 14], [27, 15], [28, 16]]
[[29, 6], [28, 7], [27, 8], [27, 9], [27, 10], [26, 11], [27, 12], [26, 13], [27, 14], [27, 15], [27, 16], [28, 16]]
[[29, 6], [28, 7], [29, 8], [29, 9], [28, 10], [28, 11], [28, 12], [28, 13], [28, 14], [29, 15], [28, 15], [28, 16]]
[[29, 6], [28, 7], [27, 8], [28, 9], [27, 10], [26, 11], [27, 12], [28, 13], [27, 14], [28, 15], [27, 15], [28, 16]]
[[29, 6], [29, 7], [28, 8], [28, 9], [27, 10], [28, 10], [28, 11], [27, 12], [28, 13], [28, 14], [28, 15], [28, 16]]
