[[7, 0], [7, 1], [6, 2], [7, 3], [8, 4], [7, 5], [8, 6], [9, 7], [10, 8], [10, 9], [11, 10], [12, 11], [13, 12], [12, 13], [13, 14], [14, 15]]
[[7, 0], [6, 1], [6, 2], [6, 3], [6, 4], [6, 5], [7, 6], [8, 7], [9, 8], [10, 9], [11, 10], [12, 11], [11, 12], [12, 13], [13, 14], [14, 15]]
[[7, 0], [7, 1], [6, 2], [7, 3], [8, 4], [8, 5], [8, 6], [8, 7], [9, 8], [10, 9], [10, 10], [11, 11], [12, 12], [13, 13], [13, 14], [14, 15]]
[[7, 0], [7, 1], [6, 2], [7, 3], [8, 4], [7, 5], [8, 6], [9, 7], [10, 8], [10, 9], [11, 10], [12, 11], [13, 12], [12, 13], [13, 14], [14, 15]]
[[7, 0], [6, 1], [6, 2], [7, 3], [8, 4], [9, 5], [10, 6], [9, 7], [10, 8], [11, 9], [11, 10], [12, 11], [13, 12], [13, 13], [13, 14], [14, 15]]
[[7, 0], [7, 1], [7, 2], [8, 3], [7, 4], [7, 5], [7, 6], [8, 7], [9, 8], [9, 9], [10, 10], [11, 11], [11, 12], [12, 13], [13, 14], [14, 15]]
[[7, 0], [7, 1], [6, 2], [6, 3], [7, 4], [8, 5], [9, 6], [8, 7], [9, 8], [10, 9], [11, 10], [12, 11], [13, 12], [13, 13], [14, 14], [14, 15]]
[[7, 0], [7, 1], [7, 2], [7, 3], [8, 4], [7, 5], [8, 6], [9, 7], [9, 8], [9, 9], [10, 10], [11, 11], [12, 12], [12, 13], [13, 14], [14, 15]]
[[7, 0], [7, 1], [6, 2], [5, 3], [6, 4], [7, 5], [8, 6], [9, 7], [10, 8], [10, 9], [11, 10], [12, 11], [13, 12], [12, 13], [13, 14], [14, 15]]
[[7, 0], [6, 1], [5, 2], [5, 3], [6, 4], [7, 5], [7, 6], [8, 7], [9, 8], [10, 9], [11, 10], [12, 11], [13, 12], [14, 13], [13, 14], [14, 15]]
[[7, 0], [6, 1], [6, 2], [7, 3], [8, 4], [7, 5], [7, 6], [8, 7], [9, 8], [10, 9], [11, 10], [12, 11], [13, 12], [13, 13], [14, 14], [14, 15]]
[[7, 0], [6, 1], [5, 2], [5, 3], [6, 4], [7, 5], [8, 6], [9, 7], [10, 8], [11, 9], [10, 10], [11, 11], [12, 12], [13, 13], [13, 14], [14, 15]]
[[7, 0], [7, 1], [6, 2], [6, 3], [7, 4], [8, 5], [8, 6], [9, 7], [8, 8], [9, 9], [10, 10], [11, 11], [12, 12], [12, 13], [13, 14], [14, 15]]
[[7, 0], [7, 1], [7, 2], [6, 3], [5, 4], [6, 5], [7, 6], [8, 7], [9, 8], [10, 9], [11, 10], [12, 11], [13, 12], [14, 13], [13, 14], [14, 15]]
[[7, 0], [7, 1], [7, 2], [6, 3], [6, 4], [7, 5], [8, 6], [9, 7], [8, 8], [9, 9], [10, 10], [11, 11], [12, 12], [13, 13], [13, 14], [14, 15]]
[[7, 0], [6, 1], [7, 2], [7, 3], [7, 4], [8, 5], [9, 6], [8, 7], [9, 8], [10, 9], [11, 10], [11, 11], [12, 12], [13, 13], [13, 14], [14, 15]]
[[7, 0], [6, 1], [6, 2], [6, 3], [7, 4], [7, 5], [7, 6], [8, 7], [9, 8], [10, 9], [10, 10], [11, 11], [11, 12], [12, 13], [13, 14], [12, 14], [13, 14], [14, 15]]
[[7, 0], [7, 1], [6, 1], [5, 2], [5, 3], [6, 3], [6, 4], [7, 5], [7, 6], [8, 7], [9, 8], [9, 9], [10, 9], [10, 10], [11, 11], [11, 12], [12, 13], [13, 14], [14, 15]]
[[7, 0], [7, 1], [6, 1], [6, 2], [5, 3], [5, 4], [6, 5], [7, 6], [7, 7], [8, 7], [9, 8], [9, 9], [9, 8], [10, 9], [11, 10], [11, 11], [12, 11], [13, 12], [13, 13], [14, 13], [14, 14], [14, 15]]
[[7, 0], [8, 0], [9, 1], [10, 2], [11, 2], [11, 3], [10, 4], [11, 5], [12, 5], [12, 6], [13, 7], [13, 6], [13, 7], [12, 7], [12, 8], [12, 9], [13, 10], [12, 11], [13, 12], [12, 13], [13, 14], [14, 15]]
