[[7, 4], [6, 4], [5, 4], [4, 5], [3, 4], [2, 3]]
[[7, 4], [6, 3], [5, 4], [4, 4], [3, 4], [2, 3]]
[[7, 4], [6, 3], [5, 4], [4, 5], [3, 4], [2, 3]]
[[7, 4], [6, 4], [5, 4], [4, 5], [3, 4], [2, 3]]
[[7, 4], [6, 4], [5, 4], [4, 3], [3, 4], [2, 3]]
[[7, 4], [6, 3], [5, 2], [4, 3], [3, 3], [2, 3]]
[[7, 4], [6, 3], [5, 2], [4, 1], [3, 2], [2, 3]]
[[7, 4], [6, 3], [5, 2], [6, 2], [6, 3], [6, 4], [5, 3], [4, 3], [3, 2], [2, 3]]
[[7, 4], [6, 3], [7, 2], [6, 2], [6, 3], [5, 2], [5, 3], [6, 2], [5, 2], [4, 3], [3, 3], [2, 3]]
[[7, 4], [6, 4], [6, 3], [6, 2], [7, 3], [8, 3], [9, 3], [10, 4], [9, 4], [8, 4], [9, 5], [9, 6], [10, 6], [11, 7], [12, 6], [11, 6], [12, 7], [13, 6], [13, 7], [12, 8], [11, 8], [10, 8], [10, 9], [9, 8], [8, 8], [9, 7], [8, 7], [8, 6], [8, 5], [7, 6], [7, 7], [7, 8], [8, 9], [8, 10], [7, 9], [6, 8], [5, 7], [4, 6], [3, 5], [2, 4], [2, 5], [1, 5], [0, 6], [0, 5], [0, 4], [0, 3], [0, 2], [1, 3], [1, 2], [2, 1], [3, 2], [4, 3], [4, 4], [4, 5], [5, 6], [4, 7], [3, 6], [3, 7], [2, 7], [1, 8], [2, 9], [3, 10], [4, 9], [3, 8], [4, 8], [5, 9], [4, 10], [4, 11], [5, 12], [5, 11], [6, 10], [5, 10], [6, 11], [7, 11], [8, 11], [9, 10], [9, 11], [9, 12], [10, 13], [11, 12], [10, 11], [11, 11], [12, 12], [13, 12], [12, 13], [11, 14], [11, 15], [12, 16], [11, 17], [10, 17], [9, 17], [8, 17], [8, 18], [7, 18], [6, 17], [5, 16], [4, 15], [5, 15], [6, 16], [5, 17], [4, 16], [4, 17], [5, 18], [4, 18], [3, 17], [3, 18], [2, 19], [1, 19], [0, 19], [1, 18], [1, 17], [2, 18], [3, 19], [4, 19], [5, 19], [6, 19], [7, 19], [8, 19], [9, 19], [10, 18], [11, 19], [12, 18], [13, 17], [13, 16], [13, 15], [14, 15], [15, 15], [16, 16], [17, 17], [17, 18], [16, 18], [16, 17], [15, 18], [14, 17], [14, 16], [15, 16], [16, 15], [17, 15], [18, 15], [17, 14], [16, 13], [17, 13], [18, 13], [19, 13], [20, 14], [19, 15], [19, 14], [20, 13], [21, 14], [22, 15], [22, 16], [21, 15], [20, 16], [19, 17], [20, 17], [21, 17], [20, 18], [20, 19], [21, 19], [22, 19], [23, 19], [24, 19], [23, 18], [22, 17], [23, 16], [24, 15], [23, 14], [23, 13], [24, 12], [23, 11], [23, 10], [24, 9], [25, 9], [26, 8], [26, 9], [27, 9], [27, 8], [27, 7], [26, 6], [25, 6], [24, 5], [25, 4], [25, 5], [24, 4], [23, 3], [22, 3], [23, 4], [22, 4], [22, 5], [22, 6], [21, 5], [21, 6], [20, 6], [20, 5], [19, 5], [18, 6], [19, 6], [18, 5], [17, 5], [17, 4], [16, 5], [16, 4], [15, 4], [14, 4], [15, 3], [16, 2], [15, 2], [14, 2], [13, 3], [12, 3], [11, 3], [11, 2], [11, 1], [11, 0], [12, 0], [13, 0], [14, 1], [14, 0], [15, 0], [16, 0], [17, 0], [18, 1], [17, 2], [18, 3], [19, 3], [20, 3], [21, 3], [20, 2], [19, 2], [20, 1], [21, 2], [21, 1], [22, 1], [23, 0], [24, 1], [23, 2], [23, 1], [24, 2], [25, 2], [26, 1], [27, 0], [28, 1], [27, 2], [28, 2], [27, 3], [26, 3], [27, 4], [28, 5], [29, 6], [28, 7], [27, 6], [28, 6], [29, 7], [28, 8], [29, 9], [28, 10], [29, 11], [28, 11], [27, 10], [27, 11], [26, 10], [25, 11], [24, 10], [24, 11], [23, 12], [22, 12], [21, 12], [22, 13], [21, 13], [20, 12], [19, 11], [18, 12], [18, 11], [17, 12], [17, 11], [16, 10], [17, 10], [16, 11], [16, 12], [15, 13], [15, 12], [14, 11], [13, 10], [12, 9], [11, 9], [12, 10], [13, 9], [14, 9], [15, 10], [15, 9], [16, 9], [17, 8], [17, 9], [18, 8], [17, 7], [16, 6], [15, 5], [14, 6], [13, 5], [12, 5], [11, 5], [11, 4], [10, 3], [10, 2], [9, 2], [8, 2], [9, 1], [8, 0], [7, 1], [7, 0], [6, 1], [6, 2], [7, 2], [6, 3], [6, 4], [5, 3], [4, 2], [3, 1], [4, 1], [5, 2], [4, 3], [3, 4], [2, 3]]
