[[22, 15], [22, 14], [21, 13], [20, 12], [19, 11], [19, 10], [20, 9], [20, 8], [19, 7], [18, 6], [17, 5], [16, 4]]
[[22, 15], [21, 14], [21, 13], [21, 12], [20, 11], [19, 10], [20, 9], [20, 8], [19, 7], [18, 6], [17, 5], [16, 4]]
[[22, 15], [22, 14], [21, 13], [20, 12], [20, 11], [19, 10], [18, 9], [18, 8], [17, 7], [17, 6], [17, 5], [16, 4]]
[[22, 15], [22, 14], [21, 13], [20, 12], [21, 11], [22, 10], [21, 9], [20, 8], [19, 7], [18, 6], [17, 5], [16, 4]]
[[22, 15], [21, 14], [21, 13], [20, 12], [19, 11], [20, 10], [20, 9], [20, 8], [19, 7], [18, 6], [17, 5], [16, 4]]
[[22, 15], [21, 14], [21, 13], [20, 12], [19, 11], [20, 10], [19, 9], [20, 8], [19, 7], [18, 6], [17, 5], [16, 4]]
[[22, 15], [21, 14], [21, 13], [20, 12], [19, 11], [18, 10], [18, 9], [18, 8], [18, 7], [17, 6], [17, 5], [16, 4]]
[[22, 15], [22, 14], [21, 13], [20, 12], [19, 11], [18, 10], [19, 9], [19, 8], [19, 7], [18, 6], [17, 5], [16, 4]]
[[22, 15], [22, 14], [21, 13], [20, 12], [19, 11], [19, 10], [20, 9], [20, 8], [19, 7], [18, 6], [17, 5], [16, 4]]
[[22, 15], [21, 14], [20, 13], [19, 12], [18, 11], [19, 10], [18, 9], [19, 8], [19, 7], [18, 6], [17, 5], [16, 4]]
[[22, 15], [23, 14], [22, 13], [23, 12], [22, 11], [21, 10], [20, 9], [19, 9], [18, 8], [19, 7], [19, 6], [18, 5], [17, 5], [16, 4]]
[[22, 15], [21, 14], [20, 13], [19, 12], [18, 12], [18, 11], [18, 10], [19, 9], [18, 8], [18, 7], [18, 6], [18, 5], [17, 4], [16, 4]]
[[22, 15], [23, 14], [22, 13], [21, 12], [20, 11], [19, 10], [20, 9], [20, 8], [19, 7], [18, 8], [18, 7], [17, 6], [17, 5], [16, 4]]
[[22, 15], [21, 14], [22, 13], [22, 12], [22, 11], [21, 10], [20, 9], [19, 8], [20, 7], [20, 8], [20, 7], [19, 6], [20, 5], [19, 5], [18, 4], [17, 4], [17, 5], [18, 5], [17, 5], [16, 4]]
[[22, 15], [23, 14], [23, 13], [22, 12], [22, 11], [21, 10], [21, 9], [20, 10], [19, 9], [18, 10], [17, 9], [16, 8], [17, 7], [16, 7], [17, 7], [18, 6], [19, 5], [18, 4], [19, 4], [18, 3], [17, 4], [16, 4]]
[[22, 15], [23, 14], [24, 15], [25, 14], [26, 13], [27, 13], [26, 12], [25, 12], [24, 11], [24, 10], [25, 9], [24, 8], [25, 7], [24, 7], [23, 6], [23, 5], [24, 5], [25, 5], [24, 4], [25, 3], [25, 2], [26, 2], [25, 1], [25, 0], [24, 1], [24, 0], [23, 0], [23, 1], [22, 1], [22, 0], [21, 1], [22, 2], [23, 3], [23, 2], [22, 3], [21, 4], [22, 4], [23, 4], [24, 4], [23, 3], [22, 2], [21, 1], [20, 1], [19, 0], [18, 1], [17, 0], [16, 0], [16, 1], [16, 2], [17, 3], [16, 4]]
[[22, 15], [23, 14], [22, 14], [21, 13], [21, 14], [22, 14], [21, 13], [20, 12], [20, 11], [21, 10], [20, 9], [20, 8], [20, 7], [21, 8], [22, 7], [23, 8], [23, 9], [24, 8], [24, 7], [23, 6], [22, 5], [23, 4], [24, 5], [24, 6], [23, 5], [22, 4], [22, 3], [21, 3], [22, 2], [23, 1], [22, 0], [21, 0], [21, 1], [20, 2], [19, 2], [18, 2], [17, 1], [18, 1], [19, 1], [20, 0], [19, 0], [18, 0], [17, 0], [16, 1], [16, 2], [15, 1], [14, 1], [13, 0], [12, 1], [13, 2], [13, 3], [14, 3], [14, 2], [15, 2], [15, 3], [16, 3], [16, 4]]
