[[22, 4], [21, 4], [20, 5], [19, 5], [18, 6], [17, 5], [16, 6], [15, 5], [14, 6], [13, 6], [12, 6], [11, 7], [10, 8], [9, 9], [9, 10], [8, 11], [7, 12], [6, 13], [5, 14]]
[[22, 4], [21, 5], [20, 5], [19, 6], [18, 5], [17, 5], [16, 5], [15, 5], [14, 5], [13, 6], [12, 7], [11, 7], [10, 8], [9, 9], [9, 10], [8, 11], [7, 12], [6, 13], [5, 14]]
[[22, 4], [21, 5], [20, 6], [19, 5], [18, 5], [17, 6], [16, 6], [15, 6], [14, 7], [13, 8], [12, 7], [11, 8], [10, 8], [9, 9], [9, 10], [8, 11], [7, 12], [6, 13], [5, 14]]
[[22, 4], [21, 4], [20, 4], [19, 5], [18, 5], [17, 6], [16, 6], [15, 6], [14, 6], [13, 6], [12, 7], [11, 7], [10, 8], [9, 9], [9, 10], [8, 11], [7, 12], [6, 13], [5, 14]]
[[22, 4], [21, 4], [20, 4], [19, 5], [18, 6], [17, 7], [16, 8], [15, 9], [14, 10], [13, 11], [12, 10], [11, 9], [10, 8], [9, 9], [9, 10], [8, 11], [7, 12], [6, 13], [5, 14]]
[[22, 4], [21, 5], [20, 5], [19, 6], [18, 5], [17, 6], [16, 5], [15, 6], [14, 6], [13, 5], [12, 6], [11, 7], [10, 8], [9, 9], [9, 10], [8, 11], [7, 12], [6, 13], [5, 14]]
[[22, 4], [21, 3], [20, 3], [19, 3], [18, 3], [17, 3], [16, 4], [15, 5], [14, 6], [13, 6], [12, 7], [11, 8], [10, 8], [9, 9], [9, 10], [8, 11], [7, 12], [6, 13], [5, 14]]
[[22, 4], [21, 5], [20, 4], [19, 5], [18, 6], [17, 7], [16, 6], [15, 7], [14, 7], [13, 6], [12, 7], [11, 7], [10, 8], [9, 9], [9, 10], [8, 11], [7, 12], [6, 13], [5, 14]]
[[22, 4], [21, 4], [20, 5], [19, 6], [18, 7], [17, 6], [16, 6], [15, 5], [14, 4], [13, 5], [12, 6], [11, 7], [10, 8], [9, 9], [9, 10], [8, 11], [7, 12], [6, 13], [5, 14]]
[[22, 4], [21, 4], [20, 5], [19, 6], [18, 7], [17, 6], [16, 5], [15, 6], [14, 7], [13, 6], [12, 7], [11, 7], [10, 8], [9, 9], [9, 10], [8, 11], [7, 12], [6, 13], [5, 14]]
[[22, 4], [21, 4], [20, 5], [19, 5], [18, 5], [17, 5], [16, 5], [15, 6], [14, 5], [13, 6], [12, 7], [11, 7], [10, 8], [9, 9], [9, 10], [8, 11], [7, 12], [6, 13], [5, 14]]
[[22, 4], [21, 5], [20, 6], [19, 6], [18, 5], [17, 6], [16, 6], [15, 7], [14, 7], [13, 8], [12, 8], [11, 8], [10, 8], [9, 9], [9, 10], [8, 11], [7, 12], [6, 13], [5, 14]]
[[22, 4], [21, 4], [20, 5], [19, 5], [18, 6], [17, 5], [16, 6], [15, 5], [14, 6], [13, 6], [12, 6], [11, 7], [10, 8], [9, 9], [9, 10], [8, 11], [7, 12], [6, 13], [5, 14]]
[[22, 4], [21, 4], [20, 5], [19, 6], [18, 7], [17, 6], [16, 5], [15, 6], [14, 6], [13, 6], [12, 5], [11, 6], [10, 7], [9, 8], [8, 9], [9, 10], [8, 11], [7, 12], [6, 13], [5, 14]]
[[22, 4], [21, 5], [20, 5], [19, 6], [18, 6], [17, 5], [16, 6], [15, 5], [14, 6], [13, 5], [12, 5], [11, 6], [10, 7], [9, 8], [8, 9], [7, 10], [6, 11], [6, 12], [6, 13], [5, 14]]
[[22, 4], [21, 5], [20, 5], [19, 6], [18, 6], [17, 5], [16, 6], [15, 5], [14, 5], [13, 6], [12, 6], [12, 7], [11, 8], [10, 8], [9, 9], [9, 10], [8, 11], [7, 12], [6, 13], [5, 14]]
[[22, 4], [21, 3], [20, 4], [19, 5], [18, 6], [17, 5], [16, 5], [16, 4], [15, 5], [14, 5], [13, 5], [12, 6], [11, 7], [10, 8], [9, 9], [9, 10], [8, 11], [8, 12], [7, 13], [6, 14], [5, 14]]
[[22, 4], [21, 5], [20, 5], [19, 6], [18, 6], [17, 5], [16, 6], [15, 5], [14, 4], [13, 4], [12, 4], [11, 5], [10, 6], [9, 7], [8, 8], [7, 9], [6, 10], [6, 11], [5, 12], [5, 13], [5, 14]]
[[22, 4], [21, 4], [20, 4], [19, 5], [18, 5], [17, 6], [16, 6], [15, 6], [14, 6], [13, 6], [12, 5], [11, 5], [10, 6], [9, 7], [8, 8], [7, 9], [6, 10], [6, 11], [6, 12], [6, 13], [5, 14]]
[[22, 4], [21, 4], [20, 5], [19, 5], [18, 6], [17, 5], [16, 6], [15, 5], [14, 6], [13, 6], [12, 6], [11, 7], [12, 8], [12, 7], [11, 8], [10, 8], [9, 9], [9, 10], [8, 11], [7, 12], [6, 13], [5, 14]]
