[[24, 8], [23, 7], [22, 6], [21, 7], [20, 7], [19, 8], [18, 8], [17, 9], [16, 9], [15, 10], [14, 11], [13, 12], [12, 13], [11, 14], [10, 13], [9, 14], [8, 15], [7, 14], [6, 15], [5, 14], [4, 15], [3, 16], [2, 17], [1, 18], [0, 19]]
[[24, 8], [23, 7], [22, 6], [21, 7], [20, 7], [19, 6], [18, 7], [17, 8], [16, 9], [15, 10], [14, 11], [13, 12], [12, 13], [11, 13], [10, 13], [9, 14], [8, 14], [7, 14], [6, 14], [5, 15], [4, 15], [3, 16], [2, 17], [1, 18], [0, 19]]
[[24, 8], [23, 7], [22, 7], [21, 7], [20, 8], [19, 8], [18, 8], [17, 9], [16, 9], [15, 10], [14, 11], [13, 12], [12, 13], [11, 12], [10, 13], [9, 14], [8, 14], [7, 14], [6, 15], [5, 16], [4, 17], [3, 16], [2, 17], [1, 18], [0, 19]]
[[24, 8], [23, 7], [22, 6], [21, 7], [20, 7], [19, 8], [18, 8], [17, 9], [16, 9], [15, 10], [14, 11], [13, 12], [12, 13], [11, 14], [10, 13], [9, 14], [8, 15], [7, 14], [6, 15], [5, 14], [4, 15], [3, 16], [2, 17], [1, 18], [0, 19]]
[[24, 8], [23, 7], [22, 8], [21, 7], [20, 7], [19, 8], [18, 9], [17, 10], [16, 11], [15, 11], [14, 11], [13, 12], [12, 13], [11, 13], [10, 14], [9, 13], [8, 14], [7, 14], [6, 14], [5, 15], [4, 15], [3, 16], [2, 17], [1, 18], [0, 19]]
[[24, 8], [23, 7], [22, 6], [21, 7], [20, 7], [19, 6], [18, 7], [17, 8], [16, 9], [15, 10], [14, 11], [13, 12], [12, 13], [11, 14], [10, 14], [9, 13], [8, 14], [7, 14], [6, 14], [5, 15], [4, 15], [3, 16], [2, 17], [1, 18], [0, 19]]
[[24, 8], [23, 7], [22, 7], [21, 6], [20, 5], [19, 6], [18, 7], [17, 8], [16, 9], [15, 10], [14, 11], [13, 12], [12, 13], [11, 12], [10, 13], [9, 14], [8, 15], [7, 16], [6, 15], [5, 16], [4, 17], [3, 17], [2, 17], [1, 18], [0, 19]]
[[24, 8], [23, 7], [22, 7], [21, 7], [20, 6], [19, 6], [18, 7], [17, 8], [16, 9], [15, 10], [14, 11], [13, 12], [12, 13], [11, 12], [10, 13], [9, 14], [8, 15], [7, 14], [6, 13], [5, 14], [4, 15], [3, 16], [2, 17], [1, 18], [0, 19]]
[[24, 8], [23, 7], [22, 8], [21, 7], [20, 7], [19, 6], [18, 7], [17, 8], [16, 9], [15, 10], [14, 11], [13, 12], [12, 13], [11, 14], [10, 13], [9, 14], [8, 15], [7, 16], [6, 16], [5, 16], [4, 17], [3, 18], [2, 18], [1, 19], [0, 19]]
[[24, 8], [23, 7], [22, 7], [21, 7], [20, 8], [19, 8], [18, 9], [17, 10], [16, 11], [15, 10], [14, 11], [13, 12], [12, 13], [11, 14], [10, 14], [9, 15], [8, 16], [7, 17], [6, 16], [5, 17], [4, 18], [3, 18], [2, 19], [1, 18], [0, 19]]
[[24, 8], [23, 7], [22, 7], [21, 7], [20, 7], [19, 8], [18, 9], [17, 10], [16, 9], [15, 10], [14, 11], [13, 12], [12, 13], [11, 14], [10, 14], [9, 15], [8, 16], [7, 17], [6, 16], [5, 16], [4, 17], [3, 18], [2, 18], [1, 19], [0, 19]]
[[24, 8], [23, 7], [22, 8], [21, 7], [20, 7], [19, 8], [18, 9], [17, 10], [16, 11], [15, 12], [14, 12], [13, 12], [12, 13], [11, 14], [10, 14], [9, 15], [8, 16], [7, 17], [6, 18], [5, 19], [4, 19], [3, 19], [2, 19], [1, 19], [0, 19]]
[[24, 8], [23, 7], [22, 8], [21, 7], [20, 7], [19, 6], [18, 7], [17, 8], [16, 9], [15, 10], [14, 10], [13, 11], [13, 12], [12, 13], [11, 14], [10, 14], [9, 15], [8, 16], [7, 16], [6, 16], [5, 17], [4, 17], [3, 18], [2, 19], [1, 18], [0, 19]]
[[24, 8], [23, 7], [22, 6], [21, 5], [20, 5], [19, 6], [18, 7], [17, 8], [16, 9], [15, 10], [15, 11], [14, 12], [13, 13], [12, 14], [11, 15], [10, 16], [9, 16], [8, 15], [7, 16], [6, 15], [5, 16], [4, 15], [3, 16], [2, 17], [1, 18], [0, 19]]
[[24, 8], [23, 7], [22, 8], [21, 7], [20, 7], [19, 8], [18, 9], [17, 9], [16, 9], [15, 10], [14, 11], [15, 12], [14, 13], [13, 14], [12, 14], [11, 15], [10, 16], [9, 15], [8, 16], [7, 16], [6, 16], [5, 17], [4, 17], [3, 18], [2, 18], [1, 18], [0, 19]]
[[24, 8], [23, 7], [22, 7], [21, 7], [20, 7], [19, 6], [18, 7], [17, 8], [16, 9], [15, 10], [14, 11], [13, 12], [12, 13], [12, 14], [11, 15], [10, 14], [9, 15], [8, 16], [7, 16], [6, 16], [5, 16], [4, 17], [3, 16], [2, 16], [2, 17], [1, 18], [0, 19]]
[[24, 8], [23, 7], [22, 6], [21, 6], [20, 5], [19, 6], [18, 7], [18, 8], [17, 8], [16, 9], [15, 10], [15, 11], [14, 12], [13, 13], [12, 14], [11, 15], [10, 16], [9, 16], [8, 17], [7, 16], [6, 15], [5, 16], [4, 17], [4, 18], [3, 17], [2, 18], [1, 18], [0, 19]]
[[24, 8], [23, 7], [22, 6], [21, 6], [20, 6], [19, 6], [18, 6], [17, 7], [16, 8], [15, 9], [14, 10], [15, 11], [14, 12], [13, 13], [12, 14], [11, 15], [10, 16], [9, 15], [9, 16], [8, 16], [7, 17], [6, 18], [5, 19], [4, 19], [3, 19], [2, 18], [1, 19], [0, 19]]
[[24, 8], [23, 7], [22, 8], [21, 7], [20, 7], [19, 6], [18, 6], [17, 7], [16, 8], [16, 9], [15, 10], [14, 11], [13, 12], [12, 13], [12, 14], [11, 15], [10, 16], [9, 16], [8, 16], [7, 17], [6, 18], [6, 19], [5, 19], [4, 18], [3, 18], [2, 19], [1, 19], [0, 19]]
[[24, 8], [23, 7], [22, 6], [21, 6], [20, 6], [19, 6], [18, 6], [17, 7], [16, 8], [15, 9], [14, 10], [13, 11], [14, 12], [13, 13], [12, 14], [11, 15], [10, 16], [9, 16], [8, 16], [8, 17], [7, 16], [6, 15], [5, 14], [4, 15], [3, 16], [2, 17], [1, 18], [0, 19]]
