[[1, 8], [2, 9], [3, 9], [4, 10], [5, 9], [6, 8], [7, 7], [8, 6], [9, 5], [10, 4], [11, 3], [12, 2], [13, 2], [14, 1]]
[[1, 8], [2, 7], [3, 7], [4, 8], [5, 8], [6, 7], [7, 7], [8, 7], [9, 6], [10, 5], [11, 4], [12, 3], [13, 2], [14, 1]]
[[1, 8], [2, 8], [3, 9], [4, 10], [5, 10], [6, 9], [7, 8], [8, 7], [9, 6], [10, 5], [11, 4], [12, 3], [13, 2], [14, 1]]
[[1, 8], [2, 9], [3, 10], [4, 9], [5, 9], [6, 8], [7, 7], [8, 6], [9, 5], [10, 4], [11, 3], [12, 3], [13, 2], [14, 1]]
[[1, 8], [2, 9], [3, 9], [4, 10], [5, 9], [6, 8], [7, 7], [8, 6], [9, 5], [10, 4], [11, 3], [12, 2], [13, 2], [14, 1]]
[[1, 8], [2, 8], [3, 9], [4, 8], [5, 9], [6, 8], [7, 7], [8, 6], [9, 5], [10, 4], [11, 3], [12, 2], [13, 1], [14, 1]]
[[1, 8], [2, 9], [3, 10], [4, 9], [5, 8], [6, 8], [7, 7], [8, 7], [9, 6], [10, 5], [11, 4], [12, 3], [13, 2], [14, 1]]
[[1, 8], [2, 8], [3, 7], [4, 8], [5, 8], [6, 7], [7, 6], [8, 5], [9, 6], [10, 5], [11, 4], [12, 3], [13, 2], [14, 1]]
[[1, 8], [2, 7], [3, 6], [4, 7], [5, 8], [6, 9], [7, 8], [8, 7], [9, 6], [10, 5], [11, 4], [12, 3], [13, 2], [14, 1]]
[[1, 8], [2, 8], [3, 9], [4, 10], [5, 10], [6, 9], [7, 8], [8, 7], [9, 6], [10, 6], [11, 5], [11, 4], [12, 3], [13, 2], [14, 1]]
[[1, 8], [2, 8], [3, 9], [4, 8], [5, 9], [6, 8], [7, 7], [8, 7], [9, 6], [10, 5], [11, 4], [12, 3], [12, 2], [13, 1], [14, 1]]
[[1, 8], [2, 9], [3, 9], [4, 8], [5, 8], [6, 7], [7, 7], [8, 6], [9, 5], [10, 4], [11, 3], [11, 2], [12, 2], [13, 2], [14, 1]]
[[1, 8], [2, 9], [3, 10], [4, 9], [5, 8], [6, 7], [7, 7], [8, 6], [9, 6], [10, 6], [11, 5], [12, 4], [12, 3], [13, 2], [14, 1]]
[[1, 8], [2, 7], [3, 6], [3, 7], [4, 8], [5, 9], [6, 8], [7, 7], [7, 6], [6, 7], [7, 6], [8, 6], [9, 5], [10, 4], [11, 3], [12, 4], [12, 3], [13, 2], [14, 1]]
[[1, 8], [1, 9], [1, 10], [1, 11], [2, 11], [3, 10], [4, 9], [3, 9], [4, 8], [5, 8], [6, 7], [7, 7], [8, 7], [9, 6], [9, 5], [10, 5], [11, 4], [12, 3], [13, 2], [14, 1]]
[[1, 8], [2, 7], [3, 6], [2, 5], [1, 5], [1, 4], [2, 5], [2, 4], [3, 4], [4, 3], [5, 2], [5, 3], [5, 4], [5, 3], [6, 2], [7, 2], [8, 2], [8, 1], [8, 2], [9, 1], [10, 0], [9, 0], [10, 1], [11, 2], [11, 1], [12, 0], [13, 0], [13, 1], [12, 1], [12, 2], [11, 3], [12, 3], [13, 2], [14, 1]]
[[1, 8], [2, 8], [2, 7], [1, 6], [0, 5], [1, 4], [2, 3], [1, 3], [0, 3], [0, 2], [1, 2], [2, 2], [3, 2], [2, 1], [2, 0], [3, 1], [4, 1], [5, 2], [4, 3], [4, 2], [5, 1], [6, 2], [7, 1], [7, 0], [8, 1], [9, 0], [9, 1], [10, 1], [10, 0], [11, 1], [11, 0], [12, 0], [12, 1], [13, 0], [14, 1]]
[[1, 8], [2, 9], [2, 10], [3, 10], [2, 10], [3, 11], [2, 10], [1, 10], [0, 10], [1, 10], [2, 11], [1, 12], [2, 13], [3, 13], [4, 13], [5, 13], [4, 12], [5, 11], [5, 12], [6, 11], [6, 12], [7, 13], [6, 14], [7, 14], [7, 15], [6, 16], [7, 17], [6, 17], [5, 18], [6, 18], [5, 17], [6, 18], [7, 18], [8, 19], [8, 18], [9, 19], [10, 19], [11, 18], [11, 17], [12, 16], [11, 16], [10, 15], [9, 16], [10, 15], [9, 16], [9, 17], [9, 16], [9, 17], [10, 18], [11, 17], [12, 18], [13, 19], [14, 19], [14, 18], [14, 19], [13, 18], [12, 18], [13, 18], [14, 17], [15, 18], [16, 17], [16, 16], [16, 15], [17, 14], [17, 15], [17, 14], [18, 15], [17, 15], [18, 14], [18, 13], [19, 13], [20, 13], [21, 12], [22, 11], [21, 11], [20, 11], [19, 12], [20, 13], [19, 12], [18, 11], [17, 11], [17, 12], [16, 13], [16, 12], [16, 13], [15, 12], [16, 11], [16, 10], [16, 11], [17, 10], [18, 9], [18, 8], [17, 7], [18, 7], [19, 8], [18, 8], [19, 8], [20, 7], [20, 8], [21, 8], [21, 9], [20, 10], [21, 9], [22, 9], [21, 9], [22, 8], [23, 9], [24, 9], [25, 8], [26, 7], [26, 6], [27, 7], [26, 6], [25, 5], [25, 4], [25, 3], [26, 3], [27, 2], [28, 2], [28, 3], [27, 2], [28, 2], [28, 3], [27, 4], [26, 5], [25, 5], [26, 6], [25, 5], [25, 6], [24, 5], [24, 6], [23, 6], [24, 7], [23, 7], [22, 7], [23, 6], [22, 5], [21, 6], [21, 5], [22, 4], [23, 4], [24, 3], [23, 2], [22, 3], [22, 4], [21, 4], [20, 4], [19, 4], [18, 3], [19, 3], [20, 2], [19, 1], [19, 0], [18, 1], [19, 0], [20, 0], [19, 1], [18, 1], [17, 0], [18, 1], [17, 0], [16, 0], [15, 1], [14, 1], [14, 0], [15, 1], [14, 1]]
