[[15, 1], [16, 2], [17, 3], [17, 4], [18, 5], [18, 6], [18, 7], [18, 8], [18, 9], [17, 10], [16, 11], [17, 12], [16, 13], [17, 14], [18, 15], [18, 16], [19, 17]]
[[15, 1], [14, 2], [14, 3], [15, 4], [16, 5], [16, 6], [17, 7], [18, 8], [18, 9], [17, 10], [16, 11], [17, 12], [18, 13], [19, 14], [19, 15], [19, 16], [19, 17]]
[[15, 1], [16, 2], [17, 3], [18, 4], [19, 5], [19, 6], [20, 7], [20, 8], [19, 9], [20, 10], [20, 11], [20, 12], [19, 13], [19, 14], [20, 15], [19, 16], [19, 17]]
[[15, 1], [16, 2], [17, 3], [17, 4], [18, 5], [18, 6], [18, 7], [18, 8], [18, 9], [17, 10], [16, 11], [17, 12], [16, 13], [17, 14], [18, 15], [18, 16], [19, 17]]
[[15, 1], [14, 2], [15, 3], [16, 4], [16, 5], [15, 6], [15, 7], [16, 8], [16, 9], [17, 10], [17, 11], [16, 12], [17, 13], [18, 14], [18, 15], [18, 16], [19, 17]]
[[15, 1], [14, 2], [14, 3], [15, 4], [15, 5], [16, 6], [16, 7], [15, 8], [16, 9], [17, 10], [17, 11], [16, 12], [17, 13], [18, 14], [19, 15], [20, 16], [19, 17]]
[[15, 1], [14, 2], [15, 3], [16, 4], [17, 5], [17, 6], [18, 7], [19, 8], [18, 9], [17, 10], [18, 11], [19, 12], [18, 13], [19, 14], [19, 15], [20, 16], [19, 17]]
[[15, 1], [14, 2], [15, 3], [16, 4], [17, 5], [18, 6], [17, 7], [17, 8], [17, 9], [17, 10], [16, 11], [16, 12], [17, 13], [18, 14], [18, 15], [18, 16], [19, 17]]
[[15, 1], [16, 2], [17, 3], [18, 4], [18, 5], [17, 6], [16, 7], [16, 8], [17, 9], [17, 10], [18, 11], [19, 12], [19, 13], [18, 14], [17, 15], [18, 16], [19, 17]]
[[15, 1], [16, 2], [15, 3], [15, 4], [15, 5], [15, 6], [16, 7], [17, 8], [17, 9], [17, 10], [18, 11], [19, 12], [20, 13], [19, 14], [19, 15], [20, 16], [19, 17]]
[[15, 1], [14, 2], [14, 3], [15, 4], [15, 5], [16, 6], [15, 7], [15, 8], [16, 9], [17, 10], [18, 11], [17, 12], [18, 13], [17, 14], [18, 15], [18, 16], [19, 17]]
[[15, 1], [16, 2], [17, 3], [16, 4], [16, 5], [15, 6], [15, 7], [14, 8], [14, 9], [15, 10], [16, 11], [16, 12], [17, 13], [18, 14], [19, 15], [20, 16], [19, 17]]
[[15, 1], [16, 2], [15, 3], [16, 4], [16, 5], [17, 6], [18, 7], [19, 8], [19, 9], [20, 10], [19, 11], [20, 12], [19, 13], [18, 14], [19, 15], [18, 16], [19, 17]]
[[15, 1], [14, 2], [14, 3], [14, 4], [15, 5], [15, 6], [15, 7], [15, 8], [16, 9], [17, 10], [18, 11], [19, 12], [18, 13], [18, 14], [19, 15], [19, 16], [19, 17]]
[[15, 1], [16, 2], [15, 3], [16, 4], [16, 5], [17, 6], [18, 7], [19, 8], [19, 9], [20, 10], [19, 11], [20, 12], [19, 13], [18, 14], [19, 15], [19, 16], [19, 17]]
[[15, 1], [14, 1], [14, 2], [15, 3], [14, 4], [15, 5], [16, 6], [15, 7], [16, 8], [16, 9], [17, 10], [16, 11], [16, 12], [17, 13], [18, 14], [17, 15], [18, 16], [19, 17]]
[[15, 1], [16, 2], [15, 3], [15, 4], [16, 5], [16, 6], [17, 7], [18, 7], [18, 8], [19, 9], [19, 10], [19, 11], [19, 12], [18, 13], [17, 14], [17, 15], [18, 16], [19, 17]]
[[15, 1], [16, 2], [17, 3], [17, 4], [16, 5], [15, 6], [16, 6], [17, 7], [16, 8], [16, 9], [17, 10], [16, 11], [15, 12], [16, 13], [17, 14], [17, 15], [18, 16], [19, 17]]
[[15, 1], [14, 2], [14, 3], [15, 4], [16, 5], [17, 6], [18, 7], [19, 7], [18, 8], [19, 9], [20, 10], [20, 11], [19, 12], [19, 13], [19, 14], [20, 15], [20, 16], [20, 17], [19, 17]]
[[15, 1], [16, 2], [15, 3], [15, 4], [16, 5], [16, 6], [17, 7], [18, 7], [18, 8], [19, 9], [19, 10], [20, 10], [21, 11], [20, 12], [19, 13], [19, 14], [19, 15], [19, 16], [19, 17]]
