[[23, 10], [24, 9], [25, 9], [26, 10]]
[[23, 10], [24, 10], [25, 10], [26, 10]]
[[23, 10], [24, 10], [25, 9], [26, 10]]
[[23, 10], [24, 9], [25, 9], [26, 10]]
[[23, 10], [24, 9], [25, 10], [26, 10]]
[[23, 10], [24, 10], [25, 11], [26, 10]]
[[23, 10], [24, 9], [25, 10], [26, 10]]
[[23, 10], [24, 10], [25, 10], [26, 10]]
[[23, 10], [24, 10], [25, 9], [26, 10]]
[[23, 10], [24, 9], [24, 10], [25, 11], [26, 10]]
[[23, 10], [24, 9], [24, 10], [25, 11], [26, 10]]
[[23, 10], [24, 9], [24, 8], [24, 7], [24, 6], [25, 5], [26, 6], [27, 6], [28, 6], [29, 5], [28, 4], [27, 4], [27, 3], [28, 2], [27, 2], [26, 3], [25, 2], [24, 1], [24, 0], [23, 0], [23, 1], [22, 1], [22, 0], [21, 1], [21, 0], [20, 0], [19, 0], [18, 1], [18, 2], [18, 3], [19, 3], [19, 4], [18, 5], [18, 4], [17, 5], [17, 4], [16, 4], [15, 3], [14, 2], [14, 3], [13, 2], [14, 1], [14, 0], [15, 0], [16, 0], [15, 1], [16, 1], [16, 2], [17, 2], [16, 3], [17, 4], [17, 5], [18, 4], [18, 5], [19, 6], [20, 7], [19, 8], [19, 7], [20, 8], [19, 9], [20, 10], [21, 9], [22, 9], [22, 8], [21, 8], [22, 7], [22, 6], [23, 5], [24, 5], [25, 6], [24, 6], [23, 7], [24, 7], [25, 8], [25, 7], [26, 7], [27, 6], [28, 6], [27, 7], [26, 8], [27, 9], [26, 10]]
