[[29, 13], [28, 13], [27, 12], [26, 12], [25, 11], [24, 10], [23, 9], [22, 9], [21, 8], [20, 8], [19, 9], [18, 9]]
[[29, 13], [28, 13], [27, 12], [26, 11], [25, 10], [24, 9], [23, 9], [22, 8], [21, 7], [20, 8], [19, 9], [18, 9]]
[[29, 13], [28, 13], [27, 12], [26, 12], [25, 11], [24, 10], [23, 9], [22, 8], [21, 7], [20, 8], [19, 9], [18, 9]]
[[29, 13], [28, 13], [27, 12], [26, 11], [25, 10], [24, 10], [23, 10], [22, 9], [21, 10], [20, 9], [19, 10], [18, 9]]
[[29, 13], [28, 13], [27, 12], [26, 11], [25, 11], [24, 10], [23, 10], [22, 10], [21, 10], [20, 11], [19, 10], [18, 9]]
[[29, 13], [28, 13], [27, 14], [26, 14], [25, 13], [24, 14], [23, 13], [22, 12], [21, 11], [20, 11], [19, 10], [18, 9]]
[[29, 13], [28, 13], [27, 12], [26, 11], [25, 10], [24, 9], [23, 8], [22, 8], [21, 9], [20, 8], [19, 8], [18, 9]]
[[29, 13], [28, 13], [27, 12], [26, 12], [25, 11], [24, 10], [23, 9], [22, 9], [21, 8], [20, 8], [19, 9], [18, 9]]
[[29, 13], [28, 14], [27, 13], [26, 12], [25, 11], [24, 10], [23, 10], [22, 9], [21, 9], [20, 10], [19, 9], [18, 9]]
[[29, 13], [28, 14], [27, 14], [26, 15], [25, 15], [24, 14], [23, 13], [22, 13], [21, 12], [21, 11], [20, 10], [19, 9], [18, 9]]
[[29, 13], [28, 14], [27, 14], [26, 13], [25, 13], [24, 14], [23, 14], [22, 13], [21, 13], [20, 12], [20, 11], [19, 10], [19, 9], [18, 9]]
[[29, 13], [28, 13], [27, 12], [26, 11], [26, 10], [26, 9], [25, 10], [24, 10], [23, 9], [22, 9], [21, 8], [20, 9], [19, 9], [18, 9]]
[[29, 13], [28, 13], [27, 13], [26, 13], [25, 13], [24, 13], [23, 13], [22, 13], [21, 12], [21, 11], [21, 10], [20, 9], [19, 10], [20, 9], [19, 10], [18, 9]]
[[29, 13], [29, 14], [28, 13], [27, 12], [26, 13], [26, 14], [25, 14], [24, 13], [23, 13], [22, 13], [21, 13], [20, 12], [19, 11], [19, 10], [20, 9], [19, 9], [18, 9]]
[[29, 13], [28, 14], [27, 14], [26, 15], [25, 14], [25, 13], [25, 14], [24, 13], [24, 14], [23, 14], [22, 13], [21, 12], [20, 11], [19, 10], [18, 9], [18, 8], [18, 9], [17, 9], [18, 9]]
[[29, 13], [28, 13], [29, 14], [28, 15], [27, 14], [26, 15], [25, 15], [24, 14], [23, 13], [22, 14], [21, 15], [22, 16], [21, 16], [20, 15], [19, 14], [20, 13], [20, 14], [21, 13], [21, 14], [22, 13], [22, 12], [21, 12], [20, 11], [19, 11], [18, 11], [18, 10], [19, 9], [19, 10], [18, 9]]
[[29, 13], [29, 14], [28, 15], [28, 16], [28, 17], [27, 17], [26, 16], [27, 16], [26, 15], [25, 15], [24, 16], [25, 17], [24, 17], [25, 16], [24, 15], [23, 14], [23, 13], [24, 12], [24, 11], [23, 11], [22, 11], [21, 11], [21, 10], [22, 10], [23, 10], [22, 9], [21, 9], [20, 9], [19, 9], [18, 10], [18, 9]]
