[[14, 11], [15, 12], [16, 13], [17, 14], [18, 15], [18, 16]]
[[14, 11], [15, 12], [16, 13], [17, 14], [18, 15], [18, 16]]
[[14, 11], [15, 12], [15, 13], [16, 14], [17, 15], [18, 16]]
[[14, 11], [15, 12], [16, 13], [17, 14], [18, 15], [18, 16]]
[[14, 11], [14, 12], [15, 13], [16, 14], [17, 15], [18, 16]]
[[14, 11], [15, 12], [16, 13], [16, 14], [17, 15], [18, 16]]
[[14, 11], [15, 12], [15, 13], [16, 14], [17, 15], [18, 16]]
[[14, 11], [15, 12], [16, 13], [17, 14], [17, 15], [18, 16]]
[[14, 11], [15, 12], [16, 13], [17, 14], [18, 15], [18, 16]]
[[14, 11], [15, 12], [16, 13], [16, 14], [17, 14], [17, 15], [18, 16]]
[[14, 11], [14, 12], [15, 13], [16, 13], [16, 14], [17, 14], [17, 15], [18, 16]]
[[14, 11], [13, 11], [12, 11], [13, 10], [12, 9], [13, 9], [14, 9], [15, 9], [16, 10], [17, 9], [18, 8], [19, 9], [19, 8], [18, 9], [19, 10], [20, 10], [20, 11], [21, 10], [21, 11], [22, 12], [21, 13], [21, 12], [22, 11], [23, 11], [24, 10], [23, 9], [23, 8], [22, 7], [22, 8], [22, 9], [23, 10], [24, 11], [24, 12], [23, 13], [24, 13], [25, 13], [24, 14], [23, 14], [22, 13], [22, 14], [21, 15], [20, 16], [20, 15], [19, 16], [18, 17], [17, 16], [16, 17], [15, 16], [15, 17], [16, 18], [17, 18], [17, 19], [18, 18], [17, 17], [16, 16], [15, 15], [16, 14], [17, 14], [17, 15], [18, 14], [18, 15], [19, 16], [18, 16]]
