[[3, 14], [4, 15], [5, 14], [6, 13], [7, 12], [8, 13], [9, 13], [10, 14], [11, 15], [12, 15], [13, 16], [14, 17], [15, 18], [16, 19], [17, 19], [18, 19], [19, 18], [20, 18], [21, 17], [22, 16], [23, 16], [24, 15], [25, 14], [26, 15], [27, 16], [28, 15], [29, 16]]
[[3, 14], [4, 14], [5, 13], [6, 14], [7, 15], [8, 16], [9, 17], [10, 16], [11, 16], [12, 16], [13, 17], [14, 18], [15, 18], [16, 18], [17, 19], [18, 18], [19, 18], [20, 18], [21, 17], [22, 17], [23, 16], [24, 15], [25, 16], [26, 15], [27, 16], [28, 15], [29, 16]]
[[3, 14], [4, 13], [5, 14], [6, 13], [7, 14], [8, 13], [9, 13], [10, 14], [11, 15], [12, 15], [13, 15], [14, 16], [15, 17], [16, 18], [17, 18], [18, 17], [19, 17], [20, 16], [21, 16], [22, 17], [23, 16], [24, 17], [25, 16], [26, 15], [27, 15], [28, 15], [29, 16]]
[[3, 14], [4, 14], [5, 14], [6, 13], [7, 14], [8, 15], [9, 16], [10, 15], [11, 16], [12, 16], [13, 17], [14, 18], [15, 17], [16, 18], [17, 17], [18, 16], [19, 17], [20, 16], [21, 15], [22, 15], [23, 16], [24, 15], [25, 15], [26, 15], [27, 14], [28, 15], [29, 16]]
[[3, 14], [4, 14], [5, 13], [6, 12], [7, 12], [8, 13], [9, 13], [10, 14], [11, 14], [12, 15], [13, 15], [14, 16], [15, 16], [16, 17], [17, 16], [18, 15], [19, 16], [20, 17], [21, 17], [22, 17], [23, 16], [24, 17], [25, 16], [26, 16], [27, 15], [28, 16], [29, 16]]
[[3, 14], [4, 15], [5, 14], [6, 13], [7, 12], [8, 13], [9, 13], [10, 14], [11, 15], [12, 15], [13, 16], [14, 17], [15, 18], [16, 19], [17, 19], [18, 19], [19, 18], [20, 18], [21, 17], [22, 16], [23, 16], [24, 15], [25, 14], [26, 15], [27, 16], [28, 15], [29, 16]]
[[3, 14], [4, 15], [5, 15], [6, 15], [7, 14], [8, 15], [9, 15], [10, 15], [11, 16], [12, 15], [13, 16], [14, 17], [15, 18], [16, 19], [17, 19], [18, 19], [19, 18], [20, 18], [21, 17], [22, 18], [23, 18], [24, 17], [25, 17], [26, 16], [27, 16], [28, 16], [29, 16]]
[[3, 14], [4, 15], [5, 16], [6, 16], [7, 15], [8, 16], [9, 15], [10, 15], [11, 15], [12, 15], [13, 16], [14, 16], [15, 16], [16, 17], [17, 18], [18, 18], [19, 17], [20, 17], [21, 16], [22, 17], [23, 16], [24, 17], [25, 16], [26, 15], [27, 16], [28, 17], [29, 16]]
[[3, 14], [4, 14], [5, 13], [6, 12], [7, 13], [8, 13], [9, 13], [10, 14], [11, 13], [12, 14], [13, 15], [14, 16], [15, 17], [16, 16], [17, 17], [18, 17], [19, 16], [20, 15], [21, 14], [22, 15], [23, 14], [24, 13], [25, 14], [26, 13], [27, 14], [28, 15], [29, 16]]
[[3, 14], [4, 13], [5, 13], [6, 13], [7, 14], [8, 14], [9, 15], [10, 15], [11, 16], [12, 16], [13, 17], [14, 18], [15, 18], [16, 18], [17, 18], [18, 19], [19, 19], [20, 18], [21, 17], [22, 18], [23, 17], [24, 16], [25, 16], [26, 17], [27, 16], [28, 17], [29, 16]]
[[3, 14], [4, 14], [5, 14], [6, 15], [7, 16], [8, 17], [9, 18], [10, 17], [11, 16], [12, 16], [13, 17], [14, 17], [15, 17], [16, 17], [17, 17], [18, 18], [19, 17], [20, 17], [21, 16], [22, 17], [23, 18], [24, 17], [25, 16], [26, 15], [27, 15], [28, 16], [29, 16]]
[[3, 14], [4, 13], [5, 13], [6, 13], [7, 12], [8, 12], [9, 13], [10, 14], [11, 15], [12, 16], [13, 15], [14, 16], [15, 17], [16, 18], [17, 18], [18, 18], [19, 17], [20, 17], [21, 16], [22, 15], [23, 16], [24, 16], [25, 16], [26, 15], [27, 15], [28, 16], [29, 16]]
[[3, 14], [4, 14], [5, 14], [6, 15], [7, 16], [8, 17], [9, 18], [10, 17], [11, 16], [12, 16], [13, 17], [14, 17], [15, 17], [16, 17], [17, 17], [18, 18], [19, 18], [20, 18], [21, 17], [22, 16], [23, 15], [24, 15], [25, 14], [26, 14], [27, 15], [28, 16], [29, 16]]
[[3, 14], [4, 14], [5, 14], [6, 14], [7, 13], [8, 14], [9, 15], [10, 16], [11, 16], [12, 16], [13, 16], [14, 17], [15, 17], [16, 16], [17, 17], [18, 18], [19, 17], [20, 17], [21, 16], [22, 17], [23, 16], [24, 15], [25, 15], [26, 14], [27, 15], [28, 16], [29, 16]]
[[3, 14], [4, 15], [5, 14], [6, 15], [7, 16], [8, 16], [9, 17], [10, 18], [11, 17], [12, 16], [13, 17], [14, 17], [15, 17], [16, 17], [17, 17], [18, 17], [19, 17], [20, 17], [21, 18], [22, 18], [23, 18], [24, 17], [25, 16], [26, 17], [27, 18], [28, 17], [29, 16]]
[[3, 14], [4, 14], [5, 13], [6, 14], [7, 13], [8, 12], [9, 13], [10, 14], [11, 14], [12, 15], [13, 15], [14, 16], [14, 17], [15, 17], [16, 17], [17, 18], [18, 18], [19, 19], [20, 18], [21, 17], [22, 16], [23, 15], [24, 15], [25, 16], [26, 16], [27, 15], [28, 16], [29, 16]]
[[3, 14], [4, 13], [5, 12], [6, 13], [7, 14], [8, 14], [9, 15], [10, 16], [11, 17], [12, 16], [13, 16], [14, 17], [15, 17], [16, 16], [17, 17], [18, 16], [19, 17], [20, 17], [21, 16], [22, 15], [23, 16], [24, 15], [25, 14], [26, 14], [26, 15], [27, 15], [28, 16], [29, 16]]
[[3, 14], [4, 15], [5, 16], [6, 15], [7, 16], [8, 15], [9, 15], [10, 14], [11, 14], [12, 15], [13, 16], [14, 17], [14, 18], [15, 17], [16, 18], [17, 18], [18, 18], [19, 18], [20, 19], [21, 19], [22, 18], [23, 19], [24, 19], [25, 18], [26, 18], [26, 17], [27, 16], [28, 16], [29, 17], [29, 16]]
[[3, 14], [4, 15], [5, 16], [6, 16], [7, 17], [8, 18], [9, 17], [10, 16], [11, 15], [10, 15], [11, 14], [12, 15], [13, 15], [12, 15], [13, 16], [14, 17], [15, 18], [16, 18], [17, 19], [17, 18], [18, 19], [19, 19], [20, 18], [21, 18], [21, 17], [22, 16], [23, 17], [24, 16], [25, 15], [24, 15], [25, 15], [26, 14], [27, 15], [28, 16], [29, 16]]
[[3, 14], [4, 13], [4, 12], [5, 13], [6, 14], [7, 14], [7, 13], [8, 12], [8, 11], [9, 12], [10, 12], [11, 13], [11, 14], [12, 15], [12, 16], [13, 16], [14, 17], [15, 18], [15, 17], [14, 17], [15, 17], [16, 17], [17, 18], [18, 18], [17, 17], [17, 18], [18, 18], [19, 18], [20, 17], [19, 18], [20, 18], [21, 18], [22, 17], [23, 18], [24, 19], [25, 18], [26, 19], [27, 18], [28, 18], [28, 17], [29, 16]]
