[[20, 10], [19, 11], [18, 11], [17, 12], [16, 12], [15, 13], [14, 13], [13, 14], [12, 15], [11, 15], [10, 15], [9, 16], [8, 15], [7, 16], [6, 17], [5, 18]]
[[20, 10], [19, 11], [18, 12], [17, 13], [16, 14], [15, 15], [14, 16], [13, 17], [12, 16], [11, 17], [10, 18], [9, 17], [8, 18], [7, 18], [6, 19], [5, 18]]
[[20, 10], [19, 11], [18, 12], [17, 13], [16, 13], [15, 14], [14, 15], [13, 16], [12, 15], [11, 16], [10, 15], [9, 14], [8, 15], [7, 16], [6, 17], [5, 18]]
[[20, 10], [19, 11], [18, 11], [17, 11], [16, 12], [15, 13], [14, 14], [13, 14], [12, 15], [11, 14], [10, 14], [9, 14], [8, 15], [7, 16], [6, 17], [5, 18]]
[[20, 10], [19, 11], [18, 11], [17, 12], [16, 12], [15, 13], [14, 13], [13, 14], [12, 15], [11, 15], [10, 15], [9, 16], [8, 15], [7, 16], [6, 17], [5, 18]]
[[20, 10], [19, 11], [18, 12], [17, 13], [16, 12], [15, 13], [14, 14], [13, 14], [12, 13], [11, 14], [10, 14], [9, 15], [8, 15], [7, 16], [6, 17], [5, 18]]
[[20, 10], [19, 11], [18, 12], [17, 11], [16, 12], [15, 12], [14, 13], [13, 14], [12, 13], [11, 14], [10, 15], [9, 15], [8, 15], [7, 16], [6, 17], [5, 18]]
[[20, 10], [19, 11], [18, 11], [17, 11], [16, 12], [15, 13], [14, 13], [13, 14], [12, 15], [11, 15], [10, 14], [9, 15], [8, 15], [7, 16], [6, 17], [5, 18]]
[[20, 10], [19, 11], [18, 12], [17, 13], [16, 14], [15, 15], [14, 15], [13, 16], [12, 17], [11, 17], [10, 17], [9, 16], [8, 15], [7, 16], [6, 17], [5, 18]]
[[20, 10], [19, 11], [18, 11], [17, 12], [16, 13], [15, 14], [14, 14], [13, 15], [12, 15], [11, 15], [10, 15], [9, 14], [8, 15], [7, 16], [6, 17], [5, 18]]
[[20, 10], [19, 11], [18, 12], [17, 12], [16, 13], [15, 13], [14, 14], [13, 14], [12, 15], [11, 14], [10, 15], [9, 15], [8, 15], [7, 16], [6, 17], [5, 18]]
[[20, 10], [19, 11], [18, 12], [17, 13], [16, 12], [15, 13], [14, 14], [13, 14], [12, 15], [11, 15], [10, 15], [9, 15], [8, 15], [7, 16], [6, 17], [5, 18]]
[[20, 10], [19, 11], [18, 11], [17, 12], [16, 13], [15, 14], [14, 14], [13, 15], [12, 15], [11, 14], [10, 13], [9, 14], [8, 15], [7, 16], [6, 17], [5, 18]]
[[20, 10], [19, 11], [18, 12], [17, 13], [17, 14], [16, 15], [15, 16], [14, 17], [13, 18], [12, 17], [11, 18], [10, 17], [9, 18], [8, 18], [7, 18], [6, 17], [5, 18]]
[[20, 10], [19, 11], [18, 12], [18, 13], [17, 14], [16, 15], [15, 16], [14, 17], [13, 17], [12, 17], [11, 16], [10, 16], [9, 17], [8, 18], [7, 19], [8, 18], [7, 18], [7, 17], [6, 17], [5, 18]]
[[20, 10], [19, 11], [18, 12], [18, 13], [17, 14], [16, 14], [17, 13], [16, 14], [15, 14], [14, 15], [13, 15], [12, 16], [11, 17], [10, 18], [9, 17], [9, 16], [10, 15], [9, 16], [8, 15], [7, 16], [6, 17], [5, 17], [5, 18]]
[[20, 10], [19, 11], [18, 12], [17, 11], [17, 12], [16, 12], [16, 13], [17, 13], [16, 14], [15, 14], [14, 14], [13, 14], [12, 15], [11, 16], [10, 17], [11, 18], [10, 17], [10, 16], [9, 16], [9, 15], [8, 15], [7, 16], [6, 17], [5, 18]]
[[20, 10], [21, 10], [22, 10], [21, 9], [21, 10], [20, 10], [19, 11], [18, 12], [17, 13], [18, 12], [19, 11], [18, 12], [19, 12], [18, 13], [17, 12], [17, 13], [18, 14], [17, 14], [16, 15], [15, 15], [14, 15], [13, 15], [12, 16], [11, 16], [10, 16], [11, 17], [10, 18], [9, 17], [10, 17], [9, 16], [9, 15], [8, 15], [7, 16], [6, 17], [5, 18]]
[[20, 10], [21, 10], [20, 11], [19, 11], [20, 12], [21, 13], [21, 12], [20, 13], [19, 13], [20, 14], [21, 15], [20, 16], [20, 15], [19, 14], [18, 14], [18, 15], [17, 16], [17, 15], [17, 14], [17, 13], [16, 12], [15, 13], [15, 14], [15, 15], [14, 15], [14, 16], [15, 16], [15, 17], [15, 18], [14, 17], [13, 18], [12, 19], [13, 19], [12, 18], [11, 19], [10, 18], [10, 19], [11, 18], [11, 17], [11, 16], [10, 15], [10, 16], [9, 15], [9, 16], [8, 15], [7, 16], [6, 16], [6, 15], [7, 14], [6, 13], [5, 14], [4, 15], [5, 15], [4, 16], [3, 15], [2, 14], [1, 15], [0, 15], [1, 14], [2, 15], [1, 16], [0, 16], [1, 17], [2, 17], [2, 18], [3, 17], [2, 17], [3, 17], [4, 16], [4, 15], [5, 15], [5, 14], [6, 14], [5, 13], [6, 14], [5, 14], [6, 15], [7, 16], [7, 17], [7, 16], [6, 17], [5, 18], [5, 19], [5, 18]]
[[20, 10], [21, 10], [20, 11], [21, 11], [20, 10], [21, 11], [20, 12], [21, 12], [21, 13], [20, 14], [21, 14], [21, 15], [20, 14], [19, 13], [18, 12], [17, 13], [18, 14], [17, 15], [17, 16], [18, 17], [17, 17], [18, 18], [17, 17], [16, 18], [15, 18], [15, 19], [16, 18], [15, 17], [14, 16], [13, 15], [13, 16], [13, 17], [14, 18], [14, 17], [13, 17], [14, 16], [14, 15], [14, 14], [15, 13], [16, 13], [15, 13], [16, 12], [17, 12], [18, 12], [19, 11], [18, 11], [18, 10], [18, 9], [17, 8], [17, 7], [17, 6], [18, 5], [19, 5], [19, 6], [20, 5], [21, 6], [20, 7], [19, 8], [20, 7], [21, 8], [20, 7], [19, 6], [18, 5], [18, 6], [17, 5], [17, 6], [17, 7], [16, 8], [16, 9], [15, 9], [16, 8], [15, 9], [14, 10], [15, 10], [14, 11], [15, 12], [14, 12], [13, 13], [12, 12], [11, 12], [10, 13], [9, 13], [10, 14], [10, 15], [9, 14], [8, 14], [7, 15], [6, 15], [5, 15], [4, 16], [4, 15], [4, 16], [3, 16], [2, 15], [1, 16], [0, 16], [0, 17], [0, 18], [1, 18], [2, 18], [1, 18], [1, 19], [0, 19], [1, 18], [2, 18], [3, 17], [4, 18], [5, 18]]
