[[27, 17], [26, 16], [25, 15], [24, 14], [23, 13], [22, 12], [21, 11], [20, 10], [19, 9], [18, 8], [17, 7], [16, 6], [15, 5], [14, 4], [13, 3]]
[[27, 17], [26, 16], [25, 15], [24, 14], [23, 13], [22, 12], [21, 11], [20, 10], [19, 9], [18, 8], [17, 7], [16, 6], [15, 5], [14, 4], [13, 3]]
[[27, 17], [26, 16], [25, 15], [24, 14], [23, 13], [22, 12], [21, 11], [20, 10], [19, 9], [18, 8], [17, 7], [16, 6], [15, 5], [14, 4], [13, 3]]
[[27, 17], [26, 16], [25, 15], [24, 14], [23, 13], [22, 12], [21, 11], [20, 10], [19, 9], [18, 8], [17, 7], [16, 6], [15, 5], [14, 4], [13, 3]]
[[27, 17], [26, 16], [25, 15], [24, 14], [23, 13], [22, 12], [21, 11], [20, 10], [19, 9], [18, 8], [17, 7], [16, 6], [15, 5], [14, 4], [13, 3]]
[[27, 17], [26, 16], [25, 15], [24, 14], [23, 13], [22, 12], [21, 11], [20, 10], [19, 9], [18, 8], [17, 7], [16, 6], [15, 5], [14, 4], [13, 3]]
[[27, 17], [26, 16], [25, 15], [24, 14], [23, 13], [22, 12], [21, 11], [20, 10], [19, 9], [18, 8], [17, 7], [16, 6], [15, 5], [14, 4], [13, 3]]
[[27, 17], [26, 16], [25, 15], [24, 14], [23, 13], [22, 12], [21, 11], [20, 10], [19, 9], [18, 8], [17, 7], [16, 6], [15, 5], [14, 4], [13, 3]]
[[27, 17], [26, 16], [25, 15], [24, 14], [23, 13], [22, 12], [21, 11], [20, 10], [19, 9], [18, 8], [17, 7], [16, 6], [15, 5], [14, 4], [13, 3]]
[[27, 17], [26, 16], [25, 15], [24, 14], [23, 13], [22, 12], [21, 11], [20, 10], [19, 9], [18, 8], [17, 7], [16, 6], [15, 5], [14, 4], [13, 3]]
[[27, 17], [26, 16], [25, 15], [24, 14], [23, 13], [22, 12], [21, 11], [20, 10], [19, 9], [18, 8], [17, 7], [16, 6], [15, 5], [14, 4], [13, 3]]
[[27, 17], [26, 16], [25, 15], [24, 14], [23, 13], [22, 12], [21, 11], [20, 10], [19, 9], [18, 8], [17, 7], [16, 6], [15, 5], [14, 4], [13, 3]]
[[27, 17], [26, 16], [25, 15], [25, 14], [24, 13], [23, 12], [22, 11], [21, 10], [20, 10], [19, 9], [18, 8], [17, 7], [16, 6], [15, 5], [14, 4], [13, 3]]
[[27, 17], [26, 16], [25, 16], [24, 15], [23, 14], [22, 13], [21, 12], [20, 11], [19, 10], [18, 9], [17, 8], [16, 7], [15, 6], [14, 5], [14, 4], [13, 3]]
[[27, 17], [26, 17], [25, 16], [24, 15], [23, 14], [22, 13], [21, 12], [20, 11], [20, 10], [19, 9], [18, 8], [17, 7], [16, 6], [15, 5], [14, 4], [13, 3]]
[[27, 17], [26, 16], [25, 15], [24, 14], [23, 14], [23, 13], [22, 12], [21, 11], [20, 10], [19, 9], [18, 8], [17, 7], [16, 6], [15, 5], [14, 4], [13, 3]]
[[27, 17], [26, 16], [25, 15], [24, 14], [23, 13], [22, 13], [21, 12], [21, 11], [20, 10], [19, 9], [18, 8], [17, 7], [16, 6], [15, 5], [14, 4], [13, 3]]
[[27, 17], [26, 16], [25, 15], [24, 14], [23, 13], [22, 12], [21, 12], [20, 11], [19, 10], [18, 9], [17, 8], [16, 7], [15, 6], [15, 5], [14, 4], [13, 3]]
[[27, 17], [26, 16], [25, 15], [24, 14], [23, 13], [22, 12], [21, 12], [20, 11], [19, 10], [18, 9], [18, 8], [17, 7], [16, 6], [15, 5], [14, 4], [13, 3]]
[[27, 17], [26, 16], [25, 15], [24, 14], [23, 13], [22, 13], [21, 12], [20, 11], [19, 10], [18, 9], [17, 8], [16, 7], [16, 6], [15, 5], [14, 4], [13, 3]]
