[[21, 1], [21, 2], [20, 3], [19, 4], [18, 5], [19, 6], [19, 7], [18, 8], [17, 9], [16, 10], [15, 11]]
[[21, 1], [20, 2], [19, 3], [18, 4], [17, 5], [16, 6], [16, 7], [16, 8], [16, 9], [15, 10], [15, 11]]
[[21, 1], [20, 2], [20, 3], [19, 4], [18, 5], [17, 6], [16, 7], [15, 8], [16, 9], [15, 10], [15, 11]]
[[21, 1], [21, 2], [20, 3], [19, 4], [18, 5], [17, 6], [17, 7], [16, 8], [16, 9], [16, 10], [15, 11]]
[[21, 1], [21, 2], [20, 3], [19, 4], [18, 5], [19, 6], [19, 7], [18, 8], [17, 9], [16, 10], [15, 11]]
[[21, 1], [20, 2], [19, 3], [18, 4], [17, 5], [16, 6], [16, 7], [15, 8], [15, 9], [14, 10], [15, 11]]
[[21, 1], [20, 2], [20, 3], [19, 4], [18, 5], [17, 6], [16, 7], [16, 8], [16, 9], [15, 10], [15, 11]]
[[21, 1], [20, 2], [19, 3], [19, 4], [18, 5], [17, 6], [17, 7], [16, 8], [16, 9], [16, 10], [15, 11]]
[[21, 1], [20, 2], [19, 3], [18, 4], [17, 5], [17, 6], [17, 7], [16, 8], [16, 9], [16, 10], [15, 11]]
[[21, 1], [20, 2], [19, 3], [18, 4], [17, 5], [17, 6], [16, 7], [15, 8], [14, 9], [14, 10], [15, 11]]
[[21, 1], [20, 2], [19, 3], [18, 4], [17, 5], [16, 6], [15, 7], [14, 8], [15, 9], [14, 10], [15, 11]]
[[21, 1], [20, 2], [19, 3], [18, 4], [17, 5], [16, 6], [15, 7], [15, 8], [15, 9], [14, 10], [15, 11]]
[[21, 1], [20, 1], [19, 2], [18, 3], [18, 4], [17, 5], [16, 6], [17, 7], [17, 8], [16, 9], [15, 10], [15, 11]]
[[21, 1], [20, 1], [20, 2], [19, 3], [20, 3], [19, 4], [20, 5], [19, 6], [18, 7], [18, 8], [17, 9], [16, 10], [16, 11], [16, 12], [15, 13], [16, 12], [15, 11]]
[[21, 1], [21, 2], [20, 2], [19, 3], [19, 4], [18, 5], [17, 6], [16, 6], [15, 6], [14, 7], [14, 6], [15, 6], [14, 5], [13, 6], [13, 5], [12, 4], [13, 4], [14, 3], [13, 2], [12, 2], [12, 1], [11, 1], [10, 2], [10, 1], [9, 2], [9, 3], [10, 3], [11, 3], [11, 4], [10, 5], [10, 6], [10, 7], [9, 8], [10, 8], [11, 9], [11, 10], [12, 10], [13, 10], [13, 9], [14, 8], [15, 8], [15, 7], [14, 8], [13, 9], [12, 8], [12, 9], [13, 8], [14, 9], [14, 10], [15, 11], [14, 10], [15, 11]]
[[21, 1], [20, 1], [21, 0], [20, 1], [21, 1], [20, 2], [20, 3], [19, 4], [20, 5], [19, 6], [20, 5], [19, 6], [19, 7], [19, 6], [18, 7], [17, 6], [18, 7], [17, 6], [16, 7], [16, 8], [17, 7], [18, 8], [17, 9], [17, 10], [16, 10], [16, 9], [17, 10], [16, 11], [16, 12], [16, 13], [17, 12], [18, 13], [19, 13], [18, 14], [19, 15], [18, 16], [18, 15], [19, 16], [20, 17], [19, 17], [19, 18], [18, 18], [17, 17], [16, 18], [16, 19], [15, 18], [16, 17], [15, 16], [15, 17], [14, 16], [14, 17], [15, 16], [16, 17], [15, 17], [14, 17], [13, 16], [12, 16], [11, 15], [11, 14], [12, 15], [11, 14], [10, 15], [10, 14], [11, 13], [11, 12], [10, 12], [11, 13], [12, 13], [11, 12], [11, 11], [11, 12], [12, 12], [13, 11], [12, 10], [11, 9], [10, 8], [10, 9], [11, 8], [12, 9], [11, 9], [12, 9], [13, 9], [13, 8], [13, 9], [14, 9], [13, 9], [14, 9], [15, 10], [15, 11], [15, 12], [16, 11], [15, 12], [16, 11], [16, 10], [15, 11]]
[[21, 1], [20, 1], [21, 2], [22, 3], [22, 4], [21, 4], [21, 5], [22, 5], [23, 4], [24, 5], [25, 4], [24, 3], [23, 2], [24, 1], [24, 2], [25, 3], [26, 3], [26, 4], [25, 5], [25, 6], [25, 7], [24, 7], [25, 8], [26, 7], [27, 7], [28, 7], [27, 6], [28, 6], [29, 7], [29, 8], [29, 9], [28, 10], [29, 11], [28, 11], [29, 12], [28, 13], [27, 12], [27, 11], [26, 12], [26, 11], [26, 10], [27, 10], [27, 9], [28, 8], [27, 8], [26, 9], [25, 9], [24, 9], [23, 8], [22, 7], [23, 7], [22, 6], [21, 7], [20, 8], [19, 7], [18, 7], [17, 8], [17, 9], [18, 8], [19, 9], [19, 10], [20, 11], [20, 10], [19, 11], [18, 11], [17, 10], [16, 10], [16, 9], [15, 9], [16, 8], [17, 7], [16, 7], [16, 6], [15, 7], [15, 8], [14, 8], [14, 9], [13, 9], [13, 10], [13, 11], [14, 12], [13, 13], [14, 14], [15, 14], [14, 15], [14, 16], [15, 15], [15, 16], [16, 16], [16, 15], [16, 14], [17, 14], [17, 15], [18, 15], [19, 16], [18, 16], [17, 17], [18, 18], [17, 18], [18, 17], [19, 18], [20, 19], [20, 18], [19, 17], [20, 17], [21, 18], [22, 18], [23, 19], [22, 19], [23, 18], [23, 17], [22, 17], [21, 17], [20, 16], [20, 15], [21, 14], [22, 13], [22, 14], [23, 15], [22, 16], [21, 16], [21, 15], [20, 14], [20, 13], [19, 13], [19, 12], [18, 13], [17, 12], [17, 11], [16, 12], [16, 11], [15, 10], [14, 11], [15, 12], [15, 11]]
[[21, 1], [20, 1], [19, 0], [19, 1], [18, 2], [19, 3], [18, 4], [19, 5], [18, 5], [17, 6], [17, 5], [16, 6], [15, 7], [15, 8], [16, 7], [17, 7], [18, 8], [19, 9], [20, 9], [20, 10], [19, 10], [20, 10], [21, 11], [21, 12], [20, 13], [19, 12], [20, 12], [19, 13], [20, 13], [21, 14], [22, 14], [23, 15], [24, 14], [23, 15], [22, 16], [21, 15], [21, 16], [20, 15], [21, 15], [20, 16], [20, 15], [19, 16], [20, 17], [19, 16], [19, 15], [18, 15], [19, 15], [18, 15], [17, 15], [18, 16], [17, 17], [17, 18], [16, 17], [15, 17], [14, 16], [15, 15], [14, 14], [14, 13], [14, 14], [15, 15], [14, 15], [14, 16], [13, 16], [13, 15], [13, 14], [12, 15], [11, 14], [11, 13], [11, 12], [11, 11], [10, 12], [9, 13], [10, 13], [10, 14], [9, 13], [9, 14], [8, 13], [8, 14], [9, 15], [8, 14], [9, 15], [10, 15], [11, 16], [11, 17], [12, 18], [12, 17], [12, 18], [12, 17], [12, 16], [13, 17], [14, 17], [14, 18], [15, 18], [16, 18], [17, 19], [18, 18], [19, 19], [19, 18], [20, 19], [21, 18], [22, 17], [22, 18], [23, 19], [23, 18], [24, 17], [25, 18], [24, 18], [24, 17], [24, 18], [25, 18], [25, 17], [26, 18], [27, 18], [28, 17], [27, 16], [28, 15], [29, 15], [29, 14], [28, 13], [27, 12], [28, 12], [27, 13], [27, 14], [26, 13], [27, 12], [28, 11], [27, 10], [28, 9], [29, 8], [28, 7], [27, 7], [28, 8], [27, 8], [27, 7], [27, 6], [26, 6], [25, 5], [25, 4], [24, 3], [24, 2], [25, 3], [25, 2], [26, 1], [27, 2], [27, 1], [26, 0], [25, 0], [26, 0], [25, 0], [24, 0], [24, 1], [24, 2], [23, 3], [22, 4], [22, 5], [23, 6], [24, 7], [25, 7], [25, 6], [24, 5], [23, 4], [22, 3], [22, 4], [22, 5], [23, 6], [24, 7], [23, 7], [22, 7], [23, 7], [22, 8], [21, 9], [21, 10], [21, 11], [20, 12], [21, 11], [20, 12], [19, 11], [18, 11], [17, 10], [16, 11], [15, 11]]
