[[14, 15], [15, 14], [16, 13], [17, 12], [18, 11]]
[[14, 15], [15, 14], [16, 13], [17, 12], [18, 11]]
[[14, 15], [15, 14], [16, 13], [17, 12], [18, 11]]
[[14, 15], [15, 14], [16, 13], [17, 12], [18, 11]]
[[14, 15], [15, 14], [16, 13], [17, 12], [18, 11]]
[[14, 15], [15, 14], [16, 13], [17, 12], [18, 11]]
[[14, 15], [15, 14], [16, 13], [17, 12], [18, 11]]
[[14, 15], [15, 14], [16, 13], [17, 12], [18, 11]]
[[14, 15], [15, 14], [16, 13], [17, 12], [18, 11]]
[[14, 15], [15, 14], [16, 13], [17, 12], [18, 11]]
[[14, 15], [15, 14], [16, 13], [17, 12], [18, 11]]
[[14, 15], [15, 14], [16, 13], [17, 12], [18, 11]]
[[14, 15], [15, 14], [16, 13], [17, 12], [18, 11]]
[[14, 15], [15, 14], [16, 13], [17, 12], [18, 11]]
[[14, 15], [15, 14], [16, 13], [17, 12], [18, 11]]
[[14, 15], [15, 14], [16, 13], [17, 12], [18, 11]]
[[14, 15], [15, 14], [16, 13], [17, 12], [18, 11]]
[[14, 15], [15, 14], [16, 14], [17, 15], [16, 14], [16, 15], [16, 14], [17, 14], [18, 13], [19, 12], [18, 11]]
[[14, 15], [15, 16], [14, 17], [13, 17], [12, 17], [12, 16], [12, 17], [12, 16], [11, 17], [10, 18], [11, 18], [12, 18], [12, 19], [12, 18], [13, 17], [14, 18], [13, 17], [14, 16], [15, 17], [16, 17], [17, 17], [17, 18], [18, 19], [19, 18], [20, 18], [20, 17], [19, 16], [18, 17], [17, 16], [18, 15], [19, 14], [19, 13], [20, 12], [19, 11], [18, 11]]
[[14, 15], [15, 15], [14, 15], [15, 14], [16, 13], [15, 12], [15, 11], [16, 12], [16, 13], [15, 14], [16, 14], [17, 15], [17, 16], [17, 15], [18, 14], [19, 15], [20, 14], [19, 14], [19, 15], [20, 16], [21, 17], [20, 16], [21, 17], [22, 17], [21, 18], [20, 19], [21, 19], [22, 19], [21, 19], [22, 19], [23, 19], [24, 18], [24, 19], [25, 18], [26, 19], [27, 19], [26, 18], [26, 17], [26, 16], [25, 17], [26, 16], [25, 17], [25, 16], [24, 16], [24, 17], [25, 17], [25, 16], [26, 15], [27, 14], [26, 13], [25, 12], [26, 11], [25, 12], [24, 12], [23, 13], [22, 14], [21, 15], [22, 14], [22, 13], [23, 12], [22, 12], [22, 13], [21, 12], [22, 12], [23, 12], [22, 11], [21, 12], [20, 12], [19, 11], [18, 11]]
