[[8, 7], [8, 8], [7, 9], [7, 10], [6, 11], [5, 12], [4, 13], [3, 14], [2, 15], [2, 16], [1, 17]]
[[8, 7], [9, 8], [8, 9], [7, 10], [6, 11], [6, 12], [5, 13], [4, 14], [3, 15], [2, 16], [1, 17]]
[[8, 7], [7, 8], [6, 9], [7, 10], [7, 11], [6, 12], [5, 13], [4, 14], [3, 15], [2, 16], [1, 17]]
[[8, 7], [8, 8], [8, 9], [8, 10], [7, 11], [6, 12], [5, 13], [4, 14], [3, 15], [2, 16], [1, 17]]
[[8, 7], [8, 8], [8, 9], [8, 10], [7, 11], [6, 12], [5, 13], [4, 14], [3, 15], [2, 16], [1, 17]]
[[8, 7], [8, 8], [7, 9], [7, 10], [6, 11], [5, 12], [4, 13], [3, 14], [2, 15], [2, 16], [1, 17]]
[[8, 7], [7, 8], [6, 9], [5, 10], [5, 11], [5, 12], [4, 13], [3, 14], [3, 15], [2, 16], [1, 17]]
[[8, 7], [7, 8], [6, 9], [5, 10], [6, 11], [5, 12], [4, 13], [4, 14], [3, 15], [2, 16], [1, 17]]
[[8, 7], [7, 8], [6, 9], [5, 10], [4, 11], [4, 12], [3, 13], [2, 14], [1, 15], [2, 16], [1, 17]]
[[8, 7], [9, 8], [9, 9], [8, 10], [7, 11], [6, 12], [5, 13], [4, 14], [3, 15], [2, 16], [1, 17]]
[[8, 7], [8, 8], [9, 9], [8, 10], [7, 11], [6, 12], [5, 13], [4, 14], [3, 15], [2, 16], [1, 17]]
[[8, 7], [8, 8], [8, 9], [7, 10], [6, 11], [5, 12], [5, 13], [4, 14], [3, 15], [2, 16], [1, 17]]
[[8, 7], [8, 8], [8, 9], [7, 10], [6, 11], [5, 12], [4, 13], [3, 14], [3, 15], [2, 16], [1, 17]]
[[8, 7], [8, 8], [7, 9], [7, 10], [8, 11], [7, 12], [6, 13], [5, 14], [4, 15], [3, 16], [2, 16], [1, 17]]
[[8, 7], [8, 8], [8, 9], [8, 10], [9, 11], [8, 12], [7, 13], [7, 14], [6, 15], [5, 16], [4, 17], [3, 17], [2, 16], [1, 17]]
[[8, 7], [9, 8], [10, 9], [9, 10], [8, 11], [7, 12], [8, 13], [7, 14], [6, 15], [5, 16], [4, 16], [3, 16], [2, 16], [1, 17]]
[[8, 7], [7, 8], [8, 9], [7, 10], [8, 11], [7, 12], [6, 13], [6, 14], [5, 14], [5, 15], [4, 15], [3, 16], [2, 17], [1, 17]]
[[8, 7], [9, 8], [8, 9], [9, 10], [8, 11], [7, 11], [6, 11], [6, 12], [6, 13], [5, 14], [4, 15], [3, 15], [2, 15], [2, 16], [1, 17]]
[[8, 7], [9, 8], [8, 8], [9, 9], [9, 10], [8, 11], [7, 12], [6, 11], [5, 11], [4, 12], [5, 12], [4, 13], [3, 13], [4, 14], [4, 13], [4, 14], [4, 15], [3, 16], [2, 17], [1, 18], [1, 17], [1, 18], [1, 17]]
[[8, 7], [7, 6], [6, 6], [5, 6], [6, 7], [5, 8], [4, 9], [5, 9], [5, 10], [6, 11], [6, 12], [6, 13], [5, 13], [5, 12], [4, 13], [4, 14], [4, 15], [3, 16], [3, 17], [2, 16], [1, 15], [0, 15], [0, 16], [1, 17]]
