[[23, 7], [22, 7], [21, 6], [20, 7], [19, 8], [18, 8], [17, 9]]
[[23, 7], [22, 6], [21, 5], [20, 6], [19, 7], [18, 8], [17, 9]]
[[23, 7], [22, 7], [21, 8], [20, 8], [19, 9], [18, 10], [17, 9]]
[[23, 7], [22, 7], [21, 7], [20, 7], [19, 7], [18, 8], [17, 9]]
[[23, 7], [22, 8], [21, 7], [20, 8], [19, 8], [18, 8], [17, 9]]
[[23, 7], [22, 8], [21, 9], [20, 10], [19, 10], [18, 10], [17, 9]]
[[23, 7], [22, 7], [21, 8], [20, 7], [19, 8], [18, 8], [17, 9]]
[[23, 7], [22, 8], [21, 8], [20, 9], [19, 9], [18, 10], [17, 9]]
[[23, 7], [22, 8], [21, 9], [20, 8], [19, 9], [18, 9], [17, 9]]
[[23, 7], [22, 7], [21, 7], [20, 8], [19, 9], [18, 8], [17, 9]]
[[23, 7], [22, 8], [21, 9], [20, 9], [19, 9], [18, 9], [17, 9]]
[[23, 7], [22, 7], [21, 6], [20, 7], [19, 8], [18, 8], [17, 9]]
[[23, 7], [22, 8], [21, 8], [20, 8], [19, 9], [18, 10], [17, 9]]
[[23, 7], [22, 6], [21, 7], [20, 7], [19, 8], [18, 8], [17, 9]]
[[23, 7], [22, 8], [21, 9], [20, 10], [19, 11], [18, 10], [17, 9]]
[[23, 7], [22, 7], [21, 7], [20, 8], [19, 8], [18, 8], [18, 9], [17, 9]]
[[23, 7], [22, 8], [21, 8], [21, 7], [20, 7], [20, 8], [20, 9], [19, 10], [18, 10], [17, 9]]
[[23, 7], [23, 6], [22, 5], [23, 4], [22, 3], [23, 3], [22, 4], [23, 3], [22, 2], [22, 3], [23, 4], [23, 3], [24, 2], [25, 3], [24, 4], [24, 5], [25, 6], [25, 7], [24, 6], [25, 5], [26, 5], [25, 4], [25, 5], [26, 6], [27, 7], [28, 8], [29, 9], [28, 9], [27, 10], [26, 10], [26, 11], [26, 10], [25, 9], [25, 10], [24, 11], [25, 11], [25, 12], [26, 13], [25, 12], [24, 11], [23, 12], [22, 13], [23, 12], [23, 13], [22, 14], [21, 14], [20, 15], [19, 16], [20, 15], [19, 14], [19, 13], [18, 12], [18, 11], [17, 10], [16, 10], [15, 9], [16, 8], [17, 9]]
[[23, 7], [23, 6], [24, 6], [25, 7], [26, 6], [25, 6], [24, 7], [25, 8], [26, 8], [25, 9], [25, 10], [24, 11], [25, 11], [26, 11], [27, 12], [27, 11], [26, 10], [27, 9], [27, 10], [28, 10], [29, 11], [28, 11], [28, 12], [29, 12], [28, 13], [28, 14], [27, 14], [28, 15], [27, 16], [27, 17], [28, 18], [28, 19], [27, 18], [26, 17], [25, 17], [25, 16], [24, 17], [25, 18], [24, 19], [23, 19], [22, 19], [23, 18], [24, 18], [23, 17], [22, 18], [22, 17], [21, 17], [20, 17], [19, 18], [20, 18], [19, 19], [18, 18], [17, 18], [16, 17], [15, 16], [14, 15], [14, 16], [14, 17], [15, 18], [15, 19], [16, 18], [17, 17], [17, 16], [18, 16], [17, 15], [18, 15], [18, 14], [19, 13], [19, 14], [18, 13], [18, 12], [19, 12], [20, 12], [19, 11], [20, 11], [21, 10], [22, 10], [22, 9], [23, 9], [24, 10], [25, 9], [26, 9], [25, 10], [26, 10], [27, 10], [27, 11], [27, 12], [26, 11], [26, 12], [25, 12], [24, 11], [23, 10], [23, 11], [22, 12], [23, 13], [23, 14], [24, 14], [24, 13], [23, 12], [22, 13], [21, 13], [21, 12], [22, 11], [21, 11], [20, 10], [19, 10], [18, 11], [17, 11], [17, 10], [18, 10], [17, 9]]
