[[7, 14], [8, 15], [9, 15], [10, 16], [11, 17], [12, 17], [13, 18], [14, 18], [15, 19], [16, 18], [17, 18], [18, 17], [19, 16], [20, 17], [21, 18], [22, 18], [23, 19], [24, 18]]
[[7, 14], [8, 14], [9, 15], [10, 16], [11, 17], [12, 17], [13, 18], [14, 19], [15, 19], [16, 19], [17, 18], [18, 17], [19, 17], [20, 17], [21, 18], [22, 19], [23, 18], [24, 18]]
[[7, 14], [8, 15], [9, 16], [10, 17], [11, 17], [12, 16], [13, 17], [14, 18], [15, 18], [16, 18], [17, 18], [18, 19], [19, 18], [20, 19], [21, 19], [22, 18], [23, 18], [24, 18]]
[[7, 14], [8, 15], [9, 15], [10, 16], [11, 17], [12, 17], [13, 17], [14, 18], [15, 17], [16, 18], [17, 19], [18, 18], [19, 17], [20, 18], [21, 18], [22, 19], [23, 18], [24, 18]]
[[7, 14], [8, 15], [9, 15], [10, 16], [11, 17], [12, 17], [13, 18], [14, 18], [15, 19], [16, 18], [17, 18], [18, 17], [19, 16], [20, 17], [21, 18], [22, 18], [23, 19], [24, 18]]
[[7, 14], [8, 14], [9, 15], [10, 16], [11, 15], [12, 16], [13, 17], [14, 18], [15, 18], [16, 19], [17, 18], [18, 18], [19, 17], [20, 18], [21, 18], [22, 18], [23, 18], [24, 18]]
[[7, 14], [8, 15], [9, 15], [10, 15], [11, 15], [12, 16], [13, 17], [14, 18], [15, 18], [16, 18], [17, 18], [18, 19], [19, 18], [20, 19], [21, 19], [22, 18], [23, 18], [24, 18]]
[[7, 14], [8, 15], [9, 16], [10, 17], [11, 18], [12, 17], [13, 18], [14, 18], [15, 18], [16, 17], [17, 18], [18, 19], [19, 18], [20, 17], [21, 17], [22, 18], [23, 18], [24, 18]]
[[7, 14], [8, 15], [9, 15], [10, 14], [11, 15], [12, 16], [13, 17], [14, 17], [15, 18], [16, 17], [17, 18], [18, 18], [19, 18], [20, 17], [21, 17], [22, 18], [23, 19], [24, 18]]
[[7, 14], [8, 15], [9, 15], [10, 14], [11, 15], [12, 15], [13, 15], [14, 16], [15, 17], [16, 16], [17, 16], [18, 17], [19, 17], [20, 16], [21, 17], [22, 17], [23, 18], [24, 18]]
[[7, 14], [8, 15], [9, 16], [10, 17], [11, 17], [12, 17], [13, 17], [14, 18], [15, 17], [16, 17], [17, 16], [18, 17], [19, 17], [20, 18], [21, 19], [22, 18], [23, 19], [24, 18]]
[[7, 14], [8, 14], [9, 15], [10, 16], [11, 17], [12, 17], [13, 18], [14, 19], [15, 19], [16, 19], [17, 18], [18, 17], [19, 16], [20, 17], [21, 18], [22, 18], [23, 18], [24, 18]]
[[7, 14], [8, 14], [9, 15], [10, 16], [11, 15], [12, 16], [13, 17], [14, 16], [15, 17], [16, 18], [17, 18], [18, 18], [19, 19], [20, 19], [21, 18], [22, 17], [23, 18], [24, 18]]
[[7, 14], [8, 14], [9, 15], [10, 16], [11, 17], [12, 17], [13, 18], [14, 17], [15, 18], [16, 19], [17, 18], [18, 17], [19, 17], [20, 16], [21, 16], [22, 17], [23, 18], [24, 18]]
[[7, 14], [8, 15], [9, 15], [10, 16], [11, 17], [12, 16], [12, 17], [13, 18], [14, 18], [15, 18], [16, 18], [17, 18], [18, 18], [19, 19], [20, 18], [21, 18], [22, 18], [23, 18], [24, 18]]
[[7, 14], [8, 15], [9, 16], [10, 15], [11, 15], [12, 15], [13, 15], [14, 16], [15, 17], [16, 18], [17, 18], [18, 18], [19, 18], [20, 17], [20, 18], [21, 18], [22, 17], [23, 18], [24, 18]]
[[7, 14], [8, 14], [9, 15], [10, 16], [11, 17], [12, 16], [12, 17], [13, 18], [14, 18], [15, 17], [16, 17], [17, 18], [18, 18], [18, 17], [19, 18], [20, 18], [21, 19], [22, 18], [23, 19], [24, 18]]
[[7, 14], [8, 15], [9, 16], [10, 16], [10, 17], [11, 18], [12, 17], [11, 18], [12, 17], [13, 18], [14, 18], [15, 18], [16, 19], [17, 19], [18, 19], [19, 18], [20, 17], [21, 18], [22, 19], [22, 18], [23, 19], [24, 18]]
[[7, 14], [8, 15], [9, 15], [10, 16], [11, 17], [12, 16], [12, 17], [13, 18], [14, 17], [14, 18], [15, 17], [16, 18], [15, 18], [16, 19], [17, 19], [17, 18], [18, 18], [19, 18], [20, 19], [21, 19], [22, 18], [21, 19], [22, 18], [23, 19], [24, 18]]
[[7, 14], [8, 14], [9, 15], [10, 16], [11, 15], [12, 16], [13, 17], [14, 17], [15, 18], [15, 19], [16, 18], [17, 18], [17, 19], [18, 18], [19, 19], [20, 19], [21, 19], [22, 18], [23, 19], [24, 18], [23, 19], [24, 18], [25, 18], [24, 17], [25, 18], [26, 19], [25, 18], [24, 18]]
