[[7, 16], [8, 15], [9, 14], [10, 15], [11, 14], [12, 13], [13, 13], [14, 13], [15, 12], [16, 12], [17, 12], [18, 11], [19, 10], [20, 9], [21, 8], [22, 7], [23, 6], [24, 5], [25, 4], [26, 3]]
[[7, 16], [8, 15], [9, 14], [10, 15], [11, 14], [12, 13], [13, 14], [14, 13], [15, 13], [16, 12], [17, 11], [18, 10], [19, 9], [20, 8], [21, 7], [22, 6], [23, 6], [24, 5], [25, 4], [26, 3]]
[[7, 16], [8, 15], [9, 14], [10, 13], [11, 13], [12, 12], [13, 11], [14, 10], [15, 9], [16, 10], [17, 10], [18, 10], [19, 9], [20, 8], [21, 7], [22, 7], [23, 6], [24, 5], [25, 4], [26, 3]]
[[7, 16], [8, 15], [9, 15], [10, 14], [11, 13], [12, 14], [13, 13], [14, 12], [15, 12], [16, 11], [17, 11], [18, 11], [19, 10], [20, 9], [21, 8], [22, 7], [23, 6], [24, 5], [25, 4], [26, 3]]
[[7, 16], [8, 15], [9, 14], [10, 15], [11, 14], [12, 13], [13, 13], [14, 13], [15, 12], [16, 12], [17, 12], [18, 11], [19, 10], [20, 9], [21, 8], [22, 7], [23, 6], [24, 5], [25, 4], [26, 3]]
[[7, 16], [8, 15], [9, 14], [10, 14], [11, 14], [12, 13], [13, 13], [14, 12], [15, 11], [16, 11], [17, 10], [18, 10], [19, 10], [20, 9], [21, 8], [22, 7], [23, 6], [24, 5], [25, 4], [26, 3]]
[[7, 16], [8, 15], [9, 14], [10, 13], [11, 12], [12, 11], [13, 11], [14, 11], [15, 12], [16, 11], [17, 11], [18, 10], [19, 9], [20, 9], [21, 8], [22, 7], [23, 6], [24, 5], [25, 4], [26, 3]]
[[7, 16], [8, 16], [9, 16], [10, 15], [11, 14], [12, 13], [13, 14], [14, 13], [15, 13], [16, 12], [17, 11], [18, 11], [19, 10], [20, 9], [21, 8], [22, 7], [23, 6], [24, 5], [25, 4], [26, 3]]
[[7, 16], [8, 15], [9, 16], [10, 15], [11, 14], [12, 15], [13, 14], [14, 13], [15, 13], [16, 12], [17, 11], [18, 10], [19, 10], [20, 9], [21, 8], [22, 7], [23, 6], [24, 5], [25, 4], [26, 3]]
[[7, 16], [8, 15], [9, 15], [10, 14], [11, 13], [12, 14], [13, 13], [14, 13], [15, 13], [16, 12], [17, 11], [18, 10], [19, 9], [20, 8], [21, 7], [22, 6], [23, 6], [24, 5], [25, 4], [26, 3]]
[[7, 16], [8, 16], [9, 16], [10, 16], [11, 15], [12, 15], [13, 14], [14, 13], [15, 12], [16, 11], [17, 11], [18, 10], [19, 9], [20, 8], [21, 7], [22, 7], [23, 6], [24, 5], [25, 4], [26, 3]]
[[7, 16], [8, 15], [9, 15], [10, 14], [11, 14], [12, 13], [13, 13], [14, 12], [15, 12], [16, 11], [17, 12], [18, 11], [19, 10], [20, 9], [21, 8], [22, 7], [23, 6], [24, 5], [25, 4], [26, 3]]
[[7, 16], [8, 15], [9, 16], [10, 16], [11, 15], [12, 15], [13, 14], [14, 13], [15, 12], [16, 11], [17, 11], [18, 10], [19, 10], [20, 9], [21, 8], [22, 7], [23, 6], [24, 5], [25, 4], [26, 3]]
[[7, 16], [8, 15], [9, 14], [10, 14], [11, 13], [12, 12], [13, 11], [14, 10], [15, 11], [16, 11], [17, 10], [18, 9], [19, 8], [20, 7], [21, 6], [22, 7], [23, 6], [24, 5], [25, 4], [26, 3]]
[[7, 16], [8, 16], [9, 15], [10, 14], [11, 14], [12, 14], [13, 13], [14, 12], [15, 12], [16, 11], [17, 11], [18, 10], [19, 9], [20, 8], [21, 8], [22, 7], [23, 6], [24, 5], [25, 4], [26, 3]]
[[7, 16], [8, 15], [9, 15], [10, 15], [11, 14], [12, 13], [13, 14], [14, 13], [15, 12], [16, 11], [17, 11], [18, 10], [18, 9], [19, 10], [20, 9], [21, 8], [22, 7], [23, 6], [24, 5], [25, 4], [26, 3]]
[[7, 16], [8, 15], [9, 14], [10, 14], [11, 14], [12, 14], [13, 13], [14, 12], [15, 12], [16, 11], [17, 10], [18, 11], [19, 10], [19, 9], [20, 8], [21, 8], [22, 7], [23, 6], [24, 5], [25, 4], [26, 3]]
[[7, 16], [8, 15], [9, 14], [10, 13], [11, 14], [12, 14], [13, 14], [14, 15], [15, 15], [16, 14], [17, 13], [18, 12], [19, 11], [20, 11], [21, 10], [22, 9], [23, 8], [22, 7], [23, 6], [24, 5], [25, 4], [26, 3]]
[[7, 16], [8, 16], [9, 15], [10, 16], [11, 16], [12, 15], [13, 14], [14, 15], [15, 14], [16, 14], [17, 13], [18, 12], [19, 11], [20, 10], [21, 10], [22, 9], [21, 8], [22, 7], [23, 6], [24, 5], [25, 4], [26, 3]]
[[7, 16], [8, 15], [9, 16], [10, 15], [11, 14], [12, 14], [13, 13], [14, 12], [15, 12], [16, 12], [17, 13], [18, 12], [19, 11], [20, 11], [21, 10], [22, 9], [23, 8], [24, 7], [24, 6], [25, 5], [26, 4], [26, 3]]
