[[16, 14], [15, 15], [14, 14], [13, 13], [12, 12]]
[[16, 14], [15, 13], [14, 13], [13, 13], [12, 12]]
[[16, 14], [15, 14], [14, 13], [13, 12], [12, 12]]
[[16, 14], [15, 13], [14, 12], [13, 11], [12, 12]]
[[16, 14], [15, 15], [14, 14], [13, 13], [12, 12]]
[[16, 14], [15, 15], [14, 14], [13, 13], [12, 12]]
[[16, 14], [15, 14], [14, 13], [13, 12], [12, 12]]
[[16, 14], [15, 13], [14, 12], [13, 13], [12, 12]]
[[16, 14], [15, 13], [14, 14], [13, 13], [12, 12]]
[[16, 14], [15, 13], [14, 12], [13, 13], [12, 12]]
[[16, 14], [15, 14], [14, 13], [13, 12], [12, 12]]
[[16, 14], [15, 13], [14, 12], [13, 13], [12, 12]]
[[16, 14], [15, 15], [14, 14], [13, 13], [12, 12]]
[[16, 14], [15, 13], [14, 13], [13, 12], [12, 12]]
[[16, 14], [15, 13], [14, 13], [13, 12], [12, 12]]
[[16, 14], [15, 15], [14, 14], [13, 13], [12, 12]]
[[16, 14], [15, 13], [14, 13], [13, 12], [12, 12]]
[[16, 14], [16, 13], [15, 12], [14, 11], [13, 12], [12, 12]]
[[16, 14], [15, 15], [14, 14], [15, 15], [14, 15], [14, 16], [14, 17], [15, 16], [15, 15], [14, 16], [13, 17], [14, 17], [15, 17], [16, 17], [17, 16], [16, 15], [17, 14], [17, 15], [17, 14], [18, 13], [17, 12], [16, 11], [17, 11], [16, 11], [15, 12], [14, 11], [14, 12], [14, 13], [13, 13], [12, 12]]
[[16, 14], [17, 15], [17, 14], [16, 15], [16, 16], [15, 17], [15, 16], [16, 15], [15, 14], [15, 15], [14, 16], [13, 17], [12, 18], [11, 17], [10, 18], [10, 19], [11, 19], [12, 19], [11, 18], [10, 17], [11, 16], [12, 17], [13, 16], [14, 15], [13, 15], [12, 16], [12, 15], [12, 14], [13, 14], [14, 13], [15, 12], [16, 11], [17, 12], [16, 13], [15, 13], [14, 14], [13, 13], [12, 13], [12, 12]]
