[[22, 13], [22, 12], [23, 11], [22, 10], [21, 9], [21, 8], [21, 7], [20, 6], [19, 5]]
[[22, 13], [21, 12], [20, 11], [19, 10], [19, 9], [18, 8], [19, 7], [19, 6], [19, 5]]
[[22, 13], [21, 12], [22, 11], [21, 10], [20, 9], [20, 8], [19, 7], [20, 6], [19, 5]]
[[22, 13], [21, 12], [21, 11], [21, 10], [20, 9], [20, 8], [19, 7], [20, 6], [19, 5]]
[[22, 13], [21, 12], [20, 11], [20, 10], [19, 9], [19, 8], [19, 7], [18, 6], [19, 5]]
[[22, 13], [23, 12], [22, 11], [21, 10], [20, 9], [21, 8], [21, 7], [20, 6], [19, 5]]
[[22, 13], [22, 12], [22, 11], [23, 10], [22, 9], [21, 8], [20, 7], [19, 6], [19, 5]]
[[22, 13], [21, 12], [21, 11], [21, 10], [20, 9], [19, 8], [18, 7], [18, 6], [19, 5]]
[[22, 13], [21, 12], [20, 11], [20, 10], [19, 9], [19, 8], [18, 7], [18, 6], [19, 5]]
[[22, 13], [22, 12], [23, 11], [22, 10], [21, 9], [21, 8], [21, 7], [20, 6], [19, 5]]
[[22, 13], [21, 12], [21, 11], [21, 10], [20, 9], [20, 8], [19, 7], [20, 6], [19, 5]]
[[22, 13], [23, 12], [23, 11], [22, 10], [22, 9], [21, 8], [20, 7], [19, 6], [19, 5]]
[[22, 13], [21, 12], [20, 11], [20, 10], [19, 9], [19, 8], [20, 7], [19, 6], [19, 5]]
[[22, 13], [21, 12], [20, 11], [20, 10], [21, 9], [20, 8], [21, 7], [20, 6], [19, 5]]
[[22, 13], [21, 12], [22, 11], [21, 10], [20, 9], [21, 9], [20, 8], [20, 7], [20, 6], [19, 5]]
[[22, 13], [21, 12], [21, 11], [22, 11], [22, 10], [22, 9], [22, 8], [22, 7], [21, 8], [20, 8], [21, 7], [20, 6], [19, 5]]
[[22, 13], [23, 13], [22, 12], [23, 12], [23, 11], [22, 10], [21, 10], [20, 9], [20, 8], [19, 8], [19, 7], [19, 6], [19, 5]]
[[22, 13], [22, 12], [22, 11], [21, 10], [20, 9], [19, 8], [19, 9], [18, 8], [19, 7], [20, 6], [21, 5], [20, 4], [19, 3], [19, 4], [19, 5]]
[[22, 13], [21, 14], [21, 13], [20, 12], [20, 11], [19, 10], [20, 10], [20, 9], [19, 9], [19, 8], [20, 8], [20, 7], [19, 6], [18, 6], [17, 7], [17, 6], [16, 6], [17, 5], [17, 4], [18, 4], [19, 5]]
[[22, 13], [23, 14], [23, 13], [23, 12], [24, 11], [23, 11], [22, 10], [23, 10], [22, 9], [23, 9], [24, 10], [23, 9], [23, 8], [24, 7], [25, 6], [25, 5], [26, 6], [25, 5], [26, 4], [25, 3], [26, 3], [26, 4], [27, 3], [28, 4], [29, 3], [28, 2], [28, 1], [29, 1], [28, 0], [28, 1], [27, 1], [28, 1], [27, 0], [28, 1], [27, 1], [26, 1], [25, 1], [24, 2], [23, 2], [23, 1], [22, 1], [22, 2], [22, 3], [23, 2], [23, 3], [24, 3], [25, 2], [26, 3], [26, 2], [25, 1], [24, 2], [25, 2], [24, 2], [25, 2], [24, 1], [23, 1], [22, 0], [21, 1], [21, 2], [21, 3], [20, 2], [19, 2], [19, 3], [20, 4], [19, 5]]
