[[23, 18], [24, 18], [25, 17], [26, 17], [27, 17], [28, 16], [29, 15]]
[[23, 18], [24, 17], [25, 17], [26, 17], [27, 17], [28, 16], [29, 15]]
[[23, 18], [24, 17], [25, 16], [26, 15], [27, 14], [28, 14], [29, 15]]
[[23, 18], [24, 18], [25, 17], [26, 16], [27, 17], [28, 16], [29, 15]]
[[23, 18], [24, 18], [25, 17], [26, 17], [27, 17], [28, 16], [29, 15]]
[[23, 18], [24, 17], [25, 16], [26, 15], [27, 14], [28, 15], [29, 15]]
[[23, 18], [24, 19], [25, 18], [26, 18], [27, 17], [28, 16], [29, 15]]
[[23, 18], [24, 17], [25, 16], [26, 15], [27, 14], [28, 15], [29, 15]]
[[23, 18], [24, 18], [25, 18], [26, 18], [27, 17], [28, 16], [29, 15]]
[[23, 18], [24, 17], [25, 16], [26, 15], [27, 14], [28, 14], [29, 15]]
[[23, 18], [24, 18], [25, 17], [26, 17], [27, 17], [28, 16], [29, 15]]
[[23, 18], [24, 19], [25, 18], [26, 17], [27, 18], [28, 17], [28, 16], [29, 15]]
[[23, 18], [24, 18], [25, 19], [26, 18], [27, 17], [28, 17], [29, 16], [29, 15]]
[[23, 18], [24, 18], [25, 19], [26, 18], [27, 18], [28, 17], [29, 16], [29, 15]]
[[23, 18], [24, 17], [25, 16], [26, 15], [27, 14], [28, 15], [28, 16], [29, 15]]
[[23, 18], [23, 17], [23, 16], [24, 17], [24, 16], [25, 15], [26, 14], [27, 14], [28, 15], [29, 14], [29, 15]]
[[23, 18], [23, 19], [24, 18], [24, 17], [24, 18], [25, 17], [25, 16], [26, 15], [27, 14], [27, 13], [27, 14], [28, 15], [29, 14], [28, 14], [27, 14], [28, 15], [29, 15]]
[[23, 18], [22, 17], [21, 17], [20, 16], [19, 15], [18, 16], [18, 15], [18, 14], [19, 14], [20, 14], [21, 15], [21, 16], [22, 16], [23, 15], [24, 16], [24, 15], [25, 14], [26, 15], [27, 14], [26, 14], [27, 13], [28, 14], [28, 13], [29, 13], [29, 14], [28, 15], [29, 15]]
