[[10, 4], [9, 4], [8, 5], [7, 6], [6, 7], [5, 8], [4, 9], [3, 10], [2, 11], [1, 12]]
[[10, 4], [9, 4], [8, 5], [7, 6], [6, 7], [5, 8], [4, 9], [3, 10], [2, 11], [1, 12]]
[[10, 4], [9, 4], [8, 5], [7, 6], [6, 7], [5, 8], [4, 9], [3, 10], [2, 11], [1, 12]]
[[10, 4], [9, 4], [8, 5], [7, 6], [6, 7], [5, 8], [4, 9], [3, 10], [2, 11], [1, 12]]
[[10, 4], [9, 4], [8, 5], [7, 6], [6, 7], [5, 8], [4, 9], [3, 10], [2, 11], [1, 12]]
[[10, 4], [9, 4], [8, 5], [7, 6], [6, 7], [5, 8], [4, 9], [3, 10], [2, 11], [1, 12]]
[[10, 4], [9, 4], [8, 5], [7, 6], [6, 7], [5, 8], [4, 9], [3, 10], [2, 11], [1, 12]]
[[10, 4], [9, 4], [8, 5], [7, 6], [6, 7], [5, 8], [4, 9], [3, 10], [2, 11], [1, 12]]
[[10, 4], [9, 4], [8, 5], [7, 6], [6, 7], [5, 8], [4, 9], [3, 10], [2, 11], [1, 12]]
[[10, 4], [9, 4], [8, 5], [7, 6], [6, 7], [5, 8], [4, 9], [3, 10], [2, 11], [1, 12]]
[[10, 4], [9, 4], [8, 5], [7, 6], [6, 7], [5, 8], [4, 9], [3, 10], [2, 11], [1, 12]]
[[10, 4], [9, 4], [8, 5], [7, 6], [6, 7], [5, 8], [4, 9], [3, 10], [2, 11], [1, 12]]
[[10, 4], [10, 5], [9, 4], [8, 5], [7, 6], [6, 7], [5, 8], [4, 9], [3, 10], [2, 11], [1, 12]]
[[10, 4], [10, 5], [9, 6], [8, 7], [7, 8], [6, 9], [5, 8], [4, 9], [3, 10], [2, 11], [1, 12]]
[[10, 4], [10, 5], [9, 6], [8, 5], [7, 6], [6, 7], [5, 8], [4, 9], [3, 10], [2, 11], [1, 12]]
[[10, 4], [9, 4], [8, 5], [9, 6], [8, 7], [7, 8], [6, 9], [5, 8], [4, 9], [3, 10], [2, 11], [1, 12]]
[[10, 4], [9, 4], [8, 5], [7, 6], [8, 7], [7, 7], [6, 7], [5, 8], [4, 9], [3, 10], [2, 11], [1, 12]]
[[10, 4], [10, 5], [9, 6], [8, 6], [8, 7], [7, 7], [6, 7], [5, 8], [4, 9], [3, 10], [2, 11], [1, 12]]
[[10, 4], [9, 4], [8, 3], [7, 3], [6, 4], [5, 5], [5, 6], [5, 7], [4, 8], [3, 9], [2, 10], [1, 11], [1, 12]]
[[10, 4], [11, 5], [10, 5], [11, 6], [10, 7], [9, 7], [8, 7], [7, 8], [6, 9], [6, 10], [5, 9], [4, 10], [3, 10], [2, 11], [1, 12]]
