[[22, 13], [21, 13], [20, 14], [19, 15], [18, 16], [17, 16], [16, 17], [15, 17], [14, 18]]
[[22, 13], [21, 13], [20, 14], [19, 15], [18, 16], [17, 17], [16, 17], [15, 17], [14, 18]]
[[22, 13], [21, 13], [20, 14], [19, 15], [18, 15], [17, 16], [16, 17], [15, 17], [14, 18]]
[[22, 13], [21, 13], [20, 14], [19, 15], [18, 16], [17, 16], [16, 17], [15, 17], [14, 18]]
[[22, 13], [21, 13], [20, 14], [19, 15], [18, 16], [17, 17], [16, 17], [15, 18], [14, 18]]
[[22, 13], [21, 13], [20, 14], [19, 15], [18, 16], [17, 17], [16, 17], [15, 18], [14, 18]]
[[22, 13], [21, 13], [20, 14], [19, 15], [18, 16], [17, 16], [16, 17], [15, 18], [14, 18]]
[[22, 13], [21, 14], [20, 15], [19, 15], [18, 16], [17, 17], [16, 18], [15, 19], [14, 18]]
[[22, 13], [21, 13], [20, 14], [19, 15], [18, 14], [17, 15], [16, 16], [15, 17], [14, 18]]
[[22, 13], [21, 14], [20, 15], [19, 16], [18, 17], [17, 17], [16, 18], [15, 17], [14, 18]]
[[22, 13], [21, 13], [20, 14], [19, 15], [18, 16], [17, 17], [16, 18], [15, 17], [14, 18]]
[[22, 13], [21, 13], [20, 14], [19, 15], [18, 16], [17, 17], [16, 18], [15, 19], [14, 18]]
[[22, 13], [22, 14], [21, 15], [20, 15], [19, 16], [18, 16], [17, 17], [16, 16], [15, 17], [14, 18]]
[[22, 13], [21, 14], [20, 15], [19, 15], [18, 16], [17, 15], [16, 16], [16, 17], [15, 18], [14, 18]]
[[22, 13], [22, 14], [21, 15], [20, 16], [19, 17], [18, 18], [17, 17], [16, 17], [15, 18], [14, 18]]
[[22, 13], [22, 14], [21, 15], [20, 14], [19, 15], [18, 15], [17, 15], [16, 16], [15, 17], [14, 18]]
[[22, 13], [21, 14], [20, 15], [19, 15], [18, 16], [17, 17], [16, 18], [17, 17], [16, 18], [15, 19], [14, 18]]
[[22, 13], [22, 14], [21, 15], [20, 16], [19, 16], [18, 17], [17, 16], [16, 16], [15, 17], [16, 17], [15, 17], [14, 18]]
[[22, 13], [21, 14], [21, 15], [20, 16], [19, 17], [18, 17], [19, 18], [18, 18], [17, 17], [16, 18], [15, 17], [15, 18], [14, 18]]
[[22, 13], [23, 14], [22, 15], [21, 16], [20, 17], [19, 18], [18, 18], [18, 19], [17, 19], [16, 18], [15, 18], [14, 17], [14, 18]]
