[[7, 11], [8, 10], [9, 9], [10, 9], [11, 9], [12, 8], [13, 9], [14, 10], [15, 10], [16, 9], [17, 8], [18, 9], [19, 10], [20, 9]]
[[7, 11], [8, 10], [9, 9], [10, 8], [11, 7], [12, 7], [13, 7], [14, 8], [15, 7], [16, 8], [17, 8], [18, 9], [19, 9], [20, 9]]
[[7, 11], [8, 10], [9, 11], [10, 10], [11, 10], [12, 11], [13, 11], [14, 10], [15, 10], [16, 9], [17, 8], [18, 9], [19, 8], [20, 9]]
[[7, 11], [8, 10], [9, 9], [10, 8], [11, 7], [12, 8], [13, 7], [14, 8], [15, 7], [16, 7], [17, 7], [18, 8], [19, 9], [20, 9]]
[[7, 11], [8, 10], [9, 9], [10, 9], [11, 9], [12, 8], [13, 9], [14, 10], [15, 10], [16, 9], [17, 8], [18, 9], [19, 10], [20, 9]]
[[7, 11], [8, 10], [9, 9], [10, 9], [11, 9], [12, 9], [13, 10], [14, 10], [15, 9], [16, 9], [17, 10], [18, 10], [19, 9], [20, 9]]
[[7, 11], [8, 10], [9, 9], [10, 8], [11, 7], [12, 6], [13, 7], [14, 8], [15, 7], [16, 7], [17, 8], [18, 9], [19, 9], [20, 9]]
[[7, 11], [8, 10], [9, 11], [10, 10], [11, 9], [12, 9], [13, 10], [14, 9], [15, 10], [16, 9], [17, 8], [18, 8], [19, 9], [20, 9]]
[[7, 11], [8, 10], [9, 9], [10, 8], [11, 9], [12, 9], [13, 9], [14, 8], [15, 7], [16, 8], [17, 8], [18, 8], [19, 9], [20, 9]]
[[7, 11], [8, 10], [9, 9], [10, 8], [11, 8], [12, 9], [13, 10], [14, 9], [15, 9], [16, 9], [17, 8], [18, 9], [19, 9], [20, 9]]
[[7, 11], [8, 10], [9, 9], [10, 8], [11, 9], [12, 9], [13, 10], [14, 9], [15, 10], [16, 11], [17, 10], [18, 10], [19, 9], [20, 9]]
[[7, 11], [8, 10], [9, 9], [10, 10], [11, 11], [12, 10], [13, 9], [14, 9], [15, 9], [16, 10], [17, 10], [18, 10], [19, 9], [20, 9]]
[[7, 11], [8, 10], [9, 9], [10, 8], [11, 8], [12, 8], [13, 9], [14, 10], [15, 11], [16, 11], [17, 10], [18, 9], [19, 9], [20, 9]]
[[7, 11], [8, 10], [9, 9], [10, 10], [11, 11], [12, 10], [13, 10], [14, 9], [15, 10], [16, 9], [17, 8], [18, 9], [19, 8], [20, 9]]
[[7, 11], [8, 10], [9, 9], [10, 9], [11, 9], [12, 10], [13, 9], [14, 9], [15, 9], [16, 9], [17, 10], [18, 9], [19, 9], [20, 9]]
[[7, 11], [8, 10], [9, 11], [10, 10], [11, 10], [12, 11], [13, 10], [14, 10], [15, 11], [16, 10], [17, 10], [18, 9], [19, 9], [20, 9]]
[[7, 11], [8, 10], [9, 9], [9, 8], [10, 7], [11, 8], [12, 9], [13, 10], [14, 10], [15, 10], [16, 9], [17, 8], [18, 8], [19, 8], [20, 9]]
[[7, 11], [8, 10], [8, 9], [9, 8], [10, 8], [11, 7], [12, 8], [13, 7], [14, 8], [15, 9], [16, 10], [17, 10], [18, 9], [19, 10], [20, 10], [20, 9]]
[[7, 11], [7, 10], [8, 9], [9, 9], [10, 9], [11, 8], [12, 7], [13, 7], [14, 8], [15, 9], [16, 9], [17, 10], [18, 9], [18, 10], [19, 9], [20, 9]]
[[7, 11], [8, 10], [9, 11], [10, 11], [10, 10], [11, 11], [12, 10], [12, 9], [11, 8], [12, 9], [12, 8], [13, 7], [13, 6], [14, 6], [15, 5], [16, 5], [17, 5], [16, 5], [16, 4], [16, 3], [15, 3], [16, 3], [17, 2], [18, 2], [17, 2], [18, 3], [19, 4], [19, 5], [20, 4], [21, 4], [21, 5], [21, 6], [21, 7], [20, 8], [19, 9], [20, 8], [21, 9], [21, 10], [20, 9]]
