[[14, 18], [15, 17], [14, 16], [15, 15], [15, 14], [14, 13], [14, 12], [13, 11], [12, 10], [11, 9], [11, 8]]
[[14, 18], [13, 17], [13, 16], [12, 15], [11, 14], [11, 13], [11, 12], [10, 11], [9, 10], [10, 9], [11, 8]]
[[14, 18], [13, 17], [13, 16], [14, 15], [15, 14], [14, 13], [13, 12], [12, 11], [12, 10], [12, 9], [11, 8]]
[[14, 18], [14, 17], [14, 16], [13, 15], [14, 14], [13, 13], [13, 12], [13, 11], [12, 10], [11, 9], [11, 8]]
[[14, 18], [15, 17], [14, 16], [15, 15], [15, 14], [14, 13], [14, 12], [13, 11], [12, 10], [11, 9], [11, 8]]
[[14, 18], [13, 17], [13, 16], [12, 15], [12, 14], [11, 13], [11, 12], [10, 11], [9, 10], [10, 9], [11, 8]]
[[14, 18], [15, 17], [14, 16], [13, 15], [14, 14], [13, 13], [13, 12], [13, 11], [12, 10], [12, 9], [11, 8]]
[[14, 18], [15, 17], [15, 16], [14, 15], [14, 14], [13, 13], [12, 12], [13, 11], [12, 10], [12, 9], [11, 8]]
[[14, 18], [14, 17], [13, 16], [12, 15], [11, 14], [10, 13], [11, 12], [11, 11], [12, 10], [12, 9], [11, 8]]
[[14, 18], [15, 17], [14, 16], [13, 15], [13, 14], [14, 13], [13, 12], [13, 11], [12, 10], [11, 9], [11, 8]]
[[14, 18], [13, 17], [14, 16], [13, 15], [12, 14], [11, 13], [12, 12], [11, 11], [12, 10], [12, 9], [11, 8]]
[[14, 18], [13, 17], [14, 16], [15, 15], [15, 14], [14, 13], [13, 12], [13, 11], [12, 10], [11, 9], [11, 8]]
[[14, 18], [14, 17], [14, 16], [15, 15], [15, 14], [14, 13], [13, 12], [13, 11], [12, 10], [11, 9], [11, 8]]
[[14, 18], [14, 17], [15, 16], [14, 15], [14, 14], [14, 13], [13, 12], [12, 11], [12, 10], [11, 9], [11, 8]]
[[14, 18], [15, 17], [15, 16], [15, 15], [15, 14], [14, 13], [13, 12], [12, 11], [11, 10], [10, 9], [11, 9], [11, 8]]
[[14, 18], [15, 17], [14, 16], [13, 15], [14, 14], [13, 13], [12, 12], [13, 11], [14, 10], [13, 9], [12, 8], [11, 8]]
[[14, 18], [13, 17], [14, 16], [13, 15], [12, 15], [13, 14], [13, 13], [14, 13], [13, 12], [12, 11], [11, 10], [12, 9], [11, 8]]
[[14, 18], [13, 18], [14, 17], [14, 16], [13, 15], [12, 14], [13, 14], [13, 13], [12, 12], [11, 11], [10, 11], [11, 10], [12, 9], [11, 8]]
[[14, 18], [14, 17], [14, 16], [15, 15], [15, 14], [15, 13], [16, 13], [15, 12], [14, 13], [13, 12], [13, 11], [12, 10], [11, 9], [11, 8]]
[[14, 18], [13, 17], [14, 16], [13, 15], [12, 15], [13, 14], [13, 13], [14, 13], [13, 12], [12, 11], [11, 11], [12, 10], [12, 9], [11, 8]]
