[[23, 17], [22, 16], [21, 15]]
[[23, 17], [22, 16], [21, 15]]
[[23, 17], [22, 16], [21, 15]]
[[23, 17], [22, 16], [21, 15]]
[[23, 17], [22, 16], [21, 15]]
[[23, 17], [22, 16], [21, 15]]
[[23, 17], [22, 16], [21, 15]]
[[23, 17], [22, 16], [21, 15]]
[[23, 17], [22, 16], [21, 15]]
[[23, 17], [22, 16], [21, 15]]
[[23, 17], [22, 16], [21, 15]]
[[23, 17], [22, 16], [21, 15]]
[[23, 17], [22, 16], [21, 15]]
[[23, 17], [22, 16], [21, 15]]
[[23, 17], [22, 16], [21, 15]]
[[23, 17], [22, 16], [22, 15], [23, 14], [22, 15], [21, 14], [20, 14], [21, 15]]
[[23, 17], [22, 16], [21, 17], [22, 18], [22, 19], [21, 19], [20, 18], [19, 17], [20, 17], [20, 16], [19, 16], [20, 15], [20, 14], [21, 14], [22, 15], [23, 14], [22, 13], [21, 13], [20, 12], [21, 11], [22, 12], [23, 12], [23, 11], [24, 11], [25, 12], [24, 13], [25, 13], [25, 14], [26, 15], [27, 15], [27, 14], [28, 14], [28, 13], [29, 13], [28, 12], [27, 12], [27, 11], [26, 11], [25, 11], [26, 12], [27, 13], [26, 14], [25, 15], [25, 16], [25, 17], [24, 16], [23, 15], [22, 15], [21, 16], [21, 15]]
