[[1, 8], [0, 7], [0, 6], [0, 5], [0, 4], [1, 3], [1, 2], [1, 1], [0, 0]]
[[1, 8], [1, 7], [2, 6], [1, 5], [0, 4], [1, 3], [1, 2], [0, 1], [0, 0]]
[[1, 8], [1, 7], [1, 6], [1, 5], [2, 4], [1, 3], [2, 2], [1, 1], [0, 0]]
[[1, 8], [1, 7], [0, 6], [1, 5], [2, 4], [1, 3], [1, 2], [0, 1], [0, 0]]
[[1, 8], [0, 7], [0, 6], [0, 5], [0, 4], [1, 3], [1, 2], [1, 1], [0, 0]]
[[1, 8], [2, 7], [3, 6], [2, 5], [2, 4], [1, 3], [1, 2], [1, 1], [0, 0]]
[[1, 8], [2, 7], [2, 6], [1, 5], [2, 4], [2, 3], [2, 2], [1, 1], [0, 0]]
[[1, 8], [0, 7], [0, 6], [1, 5], [2, 4], [2, 3], [1, 2], [1, 1], [0, 0]]
[[1, 8], [1, 7], [1, 6], [1, 5], [2, 4], [3, 3], [2, 2], [1, 1], [0, 0]]
[[1, 8], [1, 7], [0, 6], [1, 5], [0, 4], [0, 3], [0, 2], [1, 1], [0, 0]]
[[1, 8], [2, 7], [2, 6], [3, 5], [2, 4], [1, 3], [2, 2], [1, 1], [0, 0]]
[[1, 8], [2, 7], [1, 6], [0, 5], [0, 4], [0, 3], [0, 2], [0, 1], [0, 0]]
[[1, 8], [0, 7], [0, 6], [0, 5], [0, 4], [0, 3], [0, 2], [1, 2], [0, 2], [1, 1], [0, 0]]
[[1, 8], [0, 7], [0, 6], [0, 5], [0, 4], [0, 3], [1, 3], [1, 2], [0, 1], [1, 1], [0, 0]]
[[1, 8], [1, 7], [1, 6], [2, 6], [1, 5], [0, 5], [0, 4], [0, 5], [0, 4], [1, 3], [1, 2], [1, 1], [0, 1], [0, 0]]
[[1, 8], [1, 9], [0, 8], [0, 9], [0, 10], [1, 11], [2, 11], [3, 12], [2, 12], [3, 13], [4, 12], [5, 12], [5, 13], [6, 12], [7, 13], [8, 12], [8, 11], [7, 10], [6, 9], [7, 9], [7, 8], [8, 7], [9, 8], [8, 9], [8, 8], [9, 7], [9, 6], [8, 5], [8, 6], [7, 5], [6, 6], [5, 5], [5, 4], [4, 4], [3, 3], [4, 2], [3, 2], [2, 1], [2, 0], [1, 1], [0, 0]]
