[[25, 2], [24, 3], [23, 4], [22, 4], [21, 4], [20, 4], [19, 3], [18, 2], [17, 1], [16, 2], [15, 1], [14, 2], [13, 3], [12, 2], [11, 1], [10, 2], [9, 1], [8, 2], [7, 3]]
[[25, 2], [24, 1], [23, 2], [22, 3], [21, 4], [20, 5], [19, 4], [18, 3], [17, 4], [16, 3], [15, 4], [14, 3], [13, 2], [12, 2], [11, 3], [10, 2], [9, 2], [8, 3], [7, 3]]
[[25, 2], [24, 3], [23, 4], [22, 3], [21, 4], [20, 5], [19, 4], [18, 4], [17, 5], [16, 4], [15, 3], [14, 2], [13, 3], [12, 2], [11, 1], [10, 1], [9, 2], [8, 3], [7, 3]]
[[25, 2], [24, 3], [23, 4], [22, 4], [21, 3], [20, 4], [19, 4], [18, 3], [17, 4], [16, 4], [15, 3], [14, 4], [13, 4], [12, 4], [11, 3], [10, 2], [9, 2], [8, 3], [7, 3]]
[[25, 2], [24, 1], [23, 2], [22, 2], [21, 1], [20, 2], [19, 3], [18, 2], [17, 2], [16, 3], [15, 3], [14, 2], [13, 1], [12, 2], [11, 3], [10, 3], [9, 3], [8, 3], [7, 3]]
[[25, 2], [24, 3], [23, 3], [22, 3], [21, 4], [20, 4], [19, 4], [18, 4], [17, 5], [16, 4], [15, 3], [14, 2], [13, 1], [12, 0], [11, 1], [10, 2], [9, 1], [8, 2], [7, 3]]
[[25, 2], [24, 3], [23, 4], [22, 4], [21, 4], [20, 4], [19, 3], [18, 2], [17, 1], [16, 2], [15, 1], [14, 2], [13, 3], [12, 2], [11, 1], [10, 2], [9, 1], [8, 2], [7, 3]]
[[25, 2], [24, 3], [23, 4], [22, 5], [21, 5], [20, 4], [19, 3], [18, 4], [17, 4], [16, 4], [15, 3], [14, 2], [13, 2], [12, 2], [11, 1], [10, 0], [9, 1], [8, 2], [7, 3]]
[[25, 2], [24, 3], [23, 3], [22, 2], [21, 2], [20, 2], [19, 2], [18, 2], [17, 2], [16, 2], [15, 1], [14, 0], [13, 1], [12, 0], [11, 0], [10, 1], [9, 2], [8, 2], [7, 3]]
[[25, 2], [24, 3], [23, 4], [22, 3], [21, 3], [20, 3], [19, 3], [18, 2], [17, 1], [16, 2], [15, 2], [14, 1], [13, 2], [12, 3], [11, 3], [10, 2], [9, 3], [8, 3], [7, 3]]
[[25, 2], [24, 3], [23, 4], [22, 4], [21, 3], [20, 3], [19, 3], [18, 4], [17, 4], [16, 3], [15, 2], [14, 1], [13, 2], [12, 2], [11, 3], [10, 3], [9, 3], [8, 3], [7, 3]]
[[25, 2], [24, 3], [23, 2], [22, 3], [21, 3], [20, 2], [19, 3], [18, 4], [17, 4], [16, 5], [15, 4], [14, 3], [13, 4], [12, 3], [11, 3], [10, 3], [9, 4], [8, 3], [7, 3]]
[[25, 2], [24, 3], [23, 3], [22, 4], [21, 4], [20, 3], [19, 3], [18, 3], [17, 4], [16, 3], [15, 3], [14, 2], [13, 2], [12, 3], [11, 3], [10, 2], [9, 2], [8, 3], [7, 3]]
[[25, 2], [24, 1], [23, 2], [22, 3], [21, 4], [20, 3], [19, 4], [18, 3], [17, 4], [16, 3], [15, 3], [14, 2], [13, 1], [12, 0], [11, 1], [10, 0], [9, 1], [8, 2], [7, 3]]
[[25, 2], [24, 3], [23, 4], [22, 5], [21, 5], [20, 4], [19, 4], [18, 3], [17, 4], [16, 4], [15, 5], [14, 4], [13, 4], [12, 3], [11, 3], [10, 3], [9, 3], [8, 3], [7, 3]]
[[25, 2], [24, 3], [23, 3], [22, 3], [21, 3], [20, 3], [19, 3], [18, 3], [17, 4], [16, 3], [15, 2], [14, 1], [13, 0], [12, 0], [11, 0], [10, 1], [9, 2], [8, 3], [7, 3]]
[[25, 2], [24, 3], [23, 4], [22, 4], [21, 4], [20, 5], [19, 5], [18, 4], [17, 5], [16, 4], [15, 3], [14, 2], [13, 1], [12, 0], [11, 0], [10, 1], [9, 1], [8, 2], [7, 3]]
[[25, 2], [24, 3], [23, 4], [22, 3], [21, 3], [20, 4], [19, 4], [18, 3], [17, 2], [16, 3], [15, 3], [14, 2], [13, 1], [12, 2], [11, 1], [10, 2], [9, 3], [9, 2], [8, 3], [7, 3]]
[[25, 2], [24, 3], [23, 3], [22, 2], [21, 2], [20, 3], [19, 4], [18, 4], [17, 5], [16, 4], [15, 3], [15, 2], [14, 1], [13, 1], [12, 2], [11, 3], [10, 3], [9, 2], [8, 3], [7, 3]]
[[25, 2], [24, 3], [23, 4], [22, 4], [21, 5], [20, 4], [19, 4], [18, 3], [17, 2], [17, 1], [16, 2], [15, 1], [14, 0], [14, 1], [13, 2], [12, 3], [11, 3], [10, 3], [9, 4], [8, 3], [7, 3]]
