[[3, 9], [4, 8], [5, 7], [6, 8], [7, 9], [8, 10], [9, 10], [10, 11], [11, 10], [12, 9], [13, 9], [14, 10], [15, 11], [16, 12], [17, 11], [18, 11], [19, 12], [20, 12], [21, 11], [22, 10], [23, 9], [24, 8], [25, 7], [26, 6], [26, 5]]
[[3, 9], [4, 8], [5, 8], [6, 8], [7, 9], [8, 10], [9, 10], [10, 11], [11, 10], [12, 10], [13, 9], [14, 10], [15, 11], [16, 11], [17, 11], [18, 12], [19, 12], [20, 12], [21, 11], [22, 10], [23, 9], [24, 8], [24, 7], [25, 6], [26, 5]]
[[3, 9], [4, 8], [5, 7], [6, 8], [7, 9], [8, 10], [9, 11], [10, 10], [11, 11], [12, 11], [13, 12], [14, 12], [15, 11], [16, 12], [17, 11], [18, 11], [19, 12], [20, 12], [21, 11], [22, 10], [23, 9], [24, 8], [25, 7], [26, 6], [26, 5]]
[[3, 9], [4, 9], [5, 10], [6, 10], [7, 9], [8, 10], [9, 11], [10, 10], [11, 11], [12, 10], [13, 11], [14, 11], [15, 11], [16, 12], [17, 11], [18, 12], [19, 13], [20, 12], [21, 11], [22, 10], [23, 9], [24, 8], [24, 7], [25, 6], [26, 5]]
[[3, 9], [4, 8], [5, 8], [6, 8], [7, 9], [8, 9], [9, 10], [10, 11], [11, 11], [12, 11], [13, 10], [14, 10], [15, 11], [16, 11], [17, 12], [18, 11], [19, 12], [20, 12], [21, 11], [22, 10], [23, 9], [24, 8], [24, 7], [25, 6], [26, 5]]
[[3, 9], [4, 9], [5, 9], [6, 10], [7, 10], [8, 11], [9, 11], [10, 12], [11, 12], [12, 11], [13, 10], [14, 10], [15, 11], [16, 12], [17, 13], [18, 12], [19, 12], [20, 12], [21, 11], [22, 10], [23, 9], [23, 8], [24, 7], [25, 6], [26, 5]]
[[3, 9], [4, 10], [5, 11], [6, 10], [7, 10], [8, 11], [9, 12], [10, 11], [11, 10], [12, 9], [13, 9], [14, 10], [15, 11], [16, 11], [17, 10], [18, 11], [19, 12], [20, 12], [21, 11], [22, 10], [23, 9], [23, 8], [24, 7], [25, 6], [26, 5]]
[[3, 9], [4, 8], [5, 9], [6, 10], [7, 10], [8, 9], [9, 10], [10, 11], [11, 10], [12, 11], [13, 12], [14, 12], [15, 12], [16, 13], [17, 13], [18, 12], [19, 12], [20, 12], [21, 11], [22, 10], [22, 9], [23, 8], [24, 7], [25, 6], [26, 5]]
[[3, 9], [4, 8], [5, 9], [6, 8], [7, 8], [8, 8], [9, 8], [10, 7], [11, 8], [12, 8], [13, 9], [14, 10], [15, 11], [16, 12], [17, 11], [18, 11], [19, 12], [20, 12], [21, 11], [22, 10], [22, 9], [23, 8], [24, 7], [25, 6], [26, 5]]
[[3, 9], [4, 10], [5, 11], [6, 10], [7, 9], [8, 8], [9, 9], [10, 10], [11, 10], [12, 10], [13, 11], [14, 12], [15, 11], [16, 12], [17, 11], [18, 11], [19, 12], [20, 12], [21, 11], [22, 10], [23, 9], [24, 8], [24, 7], [25, 6], [26, 5]]
[[3, 9], [4, 10], [5, 10], [6, 10], [7, 11], [8, 11], [9, 11], [10, 10], [11, 11], [12, 10], [13, 11], [14, 10], [15, 11], [16, 10], [17, 10], [18, 11], [19, 12], [20, 12], [21, 11], [22, 10], [23, 9], [24, 8], [24, 7], [25, 6], [26, 5]]
[[3, 9], [4, 9], [5, 10], [6, 10], [7, 9], [8, 10], [9, 11], [10, 10], [11, 11], [12, 10], [13, 11], [14, 11], [15, 11], [16, 12], [17, 11], [18, 11], [19, 12], [20, 12], [21, 11], [22, 10], [23, 9], [24, 8], [25, 7], [25, 6], [26, 5]]
[[3, 9], [4, 9], [5, 9], [6, 8], [7, 9], [8, 9], [9, 8], [10, 7], [11, 8], [12, 9], [13, 9], [14, 10], [15, 11], [16, 12], [17, 12], [18, 11], [19, 12], [20, 12], [21, 11], [22, 10], [22, 9], [23, 8], [24, 7], [25, 6], [26, 5]]
[[3, 9], [4, 8], [5, 7], [6, 8], [7, 9], [8, 10], [9, 10], [10, 11], [11, 10], [12, 9], [13, 9], [14, 10], [15, 11], [16, 12], [17, 11], [18, 11], [19, 12], [20, 12], [21, 11], [22, 10], [23, 9], [24, 8], [25, 7], [26, 6], [26, 5]]
[[3, 9], [4, 9], [5, 9], [6, 10], [7, 10], [8, 9], [9, 10], [10, 11], [11, 12], [12, 11], [13, 10], [14, 11], [15, 12], [16, 12], [17, 12], [18, 13], [19, 12], [20, 12], [21, 11], [22, 10], [23, 9], [24, 8], [25, 7], [26, 6], [26, 5]]
[[3, 9], [4, 8], [5, 8], [6, 7], [7, 7], [8, 8], [9, 7], [10, 7], [11, 7], [12, 8], [13, 9], [14, 10], [15, 11], [16, 12], [17, 13], [18, 12], [19, 12], [20, 12], [21, 11], [22, 10], [23, 9], [24, 8], [25, 7], [26, 6], [26, 5]]
[[3, 9], [4, 9], [5, 10], [6, 10], [7, 9], [8, 9], [9, 10], [10, 10], [11, 10], [12, 9], [13, 10], [14, 10], [15, 11], [16, 12], [17, 11], [18, 12], [19, 13], [20, 12], [21, 11], [22, 10], [23, 9], [24, 8], [23, 7], [24, 7], [25, 6], [26, 5]]
[[3, 9], [4, 8], [5, 7], [6, 8], [7, 9], [8, 10], [9, 11], [10, 11], [11, 11], [12, 10], [13, 11], [14, 10], [15, 11], [16, 12], [17, 13], [18, 13], [19, 13], [20, 12], [21, 11], [22, 10], [23, 9], [24, 8], [25, 7], [26, 6], [27, 6], [26, 5]]
[[3, 9], [4, 10], [5, 10], [6, 10], [7, 11], [8, 11], [9, 11], [10, 11], [11, 12], [12, 11], [13, 11], [14, 11], [15, 10], [16, 10], [17, 11], [18, 12], [19, 12], [20, 12], [21, 11], [22, 11], [23, 10], [24, 9], [25, 8], [25, 7], [26, 6], [26, 5]]
[[3, 9], [4, 9], [5, 9], [6, 10], [7, 10], [8, 10], [9, 10], [10, 10], [11, 10], [12, 9], [13, 10], [14, 11], [15, 12], [16, 11], [17, 12], [18, 11], [19, 12], [20, 12], [21, 11], [22, 10], [23, 9], [24, 8], [24, 7], [25, 6], [25, 5], [26, 5]]
