[[16, 6], [17, 7], [18, 8], [19, 9], [19, 10], [19, 11], [20, 12], [20, 13], [19, 14], [20, 15], [21, 16], [22, 17], [23, 18]]
[[16, 6], [17, 7], [18, 8], [19, 9], [20, 10], [21, 11], [20, 12], [21, 13], [22, 14], [22, 15], [23, 16], [24, 17], [23, 18]]
[[16, 6], [17, 7], [18, 8], [19, 9], [20, 10], [21, 11], [21, 12], [20, 13], [21, 14], [20, 15], [21, 16], [22, 17], [23, 18]]
[[16, 6], [17, 7], [18, 8], [19, 9], [20, 10], [20, 11], [20, 12], [21, 13], [21, 14], [22, 15], [23, 16], [23, 17], [23, 18]]
[[16, 6], [17, 7], [18, 8], [19, 9], [20, 10], [20, 11], [21, 12], [21, 13], [22, 14], [23, 15], [23, 16], [24, 17], [23, 18]]
[[16, 6], [17, 7], [18, 8], [19, 9], [20, 10], [19, 11], [20, 12], [21, 13], [21, 14], [22, 15], [23, 16], [24, 17], [23, 18]]
[[16, 6], [17, 7], [18, 8], [19, 9], [19, 10], [19, 11], [20, 12], [20, 13], [19, 14], [20, 15], [21, 16], [22, 17], [23, 18]]
[[16, 6], [17, 7], [18, 8], [19, 9], [20, 10], [20, 11], [20, 12], [21, 13], [22, 14], [23, 15], [24, 16], [24, 17], [23, 18]]
[[16, 6], [17, 7], [18, 8], [19, 9], [19, 10], [19, 11], [20, 12], [21, 13], [22, 14], [23, 15], [24, 16], [24, 17], [23, 18]]
[[16, 6], [17, 7], [18, 8], [19, 9], [20, 10], [21, 11], [21, 12], [22, 13], [23, 14], [24, 15], [23, 16], [24, 17], [23, 18]]
[[16, 6], [17, 7], [18, 8], [19, 9], [20, 10], [20, 11], [19, 12], [20, 13], [20, 14], [20, 15], [21, 16], [22, 17], [23, 18]]
[[16, 6], [17, 7], [18, 8], [19, 9], [19, 10], [20, 11], [21, 12], [22, 13], [23, 14], [24, 15], [24, 16], [23, 17], [23, 18]]
[[16, 6], [17, 7], [16, 8], [17, 9], [17, 10], [18, 11], [19, 12], [19, 13], [19, 14], [20, 15], [21, 16], [22, 17], [23, 18]]
[[16, 6], [17, 7], [18, 8], [19, 9], [19, 10], [20, 11], [20, 12], [19, 13], [19, 14], [20, 15], [21, 16], [22, 17], [23, 18]]
[[16, 6], [17, 7], [18, 8], [19, 9], [19, 10], [19, 11], [20, 12], [21, 13], [22, 14], [23, 15], [23, 16], [24, 17], [23, 18]]
[[16, 6], [17, 7], [18, 8], [19, 9], [20, 10], [20, 11], [19, 12], [18, 13], [19, 14], [20, 15], [21, 16], [22, 17], [23, 18]]
[[16, 6], [17, 6], [18, 7], [19, 8], [19, 9], [20, 10], [20, 11], [21, 12], [20, 13], [21, 14], [22, 15], [22, 16], [22, 17], [23, 18]]
[[16, 6], [17, 7], [18, 7], [19, 8], [19, 9], [20, 10], [21, 11], [20, 12], [20, 13], [20, 14], [20, 15], [21, 16], [22, 17], [23, 18]]
[[16, 6], [15, 6], [16, 6], [15, 7], [14, 7], [15, 7], [15, 8], [15, 9], [16, 10], [17, 11], [18, 11], [19, 12], [19, 11], [20, 12], [20, 13], [21, 14], [22, 15], [22, 16], [23, 17], [23, 18]]
[[16, 6], [15, 6], [14, 6], [15, 5], [14, 6], [13, 7], [14, 8], [15, 9], [16, 10], [16, 11], [17, 11], [17, 12], [18, 13], [18, 14], [19, 14], [20, 14], [21, 14], [20, 15], [21, 16], [22, 17], [23, 18]]
