[[14, 8], [13, 9], [12, 9], [11, 10], [10, 11], [9, 12], [8, 13], [7, 14], [6, 15], [5, 16], [4, 17], [3, 18]]
[[14, 8], [13, 9], [12, 9], [11, 10], [10, 11], [9, 12], [8, 13], [7, 14], [6, 15], [5, 16], [4, 17], [3, 18]]
[[14, 8], [13, 9], [12, 10], [11, 10], [10, 11], [9, 12], [8, 13], [7, 14], [6, 15], [5, 16], [4, 17], [3, 18]]
[[14, 8], [13, 9], [12, 9], [11, 10], [10, 11], [9, 12], [8, 13], [7, 14], [6, 15], [5, 16], [4, 17], [3, 18]]
[[14, 8], [13, 9], [12, 10], [11, 10], [10, 11], [9, 12], [8, 13], [7, 14], [6, 15], [5, 16], [4, 17], [3, 18]]
[[14, 8], [13, 9], [12, 9], [11, 10], [10, 11], [9, 12], [8, 13], [7, 14], [6, 15], [5, 16], [4, 17], [3, 18]]
[[14, 8], [13, 8], [12, 9], [11, 10], [10, 11], [9, 12], [8, 13], [7, 14], [6, 15], [5, 16], [4, 17], [3, 18]]
[[14, 8], [13, 9], [12, 9], [11, 10], [10, 11], [9, 12], [8, 13], [7, 14], [6, 15], [5, 16], [4, 17], [3, 18]]
[[14, 8], [13, 8], [12, 9], [11, 10], [10, 11], [9, 12], [8, 13], [7, 14], [6, 15], [5, 16], [4, 17], [3, 18]]
[[14, 8], [13, 9], [12, 10], [11, 10], [10, 11], [9, 12], [8, 13], [7, 14], [6, 15], [5, 16], [4, 17], [3, 18]]
[[14, 8], [13, 8], [12, 9], [11, 10], [10, 11], [9, 12], [8, 13], [7, 14], [6, 15], [5, 16], [4, 17], [3, 18]]
[[14, 8], [13, 8], [12, 9], [11, 10], [10, 11], [9, 12], [8, 13], [7, 14], [6, 15], [5, 16], [4, 17], [3, 18]]
[[14, 8], [13, 7], [12, 8], [11, 9], [11, 10], [10, 11], [9, 12], [8, 13], [7, 14], [6, 15], [5, 16], [4, 17], [3, 18]]
[[14, 8], [13, 9], [12, 10], [11, 10], [10, 11], [9, 12], [8, 13], [7, 14], [6, 15], [5, 16], [4, 17], [4, 18], [3, 18]]
[[14, 8], [13, 8], [12, 9], [12, 10], [11, 10], [10, 11], [11, 12], [10, 13], [9, 14], [8, 14], [8, 15], [8, 16], [7, 15], [6, 16], [5, 17], [4, 17], [3, 18]]
[[14, 8], [13, 8], [12, 9], [12, 10], [11, 10], [10, 11], [10, 12], [9, 12], [9, 13], [8, 14], [7, 15], [8, 15], [8, 16], [7, 16], [6, 17], [5, 18], [4, 17], [3, 18]]
[[14, 8], [13, 7], [12, 8], [11, 8], [10, 9], [10, 8], [9, 8], [8, 9], [7, 9], [6, 10], [7, 11], [6, 12], [6, 13], [7, 14], [8, 15], [7, 15], [6, 16], [5, 16], [4, 17], [3, 18]]
[[14, 8], [13, 8], [12, 8], [11, 9], [11, 10], [10, 10], [10, 11], [9, 12], [8, 13], [7, 14], [6, 15], [5, 16], [6, 17], [7, 18], [6, 18], [6, 17], [7, 16], [6, 17], [5, 17], [4, 17], [3, 18]]
[[14, 8], [13, 8], [12, 9], [11, 10], [11, 9], [10, 10], [10, 11], [10, 10], [9, 11], [8, 11], [7, 11], [7, 12], [8, 12], [7, 12], [6, 11], [5, 12], [6, 13], [5, 14], [6, 15], [6, 16], [5, 17], [4, 16], [4, 17], [4, 18], [3, 18]]
[[14, 8], [13, 9], [12, 10], [11, 9], [11, 10], [10, 10], [9, 11], [8, 12], [8, 13], [8, 14], [9, 14], [8, 14], [8, 15], [9, 16], [8, 17], [8, 18], [7, 18], [6, 17], [6, 18], [5, 19], [4, 18], [5, 18], [4, 18], [4, 17], [3, 18]]
