[[21, 8], [20, 9], [19, 10], [18, 10], [17, 11], [16, 11], [15, 12], [14, 11], [13, 11], [12, 12], [11, 12], [10, 13], [9, 12], [8, 11], [7, 10], [6, 11], [5, 12], [4, 13], [3, 14], [2, 13], [1, 13]]
[[21, 8], [20, 8], [19, 9], [18, 10], [17, 11], [16, 11], [15, 12], [14, 11], [13, 12], [12, 13], [11, 12], [10, 12], [9, 12], [8, 11], [7, 10], [6, 11], [5, 12], [4, 13], [3, 12], [2, 13], [1, 13]]
[[21, 8], [20, 9], [19, 10], [18, 10], [17, 11], [16, 11], [15, 12], [14, 12], [13, 12], [12, 11], [11, 11], [10, 12], [9, 12], [8, 11], [7, 10], [6, 11], [5, 10], [4, 11], [3, 12], [2, 13], [1, 13]]
[[21, 8], [20, 9], [19, 10], [18, 10], [17, 11], [16, 11], [15, 12], [14, 11], [13, 11], [12, 12], [11, 12], [10, 13], [9, 12], [8, 11], [7, 10], [6, 11], [5, 12], [4, 13], [3, 14], [2, 13], [1, 13]]
[[21, 8], [20, 8], [19, 9], [18, 10], [17, 11], [16, 12], [15, 13], [14, 12], [13, 12], [12, 13], [11, 14], [10, 13], [9, 12], [8, 11], [7, 10], [6, 11], [5, 10], [4, 11], [3, 12], [2, 13], [1, 13]]
[[21, 8], [20, 9], [19, 10], [18, 10], [17, 11], [16, 12], [15, 13], [14, 12], [13, 12], [12, 13], [11, 13], [10, 13], [9, 12], [8, 11], [7, 10], [6, 11], [5, 12], [4, 11], [3, 12], [2, 13], [1, 13]]
[[21, 8], [20, 9], [19, 10], [18, 10], [17, 11], [16, 12], [15, 12], [14, 11], [13, 12], [12, 12], [11, 12], [10, 13], [9, 12], [8, 11], [7, 10], [6, 11], [5, 12], [4, 13], [3, 14], [2, 14], [1, 13]]
[[21, 8], [20, 9], [19, 10], [18, 10], [17, 11], [16, 11], [15, 12], [14, 12], [13, 11], [12, 10], [11, 11], [10, 10], [9, 11], [8, 11], [7, 10], [6, 11], [5, 12], [4, 13], [3, 14], [2, 13], [1, 13]]
[[21, 8], [20, 9], [19, 9], [18, 10], [17, 11], [16, 12], [15, 12], [14, 11], [13, 11], [12, 10], [11, 11], [10, 10], [9, 11], [8, 11], [7, 10], [6, 11], [5, 12], [4, 11], [3, 12], [2, 13], [1, 13]]
[[21, 8], [20, 9], [19, 10], [18, 10], [17, 11], [16, 11], [15, 12], [14, 11], [13, 12], [12, 11], [11, 11], [10, 12], [9, 11], [8, 10], [7, 10], [6, 11], [5, 12], [4, 11], [3, 12], [2, 13], [1, 13]]
[[21, 8], [20, 8], [19, 9], [18, 10], [17, 11], [16, 11], [15, 12], [14, 11], [13, 11], [12, 10], [11, 11], [10, 12], [9, 11], [8, 10], [7, 10], [6, 11], [5, 12], [4, 11], [3, 12], [2, 13], [1, 13]]
[[21, 8], [20, 9], [19, 9], [18, 10], [17, 11], [16, 12], [15, 12], [14, 13], [13, 12], [12, 13], [11, 12], [10, 12], [9, 11], [8, 11], [7, 10], [6, 11], [5, 12], [4, 13], [3, 14], [2, 14], [1, 13]]
[[21, 8], [20, 9], [19, 10], [18, 10], [17, 11], [16, 12], [15, 12], [14, 11], [13, 11], [12, 10], [11, 11], [10, 12], [9, 12], [8, 11], [7, 10], [6, 11], [5, 12], [4, 13], [3, 13], [2, 14], [1, 13]]
[[21, 8], [20, 9], [19, 9], [18, 10], [17, 11], [16, 12], [15, 13], [14, 12], [13, 11], [12, 11], [11, 10], [10, 10], [9, 11], [8, 10], [7, 10], [6, 11], [5, 12], [4, 13], [3, 14], [2, 14], [1, 13]]
[[21, 8], [20, 9], [19, 9], [18, 10], [17, 11], [16, 12], [15, 13], [14, 12], [13, 11], [13, 12], [12, 11], [11, 11], [10, 12], [9, 11], [8, 11], [7, 10], [6, 11], [5, 10], [4, 11], [3, 12], [2, 13], [1, 13]]
[[21, 8], [20, 9], [19, 9], [18, 10], [17, 11], [16, 11], [15, 12], [14, 11], [13, 11], [12, 10], [11, 10], [10, 9], [10, 10], [9, 11], [8, 10], [7, 10], [6, 11], [5, 12], [4, 13], [3, 13], [2, 14], [1, 13]]
[[21, 8], [20, 8], [19, 9], [18, 10], [17, 11], [16, 12], [15, 12], [14, 12], [13, 11], [12, 11], [11, 10], [11, 11], [10, 12], [9, 11], [8, 11], [7, 10], [6, 11], [5, 12], [4, 13], [3, 14], [2, 13], [1, 13]]
[[21, 8], [20, 9], [20, 10], [20, 11], [19, 11], [18, 10], [17, 11], [16, 12], [15, 13], [14, 12], [13, 11], [13, 10], [12, 11], [11, 10], [10, 10], [9, 11], [8, 10], [7, 10], [6, 11], [5, 12], [4, 11], [3, 12], [2, 13], [1, 13]]
[[21, 8], [20, 9], [19, 9], [18, 8], [18, 9], [18, 10], [17, 11], [16, 11], [15, 12], [14, 11], [13, 11], [12, 11], [11, 12], [10, 12], [9, 11], [8, 10], [7, 10], [6, 11], [6, 12], [5, 13], [4, 14], [3, 13], [2, 14], [1, 15], [0, 14], [1, 13]]
[[21, 8], [20, 9], [20, 10], [19, 10], [19, 9], [18, 10], [17, 11], [16, 12], [15, 13], [14, 12], [13, 11], [12, 10], [11, 10], [11, 11], [10, 12], [9, 11], [8, 10], [7, 10], [6, 11], [5, 12], [4, 13], [4, 14], [3, 13], [3, 12], [2, 13], [1, 13]]
