[[5, 8], [6, 8], [7, 9], [8, 10], [8, 11], [9, 12], [10, 13], [11, 14], [12, 15], [13, 16]]
[[5, 8], [6, 9], [7, 9], [8, 10], [8, 11], [9, 12], [10, 13], [11, 14], [12, 15], [13, 16]]
[[5, 8], [6, 8], [7, 9], [8, 10], [8, 11], [9, 12], [10, 13], [11, 14], [12, 15], [13, 16]]
[[5, 8], [6, 8], [7, 9], [8, 10], [8, 11], [9, 12], [10, 13], [11, 14], [12, 15], [13, 16]]
[[5, 8], [6, 9], [7, 9], [8, 10], [9, 11], [10, 12], [10, 13], [11, 14], [12, 15], [13, 16]]
[[5, 8], [6, 9], [7, 9], [8, 10], [8, 11], [9, 12], [10, 13], [11, 14], [12, 15], [13, 16]]
[[5, 8], [6, 8], [7, 9], [8, 10], [9, 11], [9, 12], [10, 13], [11, 14], [12, 15], [13, 16]]
[[5, 8], [6, 9], [7, 9], [8, 10], [9, 11], [10, 12], [10, 13], [11, 14], [12, 15], [13, 16]]
[[5, 8], [6, 8], [7, 9], [8, 10], [9, 11], [10, 12], [10, 13], [11, 14], [12, 15], [13, 16]]
[[5, 8], [6, 8], [7, 9], [8, 10], [9, 11], [9, 12], [10, 13], [11, 14], [12, 15], [13, 16]]
[[5, 8], [6, 9], [7, 9], [8, 10], [8, 11], [9, 12], [10, 13], [11, 14], [12, 15], [13, 16]]
[[5, 8], [6, 8], [7, 9], [8, 10], [9, 11], [10, 12], [10, 13], [11, 14], [12, 15], [13, 16]]
[[5, 8], [6, 9], [7, 9], [8, 10], [8, 11], [9, 12], [10, 13], [11, 14], [12, 15], [13, 16]]
[[5, 8], [6, 8], [7, 9], [8, 10], [9, 11], [9, 12], [10, 13], [11, 14], [12, 15], [13, 16]]
[[5, 8], [6, 8], [7, 9], [8, 10], [9, 11], [9, 12], [10, 13], [11, 14], [12, 15], [13, 16]]
[[5, 8], [6, 8], [7, 9], [8, 10], [9, 11], [9, 12], [10, 12], [10, 13], [11, 14], [12, 15], [13, 16]]
[[5, 8], [6, 9], [7, 9], [8, 10], [9, 11], [9, 12], [10, 13], [10, 14], [11, 15], [12, 15], [13, 16]]
[[5, 8], [5, 9], [6, 10], [7, 9], [8, 10], [8, 11], [9, 12], [10, 13], [11, 14], [12, 14], [13, 15], [13, 16]]
[[5, 8], [6, 8], [7, 9], [8, 10], [8, 11], [9, 12], [9, 13], [10, 14], [11, 14], [12, 14], [12, 15], [13, 16]]
[[5, 8], [6, 9], [6, 10], [6, 11], [6, 12], [7, 12], [8, 13], [9, 14], [10, 14], [11, 15], [12, 15], [13, 16]]
