[[5, 16], [6, 15], [7, 14], [7, 13], [8, 12], [9, 11], [10, 10], [11, 9], [12, 8], [13, 7], [14, 6], [15, 5], [16, 4], [17, 3], [17, 2], [18, 1]]
[[5, 16], [6, 15], [7, 14], [8, 13], [9, 12], [9, 11], [10, 10], [11, 9], [12, 8], [13, 7], [13, 6], [14, 5], [15, 4], [16, 3], [17, 2], [18, 1]]
[[5, 16], [6, 15], [7, 14], [8, 13], [9, 12], [10, 11], [11, 10], [11, 9], [12, 8], [13, 7], [14, 6], [14, 5], [15, 4], [16, 3], [17, 2], [18, 1]]
[[5, 16], [6, 15], [7, 14], [8, 13], [9, 12], [9, 11], [10, 10], [11, 9], [12, 8], [13, 7], [14, 6], [15, 5], [16, 4], [17, 3], [18, 2], [18, 1]]
[[5, 16], [6, 15], [6, 14], [7, 13], [8, 12], [9, 11], [10, 10], [11, 9], [12, 8], [13, 7], [14, 6], [15, 5], [16, 4], [16, 3], [17, 2], [18, 1]]
[[5, 16], [6, 15], [7, 14], [8, 13], [9, 12], [10, 11], [10, 10], [11, 9], [12, 8], [13, 7], [14, 6], [15, 5], [16, 4], [17, 3], [17, 2], [18, 1]]
[[5, 16], [6, 15], [7, 14], [7, 13], [8, 12], [9, 11], [10, 10], [11, 9], [12, 8], [13, 7], [14, 6], [15, 5], [16, 4], [17, 3], [18, 2], [18, 1]]
[[5, 16], [5, 15], [6, 14], [7, 13], [8, 12], [9, 11], [10, 10], [11, 9], [12, 8], [13, 7], [14, 6], [15, 5], [16, 4], [17, 3], [18, 2], [18, 1]]
[[5, 16], [6, 15], [7, 14], [8, 13], [9, 12], [10, 11], [11, 10], [11, 9], [12, 8], [13, 7], [14, 6], [15, 5], [16, 4], [17, 3], [17, 2], [18, 1]]
[[5, 16], [6, 15], [7, 14], [7, 13], [8, 12], [9, 11], [10, 10], [11, 9], [12, 8], [13, 7], [14, 6], [15, 5], [16, 4], [17, 3], [17, 2], [18, 1]]
[[5, 16], [6, 15], [7, 14], [8, 13], [9, 12], [10, 11], [10, 10], [11, 9], [12, 8], [13, 7], [13, 6], [14, 5], [15, 4], [16, 3], [17, 2], [18, 2], [18, 1]]
[[5, 16], [4, 15], [5, 14], [6, 13], [7, 12], [8, 11], [9, 11], [10, 10], [10, 9], [10, 8], [11, 7], [12, 6], [13, 6], [14, 5], [15, 4], [16, 3], [17, 2], [18, 1]]
[[5, 16], [4, 15], [5, 14], [6, 13], [6, 12], [7, 11], [8, 10], [8, 9], [9, 8], [10, 7], [11, 6], [12, 6], [13, 5], [14, 4], [15, 3], [16, 3], [17, 2], [18, 1]]
[[5, 16], [6, 15], [7, 14], [8, 13], [9, 12], [9, 11], [10, 10], [10, 9], [11, 9], [12, 8], [13, 7], [14, 6], [14, 5], [14, 4], [15, 4], [16, 3], [17, 2], [18, 1]]
[[5, 16], [6, 15], [7, 14], [8, 13], [7, 12], [8, 11], [9, 10], [10, 10], [11, 9], [12, 8], [13, 7], [14, 6], [14, 5], [15, 4], [15, 3], [16, 2], [17, 1], [18, 1]]
[[5, 16], [6, 15], [5, 14], [6, 13], [6, 12], [7, 11], [7, 10], [8, 9], [9, 8], [10, 7], [11, 7], [12, 6], [13, 5], [14, 4], [15, 3], [16, 3], [17, 2], [18, 1]]
[[5, 16], [6, 15], [5, 14], [6, 13], [7, 12], [7, 11], [7, 10], [8, 9], [9, 8], [10, 7], [11, 6], [12, 6], [13, 5], [14, 4], [15, 4], [16, 3], [17, 2], [18, 1]]
[[5, 16], [5, 15], [6, 14], [5, 13], [6, 12], [7, 11], [8, 10], [8, 9], [9, 8], [10, 7], [11, 6], [12, 6], [13, 5], [14, 4], [15, 3], [16, 2], [17, 1], [18, 1]]
[[5, 16], [6, 16], [6, 15], [7, 14], [7, 13], [8, 12], [9, 11], [10, 11], [10, 10], [11, 9], [12, 8], [13, 7], [14, 6], [15, 6], [15, 7], [16, 6], [15, 5], [16, 4], [17, 3], [18, 2], [19, 1], [18, 1]]
[[5, 16], [5, 15], [4, 15], [5, 14], [6, 13], [7, 12], [7, 11], [7, 10], [8, 9], [9, 8], [10, 8], [11, 7], [12, 6], [13, 6], [13, 5], [13, 4], [14, 3], [14, 2], [14, 1], [14, 0], [15, 1], [16, 2], [17, 2], [18, 1]]
