[[9, 16], [10, 15], [11, 15], [12, 14], [13, 13], [14, 13], [15, 13], [16, 12], [17, 12], [18, 13], [19, 12], [20, 12], [21, 12], [22, 11], [23, 12], [24, 12]]
[[9, 16], [10, 15], [11, 16], [12, 15], [13, 15], [14, 16], [15, 15], [16, 14], [17, 15], [18, 15], [19, 14], [20, 13], [21, 12], [22, 11], [23, 12], [24, 12]]
[[9, 16], [10, 15], [11, 14], [12, 15], [13, 15], [14, 15], [15, 14], [16, 13], [17, 13], [18, 13], [19, 12], [20, 12], [21, 11], [22, 12], [23, 13], [24, 12]]
[[9, 16], [10, 16], [11, 16], [12, 15], [13, 15], [14, 16], [15, 16], [16, 15], [17, 15], [18, 15], [19, 14], [20, 15], [21, 15], [22, 14], [23, 13], [24, 12]]
[[9, 16], [10, 15], [11, 15], [12, 16], [13, 16], [14, 16], [15, 16], [16, 17], [17, 16], [18, 15], [19, 14], [20, 14], [21, 15], [22, 14], [23, 13], [24, 12]]
[[9, 16], [10, 16], [11, 15], [12, 16], [13, 16], [14, 15], [15, 14], [16, 13], [17, 13], [18, 13], [19, 12], [20, 12], [21, 11], [22, 12], [23, 13], [24, 12]]
[[9, 16], [10, 16], [11, 17], [12, 17], [13, 16], [14, 15], [15, 14], [16, 14], [17, 14], [18, 13], [19, 13], [20, 12], [21, 12], [22, 13], [23, 13], [24, 12]]
[[9, 16], [10, 15], [11, 15], [12, 14], [13, 13], [14, 13], [15, 13], [16, 12], [17, 12], [18, 13], [19, 12], [20, 12], [21, 12], [22, 11], [23, 12], [24, 12]]
[[9, 16], [10, 15], [11, 15], [12, 16], [12, 15], [12, 16], [13, 16], [14, 15], [15, 15], [16, 15], [17, 16], [18, 15], [19, 14], [20, 13], [21, 12], [22, 12], [23, 12], [24, 12]]
[[9, 16], [10, 15], [11, 16], [12, 15], [13, 15], [14, 14], [15, 14], [16, 14], [17, 14], [18, 13], [19, 13], [19, 12], [20, 13], [21, 12], [22, 11], [23, 12], [23, 11], [24, 12]]
[[9, 16], [10, 15], [11, 14], [12, 13], [13, 14], [14, 13], [15, 12], [16, 13], [17, 13], [18, 12], [19, 13], [20, 12], [20, 11], [21, 11], [21, 12], [22, 12], [23, 12], [24, 12]]
[[9, 16], [9, 15], [10, 14], [11, 15], [11, 16], [12, 16], [13, 15], [14, 16], [15, 15], [16, 15], [17, 15], [17, 14], [18, 13], [18, 12], [19, 12], [20, 13], [20, 12], [21, 11], [22, 12], [23, 11], [24, 12]]
[[9, 16], [10, 15], [10, 16], [11, 15], [12, 14], [13, 15], [14, 14], [15, 13], [15, 12], [16, 12], [17, 12], [18, 13], [19, 13], [18, 13], [19, 12], [19, 13], [20, 13], [21, 12], [21, 11], [22, 12], [21, 11], [22, 12], [23, 13], [24, 12]]
[[9, 16], [8, 16], [8, 15], [9, 15], [10, 16], [11, 16], [10, 15], [11, 14], [12, 13], [13, 14], [13, 15], [14, 16], [15, 17], [16, 16], [15, 16], [15, 15], [15, 14], [16, 14], [17, 13], [18, 12], [19, 13], [18, 13], [19, 12], [20, 13], [20, 12], [20, 11], [21, 12], [22, 13], [22, 12], [23, 11], [24, 11], [23, 10], [22, 10], [21, 11], [22, 11], [23, 12], [24, 13], [25, 12], [25, 11], [24, 12]]
[[9, 16], [10, 15], [9, 14], [9, 15], [8, 16], [9, 17], [9, 18], [10, 18], [11, 17], [10, 16], [11, 15], [12, 16], [11, 15], [12, 16], [12, 15], [13, 15], [14, 16], [15, 17], [15, 16], [14, 15], [15, 14], [16, 15], [17, 16], [17, 17], [16, 17], [17, 18], [18, 17], [19, 17], [20, 17], [20, 18], [21, 18], [22, 17], [22, 16], [22, 17], [23, 18], [23, 19], [24, 19], [23, 18], [24, 17], [24, 16], [24, 15], [23, 14], [23, 13], [23, 12], [24, 12]]
[[9, 16], [8, 16], [8, 15], [9, 14], [10, 14], [9, 13], [10, 13], [11, 12], [10, 12], [10, 11], [11, 10], [12, 11], [11, 11], [12, 10], [13, 11], [13, 12], [14, 13], [15, 14], [16, 13], [15, 13], [16, 12], [17, 12], [18, 13], [19, 13], [20, 14], [20, 15], [21, 15], [22, 16], [23, 17], [24, 17], [24, 16], [24, 15], [23, 14], [22, 14], [22, 13], [22, 12], [23, 12], [23, 11], [23, 10], [24, 10], [25, 11], [26, 10], [27, 11], [28, 10], [27, 10], [28, 11], [27, 12], [26, 11], [25, 12], [24, 13], [24, 14], [23, 14], [23, 13], [24, 12]]
[[9, 16], [9, 15], [10, 15], [11, 16], [11, 17], [12, 17], [13, 16], [13, 17], [14, 18], [14, 19], [15, 19], [16, 18], [16, 17], [16, 16], [16, 15], [17, 15], [17, 14], [16, 14], [17, 14], [18, 13], [19, 14], [19, 15], [19, 14], [20, 13], [21, 12], [22, 11], [21, 10], [22, 9], [21, 10], [21, 9], [20, 9], [19, 9], [19, 8], [18, 7], [17, 6], [16, 5], [16, 4], [17, 3], [18, 3], [17, 3], [16, 2], [17, 2], [17, 3], [16, 2], [15, 3], [14, 3], [13, 2], [12, 2], [12, 3], [11, 3], [12, 2], [13, 1], [12, 1], [11, 0], [10, 0], [10, 1], [10, 2], [9, 2], [8, 3], [8, 2], [7, 3], [6, 2], [5, 2], [4, 2], [4, 1], [5, 0], [6, 1], [6, 0], [7, 0], [6, 1], [5, 2], [6, 3], [5, 4], [5, 5], [6, 5], [7, 6], [8, 7], [8, 6], [9, 6], [9, 5], [8, 4], [9, 3], [10, 2], [9, 3], [10, 4], [9, 5], [10, 6], [11, 7], [12, 8], [13, 8], [13, 9], [14, 10], [14, 11], [15, 10], [14, 11], [13, 11], [14, 12], [14, 13], [14, 12], [15, 11], [16, 10], [15, 11], [16, 11], [17, 11], [18, 11], [18, 12], [19, 13], [18, 12], [18, 11], [18, 10], [17, 9], [18, 8], [17, 7], [18, 6], [19, 5], [20, 6], [19, 7], [19, 6], [19, 7], [20, 6], [20, 5], [20, 4], [21, 3], [21, 2], [22, 2], [21, 3], [22, 2], [23, 2], [24, 3], [23, 4], [23, 5], [23, 4], [23, 5], [22, 6], [21, 7], [21, 6], [22, 7], [22, 8], [23, 9], [23, 10], [24, 11], [24, 10], [23, 9], [23, 8], [24, 8], [25, 7], [26, 7], [27, 7], [28, 8], [27, 7], [28, 6], [29, 6], [28, 5], [27, 4], [28, 3], [28, 2], [28, 1], [28, 0], [28, 1], [27, 2], [26, 1], [26, 2], [26, 1], [27, 2], [26, 1], [27, 2], [27, 3], [27, 2], [26, 3], [26, 4], [26, 5], [26, 6], [25, 5], [26, 6], [27, 7], [27, 8], [28, 9], [28, 10], [27, 11], [26, 12], [25, 11], [26, 12], [25, 11], [24, 12]]
