[[27, 9], [26, 8]]
[[27, 9], [26, 8]]
[[27, 9], [26, 8]]
[[27, 9], [26, 8]]
[[27, 9], [26, 8]]
[[27, 9], [26, 8]]
[[27, 9], [26, 8]]
[[27, 9], [26, 8]]
[[27, 9], [28, 10], [27, 10], [27, 11], [28, 12], [29, 11], [29, 10], [28, 9], [28, 8], [29, 9], [29, 8], [29, 7], [28, 6], [29, 5], [28, 5], [28, 4], [28, 3], [29, 3], [29, 2], [29, 1], [29, 0], [28, 1], [27, 2], [27, 3], [27, 4], [26, 5], [26, 4], [25, 5], [25, 6], [24, 7], [24, 8], [23, 7], [24, 6], [25, 7], [26, 6], [27, 6], [26, 7], [26, 8]]
[[27, 9], [26, 10], [25, 11], [25, 12], [24, 13], [23, 13], [23, 14], [24, 15], [24, 14], [23, 15], [22, 16], [22, 15], [21, 14], [22, 13], [23, 12], [24, 11], [25, 10], [24, 9], [23, 9], [23, 10], [22, 10], [21, 9], [20, 10], [21, 11], [20, 12], [20, 11], [21, 12], [20, 13], [21, 13], [20, 14], [19, 15], [20, 15], [20, 16], [21, 17], [21, 16], [22, 17], [22, 18], [23, 18], [24, 17], [25, 17], [26, 17], [27, 18], [28, 18], [28, 17], [27, 16], [28, 15], [28, 14], [27, 14], [26, 15], [26, 14], [25, 14], [25, 13], [26, 12], [26, 13], [27, 13], [28, 12], [29, 12], [29, 13], [28, 13], [27, 12], [27, 11], [26, 11], [27, 10], [28, 9], [27, 8], [27, 7], [26, 7], [25, 8], [26, 9], [25, 9], [26, 8]]
