[[22, 19], [21, 18], [20, 17], [19, 16], [19, 15], [18, 14], [17, 13], [16, 12], [15, 11], [15, 10]]
[[22, 19], [21, 18], [21, 17], [20, 16], [19, 15], [18, 14], [18, 13], [17, 12], [16, 11], [15, 10]]
[[22, 19], [21, 18], [20, 17], [19, 16], [18, 15], [18, 14], [17, 13], [16, 12], [15, 11], [15, 10]]
[[22, 19], [21, 18], [20, 17], [20, 16], [19, 15], [18, 14], [17, 13], [16, 12], [16, 11], [15, 10]]
[[22, 19], [21, 18], [20, 17], [19, 16], [19, 15], [18, 14], [17, 13], [16, 12], [15, 11], [15, 10]]
[[22, 19], [21, 18], [20, 17], [20, 16], [19, 15], [18, 14], [17, 13], [16, 12], [15, 11], [15, 10]]
[[22, 19], [21, 18], [20, 17], [19, 16], [18, 15], [17, 14], [16, 13], [15, 12], [14, 11], [15, 10]]
[[22, 19], [21, 18], [20, 17], [19, 16], [20, 15], [19, 14], [18, 13], [17, 12], [16, 11], [15, 10]]
[[22, 19], [21, 18], [20, 17], [19, 16], [19, 15], [18, 14], [17, 13], [17, 12], [16, 11], [15, 10]]
[[22, 19], [21, 18], [20, 17], [19, 16], [18, 15], [17, 14], [18, 13], [17, 12], [16, 11], [15, 10]]
[[22, 19], [21, 18], [20, 17], [19, 16], [18, 15], [18, 14], [17, 13], [16, 12], [15, 11], [15, 10]]
[[22, 19], [21, 18], [20, 17], [20, 16], [19, 15], [19, 14], [18, 13], [17, 12], [16, 11], [15, 10]]
[[22, 19], [21, 18], [20, 17], [19, 16], [18, 15], [18, 14], [17, 13], [16, 12], [16, 11], [15, 10]]
[[22, 19], [23, 18], [22, 17], [21, 16], [20, 15], [19, 14], [18, 13], [17, 12], [16, 12], [16, 11], [15, 10]]
[[22, 19], [21, 19], [20, 19], [19, 18], [18, 18], [17, 18], [16, 18], [17, 18], [18, 18], [18, 17], [17, 16], [17, 15], [18, 14], [17, 13], [17, 12], [17, 11], [17, 10], [16, 10], [15, 9], [15, 10]]
[[22, 19], [21, 18], [20, 17], [21, 16], [20, 17], [19, 17], [18, 17], [17, 16], [17, 15], [16, 14], [17, 14], [17, 13], [17, 12], [17, 11], [18, 10], [18, 11], [17, 10], [18, 9], [17, 8], [16, 9], [16, 10], [15, 10]]
[[22, 19], [22, 18], [23, 17], [22, 18], [23, 18], [24, 19], [24, 18], [25, 19], [24, 18], [23, 17], [23, 16], [23, 15], [24, 14], [23, 15], [22, 14], [21, 15], [20, 14], [19, 13], [19, 14], [18, 13], [18, 12], [18, 11], [19, 10], [18, 9], [17, 10], [16, 11], [15, 10]]
[[22, 19], [22, 18], [22, 17], [23, 16], [24, 17], [24, 18], [25, 17], [26, 18], [26, 17], [25, 18], [26, 19], [27, 18], [27, 17], [28, 18], [28, 17], [27, 16], [28, 16], [29, 16], [29, 15], [29, 14], [28, 15], [28, 14], [28, 13], [27, 12], [27, 11], [28, 12], [29, 11], [28, 10], [27, 10], [27, 9], [26, 8], [26, 9], [26, 10], [26, 11], [25, 12], [24, 13], [23, 12], [24, 11], [24, 12], [23, 13], [23, 14], [22, 15], [22, 14], [23, 15], [24, 14], [25, 13], [26, 12], [25, 11], [24, 10], [23, 9], [24, 9], [24, 8], [24, 7], [23, 7], [22, 8], [21, 8], [20, 9], [19, 8], [18, 9], [17, 10], [17, 11], [17, 12], [16, 12], [15, 12], [16, 13], [17, 13], [18, 13], [18, 12], [19, 13], [20, 12], [21, 12], [20, 11], [19, 12], [19, 11], [20, 10], [21, 9], [20, 8], [19, 7], [18, 7], [17, 7], [16, 6], [15, 5], [15, 4], [16, 5], [17, 5], [17, 4], [16, 3], [15, 2], [16, 1], [15, 0], [14, 1], [13, 2], [12, 2], [11, 2], [11, 3], [11, 4], [10, 5], [10, 6], [11, 5], [12, 4], [13, 5], [12, 5], [13, 6], [14, 5], [14, 4], [14, 3], [14, 2], [15, 1], [14, 0], [13, 1], [13, 0], [12, 1], [11, 0], [10, 1], [9, 0], [10, 0], [9, 1], [10, 2], [10, 3], [9, 2], [8, 1], [7, 0], [6, 1], [6, 2], [7, 1], [8, 2], [7, 2], [8, 3], [9, 4], [10, 4], [9, 5], [9, 6], [8, 5], [8, 6], [8, 7], [7, 6], [7, 5], [6, 6], [7, 7], [6, 8], [6, 9], [7, 10], [8, 10], [7, 11], [7, 12], [6, 13], [5, 14], [4, 15], [3, 15], [4, 16], [3, 17], [2, 18], [3, 19], [4, 19], [5, 19], [6, 19], [5, 18], [6, 18], [7, 17], [6, 16], [5, 16], [6, 15], [6, 14], [7, 14], [8, 15], [8, 14], [7, 13], [8, 13], [9, 12], [10, 13], [11, 12], [11, 13], [12, 14], [13, 13], [13, 12], [12, 12], [12, 13], [11, 14], [10, 14], [9, 14], [10, 15], [11, 15], [12, 15], [13, 15], [14, 14], [15, 15], [16, 15], [16, 16], [15, 17], [15, 16], [14, 16], [13, 16], [14, 15], [15, 14], [14, 13], [15, 13], [14, 12], [15, 11], [14, 11], [15, 10]]
