[[15, 19], [14, 19], [13, 18], [12, 17], [11, 16], [10, 15], [9, 14], [8, 13], [7, 12], [6, 11], [5, 10], [4, 9], [3, 8], [3, 7], [2, 6]]
[[15, 19], [14, 19], [13, 18], [12, 17], [11, 16], [10, 15], [9, 14], [8, 13], [7, 12], [6, 11], [5, 10], [4, 9], [3, 8], [3, 7], [2, 6]]
[[15, 19], [14, 19], [13, 18], [12, 17], [11, 16], [10, 15], [9, 14], [8, 13], [7, 12], [6, 11], [5, 10], [4, 9], [3, 8], [3, 7], [2, 6]]
[[15, 19], [14, 19], [13, 18], [12, 17], [11, 16], [10, 15], [9, 14], [8, 13], [7, 12], [6, 11], [5, 10], [4, 9], [3, 8], [3, 7], [2, 6]]
[[15, 19], [14, 18], [13, 18], [12, 17], [11, 16], [10, 15], [9, 14], [8, 13], [7, 12], [6, 11], [5, 10], [4, 9], [3, 8], [3, 7], [2, 6]]
[[15, 19], [14, 18], [13, 17], [12, 16], [11, 15], [10, 14], [9, 14], [8, 13], [7, 12], [6, 11], [5, 10], [4, 9], [3, 8], [3, 7], [2, 6]]
[[15, 19], [14, 19], [13, 18], [12, 17], [11, 16], [10, 15], [9, 14], [8, 13], [7, 12], [6, 11], [5, 10], [4, 9], [3, 8], [3, 7], [2, 6]]
[[15, 19], [14, 18], [13, 17], [12, 17], [11, 16], [10, 15], [9, 14], [8, 13], [7, 12], [6, 11], [5, 10], [4, 9], [3, 8], [3, 7], [2, 6]]
[[15, 19], [14, 19], [13, 18], [12, 17], [11, 16], [10, 15], [9, 14], [8, 13], [7, 12], [6, 11], [5, 10], [4, 9], [3, 8], [3, 7], [2, 6]]
[[15, 19], [14, 18], [13, 18], [12, 17], [11, 16], [10, 15], [9, 14], [8, 13], [7, 12], [6, 11], [5, 10], [4, 9], [3, 8], [3, 7], [2, 6]]
[[15, 19], [14, 18], [13, 17], [12, 16], [11, 15], [10, 15], [9, 14], [8, 13], [7, 12], [6, 11], [5, 10], [4, 9], [3, 8], [3, 7], [2, 6]]
[[15, 19], [14, 18], [13, 17], [12, 16], [11, 15], [10, 15], [9, 14], [8, 13], [7, 12], [6, 11], [5, 10], [4, 9], [3, 8], [3, 7], [2, 6]]
[[15, 19], [14, 18], [13, 18], [12, 17], [11, 16], [10, 15], [9, 14], [8, 13], [7, 12], [6, 11], [5, 10], [4, 9], [3, 8], [3, 7], [2, 6]]
[[15, 19], [14, 19], [13, 18], [12, 17], [11, 16], [10, 15], [9, 14], [8, 13], [7, 12], [6, 11], [5, 10], [4, 9], [3, 8], [3, 7], [2, 6]]
[[15, 19], [14, 18], [13, 17], [12, 17], [11, 17], [10, 16], [9, 16], [8, 15], [7, 14], [6, 13], [5, 12], [5, 11], [4, 10], [3, 9], [2, 8], [1, 7], [2, 6]]
[[15, 19], [14, 19], [13, 18], [12, 17], [11, 18], [10, 17], [9, 16], [8, 15], [7, 14], [6, 13], [5, 12], [4, 11], [4, 10], [3, 9], [3, 8], [3, 7], [2, 6]]
[[15, 19], [14, 18], [13, 18], [12, 17], [11, 16], [10, 15], [9, 14], [8, 14], [7, 13], [6, 13], [5, 12], [5, 11], [4, 10], [3, 9], [2, 8], [3, 7], [2, 6]]
[[15, 19], [14, 18], [13, 18], [12, 18], [11, 17], [10, 16], [9, 15], [8, 14], [7, 13], [6, 13], [7, 12], [6, 11], [5, 10], [4, 9], [3, 8], [3, 7], [2, 6]]
[[15, 19], [14, 18], [13, 19], [12, 18], [11, 17], [10, 17], [9, 16], [8, 15], [7, 14], [6, 13], [5, 12], [4, 11], [5, 10], [4, 9], [3, 8], [3, 7], [2, 6]]
[[15, 19], [14, 18], [13, 18], [12, 17], [11, 16], [10, 15], [9, 14], [8, 15], [7, 14], [6, 13], [5, 12], [4, 11], [3, 10], [3, 9], [2, 8], [3, 7], [2, 6]]
