[[2, 5], [3, 6], [3, 7], [2, 8], [2, 9], [3, 10], [4, 11], [5, 12], [4, 13], [5, 14], [6, 15], [6, 16], [6, 17], [5, 18], [5, 19]]
[[2, 5], [2, 6], [2, 7], [2, 8], [3, 9], [4, 10], [5, 11], [5, 12], [4, 13], [4, 14], [5, 15], [6, 16], [5, 17], [5, 18], [5, 19]]
[[2, 5], [1, 6], [2, 7], [2, 8], [3, 9], [4, 10], [4, 11], [5, 12], [5, 13], [5, 14], [4, 15], [5, 16], [5, 17], [5, 18], [5, 19]]
[[2, 5], [3, 6], [3, 7], [2, 8], [2, 9], [3, 10], [4, 11], [5, 12], [4, 13], [5, 14], [6, 15], [6, 16], [6, 17], [5, 18], [5, 19]]
[[2, 5], [2, 6], [3, 7], [3, 8], [4, 9], [5, 10], [6, 11], [6, 12], [7, 13], [8, 14], [7, 15], [6, 16], [6, 17], [5, 18], [5, 19]]
[[2, 5], [2, 6], [3, 7], [4, 8], [3, 9], [4, 10], [3, 11], [4, 12], [4, 13], [4, 14], [5, 15], [5, 16], [5, 17], [4, 18], [5, 19]]
[[2, 5], [3, 6], [4, 7], [4, 8], [4, 9], [3, 10], [4, 11], [4, 12], [5, 13], [6, 14], [6, 15], [6, 16], [5, 17], [5, 18], [5, 19]]
[[2, 5], [1, 6], [2, 7], [3, 8], [2, 9], [3, 10], [3, 11], [4, 12], [5, 13], [6, 14], [6, 15], [6, 16], [5, 17], [4, 18], [5, 19]]
[[2, 5], [2, 6], [3, 7], [2, 8], [3, 9], [4, 10], [5, 11], [6, 12], [7, 13], [7, 14], [7, 15], [6, 16], [5, 17], [5, 18], [5, 19]]
[[2, 5], [3, 6], [4, 7], [5, 8], [6, 9], [5, 10], [4, 11], [5, 12], [6, 13], [5, 14], [6, 15], [6, 16], [5, 17], [4, 18], [5, 19]]
[[2, 5], [3, 6], [3, 7], [4, 8], [4, 9], [3, 10], [4, 11], [5, 12], [6, 13], [5, 14], [6, 15], [6, 16], [5, 17], [4, 18], [5, 19]]
[[2, 5], [2, 6], [3, 7], [2, 8], [3, 9], [3, 10], [4, 11], [5, 12], [6, 13], [5, 14], [6, 15], [6, 16], [6, 17], [5, 18], [5, 19]]
[[2, 5], [2, 6], [2, 7], [3, 8], [4, 9], [4, 10], [4, 11], [5, 12], [4, 13], [5, 14], [5, 15], [5, 16], [5, 17], [4, 18], [5, 19]]
[[2, 5], [2, 6], [3, 7], [4, 8], [3, 9], [3, 10], [3, 11], [4, 12], [5, 13], [6, 14], [7, 15], [6, 16], [5, 17], [5, 18], [5, 19]]
[[2, 5], [2, 6], [1, 7], [1, 8], [2, 9], [3, 10], [2, 11], [3, 11], [4, 12], [5, 13], [5, 14], [5, 15], [6, 16], [5, 17], [5, 18], [5, 19]]
[[2, 5], [2, 6], [3, 7], [3, 8], [3, 9], [4, 10], [5, 11], [5, 12], [6, 13], [7, 14], [7, 15], [6, 16], [6, 17], [5, 18], [6, 19], [5, 19]]
[[2, 5], [2, 6], [3, 7], [3, 8], [4, 9], [3, 10], [4, 11], [5, 12], [5, 13], [6, 14], [6, 15], [7, 16], [6, 17], [5, 17], [5, 18], [5, 19]]
[[2, 5], [2, 6], [3, 7], [3, 8], [2, 9], [3, 10], [4, 11], [5, 12], [6, 13], [5, 14], [5, 15], [6, 16], [5, 16], [4, 17], [5, 18], [5, 19]]
[[2, 5], [2, 6], [3, 7], [4, 8], [3, 9], [4, 10], [5, 11], [6, 12], [5, 13], [5, 14], [6, 15], [6, 16], [7, 16], [6, 17], [5, 18], [5, 19]]
[[2, 5], [1, 6], [0, 6], [0, 7], [1, 8], [1, 9], [2, 10], [3, 11], [4, 12], [5, 13], [4, 14], [5, 15], [6, 16], [5, 17], [4, 17], [5, 18], [5, 19]]
