[[6, 3], [7, 3], [8, 4], [9, 5], [10, 6], [11, 7], [12, 8], [13, 9], [14, 10], [15, 9], [16, 10], [17, 9], [18, 9], [19, 10], [20, 11], [21, 12], [22, 12], [23, 13], [24, 13], [25, 13]]
[[6, 3], [7, 4], [8, 5], [9, 5], [10, 6], [11, 7], [12, 8], [13, 8], [14, 9], [15, 8], [16, 7], [17, 8], [18, 9], [19, 10], [20, 11], [21, 12], [22, 13], [23, 13], [24, 13], [25, 13]]
[[6, 3], [7, 4], [8, 5], [9, 5], [10, 6], [11, 7], [12, 8], [13, 9], [14, 9], [15, 8], [16, 7], [17, 8], [18, 9], [19, 10], [20, 11], [21, 12], [22, 13], [23, 14], [24, 14], [25, 13]]
[[6, 3], [7, 3], [8, 4], [9, 5], [10, 6], [11, 7], [12, 8], [13, 9], [14, 10], [15, 9], [16, 10], [17, 9], [18, 9], [19, 10], [20, 11], [21, 12], [22, 12], [23, 13], [24, 13], [25, 13]]
[[6, 3], [7, 3], [8, 4], [9, 5], [10, 6], [11, 7], [12, 8], [13, 9], [14, 10], [15, 10], [16, 9], [17, 10], [18, 9], [19, 10], [20, 11], [21, 12], [22, 13], [23, 13], [24, 13], [25, 13]]
[[6, 3], [7, 4], [8, 5], [9, 5], [10, 6], [11, 6], [12, 7], [13, 8], [14, 9], [15, 8], [16, 9], [17, 10], [18, 11], [19, 10], [20, 11], [21, 12], [22, 13], [23, 13], [24, 13], [25, 13]]
[[6, 3], [7, 4], [8, 4], [9, 5], [10, 6], [11, 6], [12, 7], [13, 8], [14, 9], [15, 8], [16, 8], [17, 9], [18, 10], [19, 10], [20, 11], [21, 12], [22, 13], [23, 14], [24, 14], [25, 13]]
[[6, 3], [7, 4], [8, 4], [9, 5], [10, 6], [11, 7], [12, 8], [13, 9], [14, 10], [15, 11], [16, 10], [17, 10], [18, 11], [19, 10], [20, 11], [21, 12], [22, 12], [23, 12], [24, 13], [25, 13]]
[[6, 3], [7, 4], [8, 4], [9, 5], [10, 6], [11, 7], [12, 7], [13, 8], [14, 9], [15, 10], [16, 9], [17, 10], [18, 11], [19, 12], [20, 11], [21, 12], [22, 12], [23, 13], [24, 12], [25, 13]]
[[6, 3], [7, 3], [8, 4], [9, 5], [10, 6], [11, 7], [12, 8], [13, 8], [14, 9], [15, 8], [16, 7], [17, 8], [18, 9], [19, 10], [20, 11], [21, 12], [22, 13], [23, 12], [24, 13], [25, 13]]
[[6, 3], [7, 4], [8, 5], [9, 5], [10, 6], [11, 7], [12, 8], [13, 8], [14, 9], [15, 9], [16, 9], [17, 10], [18, 11], [19, 12], [20, 13], [21, 12], [22, 12], [23, 13], [24, 13], [25, 13]]
[[6, 3], [7, 3], [8, 4], [9, 5], [10, 6], [11, 7], [12, 8], [13, 9], [14, 10], [15, 10], [16, 11], [17, 11], [18, 11], [19, 12], [20, 13], [21, 12], [22, 13], [23, 12], [24, 12], [25, 13]]
[[6, 3], [7, 4], [8, 5], [9, 5], [10, 6], [11, 6], [12, 7], [13, 8], [14, 9], [15, 8], [16, 9], [17, 10], [18, 10], [19, 10], [20, 11], [21, 12], [22, 13], [23, 13], [24, 14], [25, 13]]
[[6, 3], [7, 4], [8, 5], [9, 5], [10, 6], [11, 7], [12, 7], [13, 8], [14, 9], [15, 10], [16, 9], [17, 10], [18, 11], [19, 12], [20, 12], [21, 12], [22, 13], [23, 12], [24, 13], [25, 13]]
[[6, 3], [7, 4], [8, 5], [9, 5], [10, 6], [11, 7], [12, 7], [13, 8], [14, 9], [15, 8], [16, 7], [17, 8], [18, 9], [19, 10], [20, 11], [21, 12], [22, 13], [23, 14], [24, 14], [25, 13]]
[[6, 3], [7, 4], [8, 5], [9, 5], [10, 6], [11, 7], [12, 8], [13, 8], [14, 9], [15, 10], [16, 9], [17, 10], [18, 11], [19, 12], [20, 11], [21, 12], [22, 13], [23, 13], [24, 12], [25, 13]]
[[6, 3], [7, 3], [8, 4], [9, 5], [10, 6], [11, 7], [11, 8], [12, 9], [13, 10], [14, 10], [15, 11], [16, 12], [17, 12], [18, 13], [19, 13], [20, 14], [21, 13], [22, 13], [23, 14], [24, 13], [25, 13]]
[[6, 3], [7, 4], [8, 5], [9, 5], [10, 6], [11, 7], [11, 8], [11, 9], [12, 10], [13, 11], [14, 12], [15, 12], [16, 13], [17, 13], [18, 14], [19, 15], [20, 14], [21, 13], [22, 12], [23, 13], [24, 14], [25, 13]]
[[6, 3], [7, 4], [8, 4], [9, 5], [10, 6], [9, 7], [10, 8], [11, 8], [11, 9], [12, 10], [13, 11], [14, 12], [15, 12], [16, 11], [17, 12], [18, 13], [19, 14], [20, 15], [21, 14], [22, 13], [23, 14], [24, 14], [25, 13]]
[[6, 3], [7, 4], [8, 5], [9, 5], [10, 6], [11, 5], [12, 6], [13, 7], [13, 8], [14, 9], [15, 10], [15, 9], [16, 10], [16, 11], [17, 10], [18, 11], [19, 12], [20, 12], [21, 12], [22, 12], [23, 13], [24, 12], [25, 13]]
