[[20, 18], [20, 17], [20, 16], [20, 15], [20, 14], [21, 13], [20, 12], [21, 11], [20, 10], [20, 9], [21, 8], [22, 7]]
[[20, 18], [20, 17], [20, 16], [20, 15], [20, 14], [19, 13], [20, 12], [20, 11], [21, 10], [20, 9], [21, 8], [22, 7]]
[[20, 18], [19, 17], [20, 16], [20, 15], [21, 14], [22, 13], [21, 12], [20, 11], [21, 10], [22, 9], [23, 8], [22, 7]]
[[20, 18], [19, 17], [20, 16], [20, 15], [20, 14], [21, 13], [21, 12], [20, 11], [19, 10], [20, 9], [21, 8], [22, 7]]
[[20, 18], [21, 17], [22, 16], [23, 15], [22, 14], [22, 13], [21, 12], [22, 11], [23, 10], [22, 9], [23, 8], [22, 7]]
[[20, 18], [20, 17], [21, 16], [20, 15], [21, 14], [22, 13], [22, 12], [23, 11], [22, 10], [22, 9], [22, 8], [22, 7]]
[[20, 18], [21, 17], [22, 16], [21, 15], [21, 14], [22, 13], [23, 12], [23, 11], [23, 10], [23, 9], [22, 8], [22, 7]]
[[20, 18], [20, 17], [19, 16], [19, 15], [20, 14], [21, 13], [22, 12], [22, 11], [21, 10], [22, 9], [22, 8], [22, 7]]
[[20, 18], [20, 17], [20, 16], [20, 15], [20, 14], [21, 13], [20, 12], [21, 11], [20, 10], [20, 9], [21, 8], [22, 7]]
[[20, 18], [21, 17], [21, 16], [21, 15], [22, 16], [21, 15], [22, 14], [23, 14], [24, 13], [25, 12], [24, 13], [25, 13], [24, 13], [25, 12], [25, 11], [24, 10], [24, 9], [23, 9], [22, 8], [22, 7]]
[[20, 18], [19, 17], [20, 17], [19, 16], [19, 15], [18, 14], [19, 13], [18, 13], [19, 13], [19, 12], [20, 12], [20, 11], [20, 10], [19, 10], [20, 9], [20, 8], [21, 8], [22, 9], [22, 8], [22, 7]]
[[20, 18], [19, 19], [18, 19], [18, 18], [17, 17], [18, 18], [19, 17], [18, 16], [19, 16], [19, 15], [20, 14], [21, 13], [20, 12], [21, 12], [22, 11], [23, 11], [24, 10], [24, 9], [23, 8], [22, 7]]
[[20, 18], [19, 18], [18, 18], [18, 17], [19, 16], [18, 15], [17, 16], [17, 15], [18, 15], [18, 14], [19, 14], [20, 15], [21, 15], [22, 15], [22, 14], [21, 13], [20, 12], [21, 12], [21, 11], [22, 10], [23, 11], [24, 10], [24, 9], [25, 9], [26, 9], [27, 10], [26, 9], [27, 8], [26, 8], [25, 9], [24, 9], [23, 9], [22, 8], [22, 7]]
[[20, 18], [20, 17], [21, 17], [21, 18], [20, 18], [19, 18], [18, 17], [17, 17], [18, 16], [19, 15], [20, 14], [21, 14], [22, 15], [21, 14], [22, 14], [23, 15], [23, 14], [24, 13], [24, 12], [23, 12], [24, 12], [23, 11], [24, 10], [23, 10], [24, 10], [24, 9], [25, 10], [26, 10], [27, 10], [28, 9], [29, 9], [29, 10], [28, 9], [27, 8], [27, 7], [28, 6], [28, 5], [29, 4], [29, 3], [28, 4], [27, 5], [26, 6], [26, 7], [25, 7], [25, 6], [25, 7], [24, 8], [23, 9], [24, 8], [23, 7], [22, 7]]
[[20, 18], [21, 18], [22, 19], [22, 18], [21, 17], [22, 16], [21, 15], [21, 14], [20, 15], [20, 14], [21, 13], [22, 13], [22, 14], [21, 13], [20, 12], [19, 13], [18, 13], [17, 12], [17, 11], [18, 10], [19, 9], [20, 10], [19, 10], [19, 9], [18, 10], [19, 10], [19, 9], [20, 8], [19, 7], [18, 6], [17, 5], [17, 4], [16, 3], [15, 2], [15, 3], [15, 2], [14, 1], [13, 2], [14, 3], [14, 4], [13, 4], [14, 4], [15, 5], [14, 6], [15, 7], [16, 7], [17, 7], [18, 7], [19, 6], [18, 5], [18, 6], [17, 7], [16, 8], [15, 9], [15, 10], [16, 9], [16, 10], [17, 10], [16, 10], [15, 9], [15, 10], [14, 9], [13, 9], [13, 8], [12, 9], [11, 9], [10, 10], [9, 10], [8, 9], [9, 10], [8, 10], [7, 10], [6, 10], [5, 9], [4, 10], [5, 10], [4, 10], [4, 9], [3, 8], [2, 8], [1, 8], [1, 7], [0, 6], [1, 7], [1, 6], [1, 5], [2, 6], [3, 5], [2, 4], [3, 4], [2, 3], [2, 2], [3, 2], [4, 2], [4, 3], [3, 2], [2, 1], [1, 0], [2, 1], [3, 2], [4, 2], [5, 1], [6, 1], [7, 2], [8, 1], [9, 2], [9, 1], [9, 0], [9, 1], [9, 2], [8, 3], [7, 3], [6, 2], [7, 3], [7, 4], [6, 5], [6, 6], [5, 7], [5, 6], [4, 5], [3, 5], [4, 5], [5, 6], [5, 5], [4, 5], [4, 6], [3, 6], [3, 7], [3, 6], [4, 6], [4, 7], [5, 7], [4, 8], [5, 8], [6, 7], [7, 8], [8, 7], [9, 7], [10, 7], [10, 8], [9, 9], [10, 9], [11, 10], [11, 11], [12, 11], [12, 10], [13, 11], [13, 12], [14, 11], [15, 12], [16, 13], [17, 14], [16, 13], [15, 14], [14, 13], [14, 14], [13, 13], [12, 12], [12, 13], [12, 14], [12, 15], [11, 16], [10, 16], [11, 15], [10, 16], [10, 17], [10, 16], [9, 15], [10, 16], [9, 16], [10, 15], [9, 14], [10, 13], [11, 14], [12, 15], [13, 16], [13, 17], [14, 16], [14, 15], [15, 16], [16, 16], [17, 16], [18, 15], [19, 16], [19, 17], [18, 17], [19, 16], [18, 16], [17, 17], [16, 16], [15, 17], [14, 18], [15, 18], [14, 19], [15, 18], [16, 18], [17, 19], [18, 19], [18, 18], [19, 18], [20, 18], [20, 19], [21, 19], [22, 19], [23, 19], [22, 18], [21, 17], [22, 17], [22, 16], [23, 15], [24, 15], [25, 14], [26, 15], [26, 16], [27, 17], [28, 17], [29, 16], [28, 17], [29, 16], [28, 15], [27, 14], [26, 14], [27, 13], [28, 14], [29, 14], [28, 13], [27, 12], [27, 13], [26, 13], [25, 12], [25, 11], [25, 10], [24, 10], [23, 9], [24, 9], [25, 9], [25, 10], [26, 10], [27, 11], [27, 10], [28, 9], [28, 8], [27, 7], [28, 7], [28, 6], [29, 6], [28, 6], [28, 5], [29, 4], [28, 4], [27, 5], [26, 4], [25, 4], [24, 3], [23, 4], [22, 5], [21, 6], [21, 5], [21, 6], [22, 7]]
