[[18, 7], [17, 8], [16, 7], [15, 8], [14, 8], [13, 8], [12, 8], [11, 7], [10, 7], [9, 7], [8, 6]]
[[18, 7], [17, 7], [16, 7], [15, 8], [14, 7], [13, 7], [12, 6], [11, 6], [10, 7], [9, 7], [8, 6]]
[[18, 7], [17, 8], [16, 7], [15, 8], [14, 7], [13, 7], [12, 7], [11, 7], [10, 7], [9, 6], [8, 6]]
[[18, 7], [17, 7], [16, 7], [15, 8], [14, 8], [13, 8], [12, 7], [11, 6], [10, 7], [9, 7], [8, 6]]
[[18, 7], [17, 8], [16, 7], [15, 8], [14, 8], [13, 8], [12, 8], [11, 7], [10, 7], [9, 7], [8, 6]]
[[18, 7], [17, 8], [16, 9], [15, 8], [14, 7], [13, 6], [12, 7], [11, 8], [10, 7], [9, 6], [8, 6]]
[[18, 7], [17, 8], [16, 9], [15, 10], [14, 9], [13, 10], [12, 10], [11, 9], [10, 8], [9, 7], [8, 6]]
[[18, 7], [17, 8], [16, 7], [15, 6], [14, 5], [13, 4], [12, 5], [11, 4], [10, 4], [9, 5], [8, 6]]
[[18, 7], [17, 7], [16, 6], [15, 6], [14, 5], [13, 6], [12, 6], [11, 7], [10, 7], [9, 7], [8, 6]]
[[18, 7], [17, 8], [16, 9], [15, 8], [14, 8], [13, 7], [12, 7], [11, 6], [10, 6], [9, 5], [8, 6]]
[[18, 7], [17, 8], [16, 9], [15, 8], [14, 8], [13, 8], [12, 7], [11, 6], [10, 6], [9, 6], [8, 6]]
[[18, 7], [17, 8], [16, 9], [15, 8], [14, 9], [13, 8], [12, 7], [11, 8], [10, 7], [9, 7], [8, 6]]
[[18, 7], [17, 7], [16, 7], [15, 8], [14, 8], [13, 7], [12, 6], [11, 7], [10, 6], [9, 5], [8, 6]]
[[18, 7], [17, 8], [16, 7], [15, 8], [14, 7], [13, 7], [12, 6], [11, 6], [10, 7], [9, 6], [8, 6]]
[[18, 7], [17, 8], [17, 7], [16, 6], [15, 5], [14, 5], [13, 5], [12, 4], [11, 5], [10, 5], [9, 6], [8, 6]]
[[18, 7], [18, 8], [18, 7], [19, 6], [18, 6], [18, 5], [17, 4], [16, 5], [17, 4], [18, 3], [17, 3], [16, 2], [17, 3], [16, 3], [15, 3], [15, 4], [15, 5], [15, 6], [14, 5], [13, 6], [14, 5], [13, 4], [12, 3], [11, 4], [10, 4], [9, 4], [10, 5], [11, 5], [10, 6], [9, 6], [9, 5], [8, 5], [8, 6]]
[[18, 7], [17, 7], [16, 7], [16, 6], [15, 5], [14, 4], [13, 5], [12, 6], [11, 6], [12, 5], [13, 4], [13, 3], [12, 3], [13, 2], [12, 2], [12, 1], [11, 2], [11, 1], [10, 0], [9, 0], [8, 1], [8, 2], [7, 1], [8, 0], [7, 0], [6, 0], [6, 1], [6, 2], [5, 2], [5, 3], [4, 2], [3, 3], [2, 4], [1, 4], [0, 3], [0, 4], [0, 5], [1, 6], [0, 6], [1, 7], [0, 7], [1, 8], [2, 8], [2, 9], [3, 10], [3, 9], [4, 10], [4, 9], [5, 8], [6, 8], [5, 7], [4, 7], [3, 8], [4, 8], [4, 9], [5, 8], [5, 7], [6, 8], [7, 8], [8, 7], [9, 7], [8, 6]]
[[18, 7], [17, 8], [17, 7], [16, 6], [15, 6], [15, 5], [15, 4], [16, 3], [17, 2], [17, 3], [16, 2], [17, 1], [18, 0], [19, 1], [20, 1], [20, 2], [19, 2], [20, 3], [20, 4], [21, 4], [22, 3], [21, 3], [21, 2], [22, 2], [23, 2], [23, 3], [22, 4], [23, 4], [24, 3], [25, 4], [25, 5], [24, 4], [25, 3], [26, 4], [26, 5], [27, 4], [27, 5], [28, 4], [29, 5], [28, 6], [29, 7], [28, 7], [28, 8], [27, 7], [26, 8], [25, 9], [26, 9], [27, 9], [26, 10], [25, 11], [24, 12], [24, 13], [25, 12], [26, 11], [27, 11], [28, 10], [28, 9], [27, 10], [28, 11], [27, 12], [27, 13], [26, 12], [25, 13], [26, 13], [27, 14], [28, 14], [28, 15], [29, 15], [28, 16], [28, 17], [29, 18], [28, 17], [29, 16], [28, 15], [29, 15], [28, 16], [27, 15], [27, 14], [26, 13], [25, 12], [24, 13], [24, 12], [25, 13], [24, 14], [24, 15], [25, 16], [24, 17], [23, 16], [22, 16], [21, 15], [22, 15], [21, 14], [20, 15], [21, 16], [21, 17], [20, 18], [19, 18], [19, 17], [20, 16], [19, 15], [19, 16], [18, 16], [17, 17], [18, 18], [19, 19], [18, 19], [17, 19], [17, 18], [16, 17], [15, 16], [16, 15], [15, 14], [14, 13], [13, 14], [14, 15], [13, 16], [12, 17], [13, 17], [13, 18], [14, 19], [15, 18], [15, 17], [16, 18], [16, 19], [15, 19], [14, 18], [13, 19], [12, 18], [11, 17], [10, 17], [9, 17], [10, 18], [11, 19], [10, 19], [9, 19], [8, 19], [7, 18], [6, 18], [5, 18], [4, 17], [3, 18], [4, 18], [3, 19], [2, 19], [1, 18], [1, 19], [0, 19], [0, 18], [0, 17], [1, 17], [2, 16], [2, 15], [1, 14], [0, 14], [0, 13], [0, 12], [1, 12], [1, 13], [2, 13], [3, 13], [2, 12], [1, 11], [2, 11], [3, 10], [2, 10], [2, 9], [1, 8], [2, 7], [2, 6], [3, 5], [2, 5], [1, 4], [0, 3], [0, 2], [1, 1], [0, 0], [1, 0], [2, 1], [3, 0], [2, 0], [3, 1], [4, 0], [4, 1], [3, 2], [3, 3], [4, 3], [5, 3], [5, 2], [5, 1], [6, 1], [7, 2], [7, 3], [7, 4], [8, 3], [9, 4], [10, 5], [10, 4], [9, 5], [10, 6], [11, 6], [10, 7], [9, 6], [8, 5], [8, 6]]
