[[18, 12], [19, 13], [20, 12], [21, 11], [22, 10], [23, 9], [24, 10]]
[[18, 12], [19, 11], [20, 11], [21, 10], [22, 11], [23, 10], [24, 10]]
[[18, 12], [19, 11], [20, 12], [21, 12], [22, 11], [23, 10], [24, 10]]
[[18, 12], [19, 11], [20, 11], [21, 11], [22, 11], [23, 11], [24, 10]]
[[18, 12], [19, 13], [20, 12], [21, 11], [22, 10], [23, 9], [24, 10]]
[[18, 12], [19, 11], [20, 11], [21, 10], [22, 9], [23, 10], [24, 10]]
[[18, 12], [19, 13], [20, 12], [21, 12], [22, 12], [23, 11], [24, 10]]
[[18, 12], [19, 13], [20, 12], [21, 12], [22, 12], [23, 11], [24, 10]]
[[18, 12], [19, 13], [20, 13], [21, 12], [22, 12], [23, 11], [24, 10]]
[[18, 12], [19, 11], [20, 12], [21, 12], [22, 12], [23, 11], [24, 10]]
[[18, 12], [19, 11], [20, 11], [21, 11], [22, 10], [23, 9], [24, 10]]
[[18, 12], [19, 13], [20, 12], [21, 12], [22, 12], [23, 11], [24, 10]]
[[18, 12], [19, 13], [20, 12], [21, 11], [22, 10], [23, 11], [24, 10]]
[[18, 12], [19, 13], [20, 12], [21, 11], [22, 10], [23, 11], [24, 10]]
[[18, 12], [19, 11], [20, 10], [21, 10], [22, 11], [23, 11], [24, 10]]
[[18, 12], [19, 11], [20, 10], [21, 10], [21, 9], [22, 10], [23, 11], [24, 10]]
[[18, 12], [19, 13], [20, 13], [21, 12], [21, 13], [22, 12], [23, 11], [24, 10]]
[[18, 12], [19, 11], [20, 10], [21, 10], [21, 9], [22, 9], [23, 10], [24, 10]]
[[18, 12], [19, 11], [20, 10], [21, 9], [21, 8], [22, 9], [23, 9], [24, 10]]
[[18, 12], [18, 11], [19, 11], [20, 10], [21, 9], [22, 9], [23, 10], [24, 10]]
