[[27, 4], [26, 5], [25, 6], [24, 7], [25, 8], [24, 9], [23, 9], [22, 10], [21, 10], [20, 11], [19, 11], [18, 12], [17, 13], [16, 12], [15, 12], [14, 13], [13, 13], [12, 14]]
[[27, 4], [26, 5], [27, 6], [26, 7], [25, 8], [24, 9], [23, 10], [22, 11], [21, 12], [20, 12], [19, 13], [18, 14], [17, 15], [16, 15], [15, 16], [14, 15], [13, 15], [12, 14]]
[[27, 4], [26, 5], [27, 6], [26, 7], [25, 8], [24, 9], [23, 9], [22, 10], [21, 11], [20, 10], [19, 11], [18, 12], [17, 13], [16, 14], [15, 15], [14, 14], [13, 15], [12, 14]]
[[27, 4], [26, 5], [27, 6], [26, 7], [25, 8], [24, 9], [23, 9], [22, 10], [21, 11], [20, 10], [19, 11], [18, 12], [17, 13], [16, 14], [15, 15], [14, 14], [13, 15], [12, 14]]
[[27, 4], [26, 5], [25, 6], [24, 7], [25, 8], [24, 9], [23, 9], [22, 10], [21, 10], [20, 11], [19, 11], [18, 12], [17, 13], [16, 12], [15, 12], [14, 13], [13, 13], [12, 14]]
[[27, 4], [28, 5], [27, 6], [26, 7], [25, 8], [24, 9], [23, 10], [22, 10], [21, 10], [20, 9], [19, 9], [18, 10], [17, 11], [16, 12], [15, 13], [14, 13], [13, 13], [12, 14]]
[[27, 4], [27, 5], [26, 6], [26, 7], [25, 8], [24, 9], [23, 9], [22, 10], [21, 10], [20, 11], [19, 12], [18, 13], [17, 14], [16, 13], [15, 13], [14, 14], [13, 15], [12, 14]]
[[27, 4], [26, 5], [26, 6], [25, 7], [25, 8], [24, 9], [23, 9], [22, 9], [21, 10], [20, 11], [19, 10], [18, 10], [17, 11], [16, 12], [15, 12], [14, 13], [13, 14], [12, 14]]
[[27, 4], [26, 5], [26, 6], [26, 7], [25, 8], [24, 9], [23, 9], [22, 10], [21, 11], [20, 10], [19, 11], [18, 12], [17, 11], [16, 12], [15, 13], [14, 14], [13, 14], [12, 14]]
[[27, 4], [27, 5], [26, 6], [25, 7], [25, 8], [24, 9], [23, 10], [22, 9], [21, 9], [20, 10], [19, 10], [18, 10], [17, 10], [16, 11], [15, 12], [14, 13], [13, 14], [12, 14]]
[[27, 4], [26, 5], [26, 6], [26, 7], [25, 8], [24, 9], [23, 10], [22, 10], [21, 9], [20, 10], [19, 10], [18, 10], [17, 11], [16, 12], [15, 12], [14, 13], [13, 14], [12, 14]]
[[27, 4], [28, 5], [27, 6], [26, 7], [25, 8], [24, 9], [23, 10], [22, 10], [21, 9], [20, 10], [19, 11], [18, 11], [17, 11], [16, 12], [15, 13], [14, 14], [13, 13], [12, 14]]
[[27, 4], [26, 5], [26, 6], [25, 7], [25, 8], [24, 9], [23, 10], [22, 9], [21, 8], [20, 9], [19, 9], [18, 10], [17, 10], [16, 11], [15, 12], [14, 13], [13, 14], [13, 15], [12, 14]]
[[27, 4], [27, 5], [26, 6], [25, 7], [25, 8], [24, 9], [23, 9], [22, 9], [21, 10], [20, 10], [19, 9], [20, 10], [20, 11], [19, 11], [18, 11], [17, 11], [16, 12], [15, 13], [14, 14], [13, 15], [12, 14]]
[[27, 4], [27, 5], [26, 6], [26, 7], [25, 8], [24, 9], [23, 10], [22, 9], [22, 10], [21, 10], [20, 10], [19, 9], [18, 8], [19, 9], [18, 10], [17, 11], [16, 12], [15, 13], [14, 14], [13, 14], [12, 14]]
[[27, 4], [28, 5], [27, 6], [26, 7], [25, 8], [25, 9], [24, 9], [23, 10], [22, 9], [21, 9], [21, 10], [20, 11], [19, 11], [19, 12], [18, 12], [17, 13], [16, 13], [15, 13], [14, 14], [13, 15], [12, 14]]
[[27, 4], [28, 5], [27, 6], [26, 7], [25, 8], [25, 9], [24, 10], [23, 10], [22, 11], [21, 12], [20, 11], [19, 10], [20, 11], [19, 12], [18, 12], [17, 11], [16, 11], [15, 12], [14, 13], [13, 13], [12, 14]]
[[27, 4], [26, 5], [26, 6], [25, 7], [26, 8], [25, 9], [24, 10], [23, 10], [22, 9], [21, 9], [21, 10], [20, 11], [19, 11], [19, 12], [18, 12], [17, 13], [16, 13], [15, 13], [14, 14], [13, 15], [12, 14]]
[[27, 4], [26, 5], [27, 6], [26, 7], [26, 8], [25, 9], [26, 10], [25, 11], [24, 10], [23, 9], [22, 10], [21, 11], [21, 12], [20, 11], [19, 11], [18, 12], [17, 13], [16, 12], [15, 13], [14, 13], [13, 14], [12, 14]]
[[27, 4], [26, 5], [26, 6], [26, 7], [25, 7], [25, 8], [26, 9], [26, 8], [25, 9], [24, 9], [23, 10], [23, 9], [22, 10], [22, 11], [21, 12], [22, 13], [21, 13], [20, 12], [19, 13], [18, 13], [18, 14], [17, 13], [17, 14], [16, 15], [15, 16], [14, 15], [14, 14], [13, 13], [12, 14]]
