[[17, 15], [18, 14], [19, 13], [20, 12], [21, 11], [22, 10], [23, 9], [24, 8], [25, 7], [26, 6], [27, 5], [28, 4], [29, 3]]
[[17, 15], [18, 14], [19, 13], [20, 12], [21, 11], [22, 10], [23, 9], [24, 8], [25, 7], [26, 6], [27, 5], [28, 4], [29, 3]]
[[17, 15], [18, 14], [19, 13], [20, 12], [21, 11], [22, 10], [23, 9], [24, 8], [25, 7], [26, 6], [27, 5], [28, 4], [29, 3]]
[[17, 15], [18, 14], [19, 13], [20, 12], [21, 11], [22, 10], [23, 9], [24, 8], [25, 7], [26, 6], [27, 5], [28, 4], [29, 3]]
[[17, 15], [18, 14], [19, 13], [20, 12], [21, 11], [22, 10], [23, 9], [24, 8], [25, 7], [26, 6], [27, 5], [28, 4], [29, 3]]
[[17, 15], [18, 14], [19, 13], [20, 12], [21, 11], [22, 10], [23, 9], [24, 8], [25, 7], [26, 6], [27, 5], [28, 4], [29, 3]]
[[17, 15], [18, 14], [19, 13], [20, 12], [21, 11], [22, 10], [23, 9], [24, 8], [25, 7], [26, 6], [27, 5], [28, 4], [29, 3]]
[[17, 15], [18, 14], [19, 13], [20, 12], [21, 11], [22, 10], [23, 9], [24, 8], [25, 7], [26, 6], [27, 5], [28, 4], [29, 3]]
[[17, 15], [18, 14], [19, 13], [20, 12], [21, 11], [22, 10], [23, 9], [24, 8], [25, 7], [26, 6], [27, 5], [28, 4], [29, 3]]
[[17, 15], [18, 14], [19, 13], [20, 12], [21, 11], [22, 10], [23, 9], [24, 8], [25, 7], [26, 6], [27, 5], [28, 4], [29, 3]]
[[17, 15], [18, 14], [19, 13], [20, 12], [21, 11], [22, 10], [23, 9], [24, 8], [25, 7], [26, 6], [27, 5], [28, 4], [29, 3]]
[[17, 15], [18, 14], [19, 13], [20, 12], [21, 11], [22, 10], [23, 9], [24, 8], [25, 7], [26, 6], [27, 5], [28, 4], [29, 3]]
[[17, 15], [18, 14], [19, 13], [20, 12], [21, 11], [22, 10], [23, 9], [24, 8], [25, 7], [26, 6], [27, 5], [28, 4], [29, 3]]
[[17, 15], [18, 14], [19, 13], [20, 12], [21, 11], [22, 10], [23, 9], [24, 8], [25, 7], [26, 6], [27, 5], [28, 4], [29, 3]]
[[17, 15], [18, 14], [19, 13], [20, 12], [21, 11], [22, 10], [23, 9], [24, 9], [24, 8], [25, 7], [26, 6], [27, 5], [28, 4], [29, 3]]
[[17, 15], [18, 14], [19, 13], [20, 12], [21, 11], [22, 10], [23, 10], [24, 9], [25, 8], [25, 7], [24, 6], [25, 6], [26, 6], [27, 5], [28, 4], [29, 3]]
[[17, 15], [17, 14], [18, 14], [19, 14], [20, 14], [21, 13], [22, 12], [23, 11], [22, 10], [23, 9], [24, 8], [25, 8], [25, 7], [26, 6], [27, 5], [27, 4], [28, 4], [29, 3]]
[[17, 15], [17, 14], [18, 13], [19, 14], [20, 14], [19, 13], [20, 12], [21, 11], [22, 10], [23, 10], [24, 9], [25, 9], [25, 8], [25, 7], [26, 6], [27, 5], [28, 4], [29, 3]]
[[17, 15], [18, 14], [19, 13], [20, 12], [19, 12], [18, 11], [19, 11], [20, 11], [20, 10], [20, 9], [20, 8], [21, 7], [22, 7], [23, 6], [24, 5], [25, 4], [26, 3], [27, 2], [27, 3], [28, 4], [29, 3]]
[[17, 15], [18, 14], [19, 13], [19, 12], [20, 12], [21, 13], [21, 12], [21, 11], [22, 10], [23, 9], [23, 8], [24, 9], [25, 9], [26, 8], [27, 7], [27, 6], [28, 5], [27, 4], [28, 3], [29, 2], [29, 3]]
