[[29, 6], [28, 7], [29, 8], [28, 9], [29, 10], [28, 11], [27, 12], [28, 13], [29, 14]]
[[29, 6], [29, 7], [28, 8], [28, 9], [27, 10], [28, 11], [28, 12], [28, 13], [29, 14]]
[[29, 6], [28, 7], [27, 8], [28, 9], [27, 10], [27, 11], [27, 12], [28, 13], [29, 14]]
[[29, 6], [29, 7], [28, 8], [28, 9], [29, 10], [28, 11], [28, 12], [29, 13], [29, 14]]
[[29, 6], [28, 7], [28, 8], [29, 9], [28, 10], [27, 11], [27, 12], [28, 13], [29, 14]]
[[29, 6], [28, 7], [27, 8], [28, 9], [27, 10], [28, 11], [29, 12], [28, 13], [29, 14]]
[[29, 6], [29, 7], [28, 8], [28, 9], [28, 10], [29, 11], [29, 12], [28, 13], [29, 14]]
[[29, 6], [29, 7], [29, 8], [29, 9], [29, 10], [28, 11], [29, 12], [29, 13], [29, 14]]
[[29, 6], [29, 7], [28, 8], [28, 9], [28, 10], [29, 11], [29, 12], [29, 13], [29, 14]]
[[29, 6], [28, 7], [29, 8], [28, 9], [29, 10], [28, 11], [27, 12], [28, 13], [29, 14]]
[[29, 6], [28, 7], [27, 8], [26, 9], [27, 10], [27, 11], [27, 12], [28, 13], [29, 14]]
[[29, 6], [28, 7], [27, 7], [27, 8], [28, 9], [29, 10], [28, 11], [28, 12], [29, 13], [29, 14]]
[[29, 6], [28, 7], [27, 7], [27, 8], [28, 9], [29, 10], [28, 11], [28, 12], [29, 13], [29, 14]]
[[29, 6], [28, 7], [28, 8], [29, 9], [28, 9], [29, 10], [28, 11], [28, 12], [28, 13], [29, 14]]
[[29, 6], [28, 6], [27, 7], [27, 8], [26, 9], [27, 9], [27, 10], [26, 10], [25, 11], [26, 11], [25, 12], [26, 12], [27, 13], [28, 13], [28, 14], [29, 14]]
[[29, 6], [28, 7], [28, 6], [29, 5], [29, 4], [28, 4], [28, 5], [27, 5], [26, 4], [27, 3], [26, 3], [26, 4], [27, 3], [27, 2], [27, 1], [27, 0], [26, 0], [25, 1], [24, 2], [24, 3], [25, 2], [24, 1], [23, 0], [24, 0], [23, 1], [22, 2], [23, 3], [22, 4], [22, 3], [21, 4], [21, 3], [21, 2], [20, 1], [20, 2], [20, 3], [19, 4], [18, 3], [17, 3], [16, 2], [17, 2], [18, 1], [17, 0], [16, 1], [17, 1], [18, 2], [19, 2], [19, 3], [20, 4], [21, 5], [20, 6], [19, 6], [19, 7], [20, 7], [21, 8], [20, 9], [20, 10], [19, 10], [20, 11], [21, 12], [21, 11], [22, 11], [21, 10], [22, 9], [23, 9], [22, 8], [23, 8], [23, 7], [24, 8], [25, 7], [26, 6], [25, 6], [24, 6], [24, 5], [23, 6], [24, 7], [25, 8], [26, 9], [25, 9], [25, 10], [24, 11], [23, 11], [24, 12], [25, 11], [26, 11], [26, 12], [25, 13], [26, 14], [27, 15], [28, 16], [28, 15], [28, 14], [29, 14]]
[[29, 6], [28, 7], [29, 7], [28, 8], [29, 9], [29, 10], [28, 10], [28, 11], [27, 10], [28, 9], [27, 9], [26, 10], [25, 11], [25, 12], [26, 11], [25, 10], [24, 10], [25, 9], [26, 8], [27, 8], [27, 7], [28, 6], [28, 5], [29, 4], [28, 4], [29, 3], [29, 2], [28, 2], [27, 2], [27, 3], [26, 3], [25, 2], [24, 3], [23, 3], [24, 2], [24, 1], [23, 1], [23, 2], [22, 3], [23, 4], [22, 4], [22, 5], [21, 4], [21, 3], [20, 4], [19, 3], [18, 2], [18, 1], [19, 1], [20, 2], [20, 1], [21, 0], [22, 1], [23, 0], [24, 0], [25, 0], [25, 1], [26, 2], [25, 3], [25, 4], [25, 5], [24, 5], [23, 5], [23, 6], [22, 6], [23, 7], [24, 6], [24, 7], [23, 8], [22, 7], [21, 8], [20, 8], [19, 7], [19, 6], [20, 5], [21, 6], [20, 7], [19, 8], [20, 9], [20, 10], [21, 9], [22, 9], [21, 10], [22, 11], [21, 12], [22, 12], [22, 13], [22, 14], [23, 15], [22, 16], [21, 17], [20, 16], [21, 16], [22, 15], [21, 14], [20, 15], [19, 16], [18, 16], [19, 17], [20, 17], [21, 18], [22, 17], [23, 16], [24, 16], [24, 15], [25, 16], [26, 16], [25, 15], [24, 14], [24, 13], [23, 12], [24, 12], [25, 11], [26, 10], [26, 11], [27, 11], [27, 10], [28, 11], [28, 10], [29, 10], [29, 11], [29, 12], [28, 13], [27, 14], [28, 14], [29, 14]]
