[[13, 14], [14, 14], [15, 13], [16, 13], [17, 14], [18, 15], [19, 14], [20, 15], [21, 16]]
[[13, 14], [14, 14], [15, 13], [16, 13], [17, 14], [18, 15], [19, 15], [20, 15], [21, 16]]
[[13, 14], [14, 13], [15, 14], [16, 15], [17, 15], [18, 14], [19, 15], [20, 15], [21, 16]]
[[13, 14], [14, 13], [15, 14], [16, 13], [17, 14], [18, 14], [19, 15], [20, 16], [21, 16]]
[[13, 14], [14, 15], [15, 15], [16, 16], [17, 16], [18, 16], [19, 15], [20, 15], [21, 16]]
[[13, 14], [14, 14], [15, 13], [16, 13], [17, 14], [18, 15], [19, 15], [20, 16], [21, 16]]
[[13, 14], [14, 14], [15, 15], [16, 16], [17, 16], [18, 17], [19, 18], [20, 17], [21, 16]]
[[13, 14], [14, 14], [15, 14], [16, 15], [17, 16], [18, 16], [19, 17], [20, 17], [21, 16]]
[[13, 14], [14, 14], [15, 14], [16, 13], [17, 14], [18, 14], [19, 15], [20, 15], [21, 16]]
[[13, 14], [14, 14], [15, 13], [16, 13], [17, 14], [18, 15], [19, 14], [20, 15], [21, 16]]
[[13, 14], [14, 14], [15, 15], [16, 16], [17, 17], [18, 18], [19, 18], [20, 17], [21, 16]]
[[13, 14], [14, 13], [15, 14], [16, 13], [17, 14], [18, 13], [19, 14], [20, 15], [21, 16]]
[[13, 14], [14, 15], [15, 16], [16, 15], [17, 14], [18, 15], [19, 15], [20, 15], [21, 16]]
[[13, 14], [14, 13], [14, 14], [15, 15], [16, 15], [17, 15], [18, 16], [19, 17], [20, 16], [21, 16]]
[[13, 14], [14, 13], [15, 13], [16, 13], [17, 14], [18, 13], [19, 14], [20, 15], [20, 16], [21, 16]]
[[13, 14], [14, 15], [15, 15], [16, 15], [17, 16], [18, 15], [17, 14], [18, 15], [19, 15], [20, 16], [21, 16]]
[[13, 14], [13, 15], [13, 16], [14, 16], [15, 15], [15, 14], [16, 15], [17, 16], [18, 15], [18, 16], [19, 15], [20, 15], [21, 15], [21, 16]]
[[13, 14], [12, 14], [13, 15], [14, 15], [15, 15], [16, 16], [16, 15], [17, 14], [17, 13], [18, 12], [17, 12], [16, 13], [17, 14], [17, 13], [18, 14], [19, 15], [20, 16], [21, 16]]
[[13, 14], [13, 13], [12, 13], [11, 12], [11, 13], [10, 14], [10, 15], [9, 16], [9, 17], [8, 16], [8, 17], [8, 16], [7, 16], [6, 17], [5, 16], [4, 15], [5, 15], [6, 15], [5, 16], [4, 15], [3, 15], [4, 16], [3, 17], [2, 18], [3, 19], [3, 18], [2, 18], [3, 17], [2, 16], [2, 15], [2, 16], [3, 17], [3, 18], [4, 17], [3, 18], [4, 18], [5, 17], [6, 18], [7, 17], [8, 18], [8, 19], [8, 18], [9, 18], [10, 19], [11, 18], [12, 18], [12, 19], [13, 18], [14, 17], [13, 16], [14, 15], [14, 14], [15, 15], [16, 15], [17, 14], [16, 13], [15, 12], [16, 12], [17, 13], [18, 13], [19, 14], [19, 13], [18, 14], [17, 15], [16, 16], [15, 15], [15, 16], [15, 17], [15, 18], [16, 19], [15, 19], [16, 19], [17, 18], [17, 19], [18, 18], [19, 18], [18, 18], [19, 19], [19, 18], [20, 19], [20, 18], [21, 19], [22, 19], [23, 18], [24, 17], [25, 16], [24, 15], [23, 15], [22, 16], [21, 16], [20, 15], [20, 14], [21, 14], [20, 13], [21, 12], [20, 11], [19, 11], [20, 10], [21, 10], [21, 9], [22, 8], [21, 9], [22, 9], [22, 10], [23, 11], [22, 12], [22, 13], [21, 13], [22, 12], [23, 11], [24, 12], [25, 12], [26, 13], [25, 12], [24, 11], [25, 12], [26, 11], [27, 11], [28, 12], [28, 13], [27, 14], [26, 13], [25, 13], [24, 14], [24, 15], [23, 15], [23, 16], [22, 17], [22, 16], [21, 16]]
