[[6, 17], [7, 16], [8, 17], [9, 16], [10, 15], [11, 15], [12, 14], [13, 14], [14, 13], [15, 12], [16, 12], [17, 12], [18, 11], [19, 11]]
[[6, 17], [7, 16], [8, 15], [9, 15], [10, 16], [11, 15], [12, 15], [13, 14], [14, 13], [15, 14], [16, 14], [17, 13], [18, 12], [19, 11]]
[[6, 17], [7, 17], [8, 16], [9, 17], [10, 16], [11, 15], [12, 14], [13, 14], [14, 13], [15, 12], [16, 12], [17, 12], [18, 11], [19, 11]]
[[6, 17], [7, 16], [8, 17], [9, 16], [10, 15], [11, 15], [12, 14], [13, 14], [14, 13], [15, 12], [16, 12], [17, 12], [18, 11], [19, 11]]
[[6, 17], [7, 16], [8, 16], [9, 15], [10, 16], [11, 15], [12, 14], [13, 13], [14, 13], [15, 14], [16, 14], [17, 13], [18, 12], [19, 11]]
[[6, 17], [7, 17], [8, 17], [9, 16], [10, 15], [11, 16], [12, 15], [13, 14], [14, 13], [15, 12], [16, 13], [17, 13], [18, 12], [19, 11]]
[[6, 17], [7, 17], [8, 17], [9, 16], [10, 16], [11, 16], [12, 16], [13, 16], [14, 15], [15, 14], [16, 14], [17, 13], [18, 12], [19, 11]]
[[6, 17], [7, 16], [8, 16], [9, 15], [10, 14], [11, 15], [12, 15], [13, 14], [14, 13], [15, 12], [16, 13], [17, 13], [18, 12], [19, 11]]
[[6, 17], [7, 17], [8, 16], [9, 16], [10, 16], [11, 15], [12, 14], [13, 13], [14, 13], [15, 14], [16, 14], [17, 13], [18, 12], [19, 11]]
[[6, 17], [7, 16], [8, 15], [9, 15], [10, 15], [11, 15], [12, 14], [13, 14], [14, 13], [15, 12], [16, 12], [17, 12], [18, 12], [19, 11]]
[[6, 17], [7, 16], [8, 16], [9, 16], [10, 16], [11, 15], [12, 15], [13, 14], [14, 13], [15, 12], [16, 13], [17, 13], [18, 12], [19, 11]]
[[6, 17], [7, 17], [8, 17], [9, 16], [10, 15], [11, 16], [12, 15], [13, 14], [14, 13], [15, 12], [16, 12], [17, 12], [18, 11], [19, 11]]
[[6, 17], [7, 16], [8, 17], [9, 17], [9, 16], [10, 15], [11, 16], [12, 15], [13, 14], [14, 13], [15, 12], [16, 12], [17, 12], [18, 11], [19, 11]]
[[6, 17], [7, 16], [8, 15], [9, 15], [10, 16], [11, 15], [12, 16], [12, 15], [13, 14], [14, 13], [15, 12], [16, 12], [17, 12], [18, 12], [19, 11]]
[[6, 17], [7, 17], [8, 17], [9, 16], [10, 15], [11, 16], [12, 16], [13, 15], [14, 14], [14, 13], [15, 12], [16, 12], [17, 11], [17, 10], [18, 11], [19, 12], [20, 12], [21, 12], [21, 11], [20, 11], [21, 10], [20, 10], [19, 11]]
[[6, 17], [7, 18], [8, 17], [9, 17], [10, 16], [11, 16], [12, 16], [12, 15], [13, 14], [14, 13], [15, 12], [16, 12], [17, 13], [18, 13], [18, 12], [17, 12], [18, 13], [19, 13], [20, 14], [21, 15], [21, 14], [21, 13], [20, 13], [21, 13], [21, 14], [20, 13], [20, 12], [19, 11]]
[[6, 17], [5, 16], [5, 15], [5, 14], [6, 13], [5, 12], [4, 12], [5, 13], [6, 12], [6, 11], [6, 12], [7, 13], [6, 14], [7, 14], [8, 15], [7, 15], [8, 16], [9, 16], [10, 15], [10, 16], [11, 16], [11, 15], [12, 15], [13, 14], [12, 13], [12, 14], [13, 13], [13, 12], [14, 13], [15, 14], [16, 13], [17, 13], [18, 14], [17, 14], [18, 15], [19, 16], [20, 17], [20, 16], [21, 15], [21, 14], [20, 13], [19, 14], [18, 13], [19, 12], [19, 11]]
[[6, 17], [7, 16], [8, 16], [8, 15], [9, 16], [10, 15], [11, 16], [11, 15], [12, 15], [13, 14], [14, 13], [13, 13], [13, 14], [14, 14], [13, 15], [13, 14], [12, 14], [12, 13], [11, 12], [10, 12], [11, 13], [12, 14], [13, 15], [14, 15], [13, 14], [14, 14], [14, 15], [14, 14], [14, 13], [13, 14], [13, 13], [14, 12], [13, 11], [14, 11], [15, 10], [16, 9], [17, 8], [17, 7], [18, 7], [19, 8], [19, 9], [20, 10], [19, 9], [19, 10], [19, 11]]
[[6, 17], [7, 18], [7, 17], [8, 18], [8, 19], [7, 19], [8, 19], [9, 18], [9, 17], [8, 18], [9, 19], [10, 18], [10, 19], [11, 19], [12, 18], [13, 19], [13, 18], [14, 18], [15, 19], [16, 18], [17, 17], [16, 18], [17, 18], [18, 19], [18, 18], [17, 18], [18, 18], [19, 18], [18, 18], [19, 17], [20, 16], [20, 15], [19, 16], [20, 15], [19, 15], [19, 14], [20, 13], [21, 12], [22, 12], [21, 11], [20, 10], [20, 9], [21, 9], [20, 9], [19, 10], [20, 9], [20, 8], [20, 7], [19, 7], [19, 6], [18, 5], [17, 4], [16, 4], [15, 4], [14, 4], [13, 3], [14, 3], [13, 4], [14, 4], [13, 5], [12, 5], [13, 4], [13, 5], [14, 5], [15, 6], [16, 7], [17, 8], [18, 9], [18, 8], [19, 8], [18, 9], [19, 8], [18, 9], [19, 10], [19, 11]]
[[6, 17], [7, 17], [6, 16], [7, 15], [7, 16], [7, 15], [6, 14], [5, 15], [4, 15], [5, 16], [4, 16], [3, 15], [2, 16], [1, 17], [0, 17], [0, 18], [1, 19], [1, 18], [1, 17], [1, 18], [2, 17], [3, 18], [4, 19], [5, 18], [6, 17], [7, 16], [6, 17], [5, 16], [6, 16], [7, 17], [7, 18], [8, 18], [9, 18], [10, 19], [10, 18], [11, 18], [12, 19], [12, 18], [13, 18], [13, 19], [12, 18], [12, 19], [13, 19], [14, 19], [14, 18], [15, 19], [16, 19], [17, 19], [17, 18], [17, 19], [18, 18], [19, 19], [20, 18], [20, 19], [20, 18], [21, 17], [20, 17], [21, 18], [22, 18], [21, 17], [20, 17], [20, 16], [19, 16], [19, 15], [18, 15], [18, 14], [18, 15], [19, 14], [18, 13], [18, 14], [19, 14], [19, 13], [20, 12], [21, 11], [22, 10], [23, 9], [23, 10], [22, 9], [21, 10], [20, 10], [19, 11], [20, 10], [19, 11]]
