[[10, 4], [11, 3], [12, 2], [12, 1], [13, 0]]
[[10, 4], [11, 3], [12, 2], [12, 1], [13, 0]]
[[10, 4], [11, 3], [12, 2], [12, 1], [13, 0]]
[[10, 4], [11, 3], [12, 2], [13, 1], [13, 0]]
[[10, 4], [11, 3], [12, 2], [12, 1], [13, 0]]
[[10, 4], [11, 3], [12, 2], [13, 1], [13, 0]]
[[10, 4], [11, 3], [12, 2], [12, 1], [13, 0]]
[[10, 4], [11, 3], [12, 2], [13, 1], [13, 0]]
[[10, 4], [11, 3], [12, 2], [13, 1], [13, 0]]
[[10, 4], [11, 3], [12, 2], [13, 1], [13, 0]]
[[10, 4], [11, 3], [12, 2], [12, 1], [13, 0]]
[[10, 4], [11, 3], [12, 2], [12, 1], [13, 0]]
[[10, 4], [11, 3], [12, 2], [13, 1], [13, 0]]
[[10, 4], [11, 3], [12, 2], [13, 1], [13, 0]]
[[10, 4], [11, 3], [12, 2], [13, 1], [13, 0]]
[[10, 4], [11, 3], [12, 2], [12, 1], [13, 0]]
[[10, 4], [11, 3], [12, 2], [12, 1], [13, 0]]
[[10, 4], [11, 3], [10, 2], [11, 1], [12, 1], [13, 0]]
[[10, 4], [11, 3], [12, 2], [13, 1], [13, 0], [14, 1], [13, 1], [12, 1], [13, 0]]
[[10, 4], [11, 3], [12, 3], [13, 3], [12, 3], [13, 2], [13, 1], [12, 2], [13, 3], [14, 4], [15, 5], [16, 5], [16, 4], [17, 4], [16, 4], [17, 4], [18, 3], [17, 2], [16, 1], [15, 1], [15, 2], [15, 3], [14, 3], [13, 2], [14, 1], [15, 0], [14, 1], [13, 0]]
