[[16, 5], [15, 6], [14, 7], [13, 8], [12, 9], [11, 10], [10, 11], [10, 12], [9, 13], [8, 14]]
[[16, 5], [16, 6], [15, 7], [14, 8], [13, 9], [12, 10], [11, 11], [10, 12], [9, 13], [8, 14]]
[[16, 5], [15, 6], [14, 7], [14, 8], [13, 9], [12, 10], [11, 11], [10, 12], [9, 13], [8, 14]]
[[16, 5], [15, 6], [15, 7], [14, 8], [13, 9], [12, 10], [11, 11], [10, 12], [9, 13], [8, 14]]
[[16, 5], [15, 6], [14, 7], [13, 8], [12, 9], [11, 10], [11, 11], [10, 12], [9, 13], [8, 14]]
[[16, 5], [15, 6], [14, 7], [13, 8], [12, 9], [11, 10], [10, 11], [10, 12], [9, 13], [8, 14]]
[[16, 5], [15, 6], [14, 7], [13, 8], [12, 9], [11, 10], [10, 11], [10, 12], [9, 13], [8, 14]]
[[16, 5], [15, 6], [14, 7], [13, 8], [12, 9], [11, 10], [11, 11], [10, 12], [9, 13], [8, 14]]
[[16, 5], [15, 6], [14, 7], [13, 8], [12, 9], [11, 10], [10, 11], [9, 12], [9, 13], [8, 14]]
[[16, 5], [15, 6], [14, 7], [13, 8], [12, 9], [11, 10], [10, 11], [10, 12], [9, 13], [8, 14]]
[[16, 5], [15, 6], [14, 7], [13, 8], [13, 9], [12, 10], [11, 11], [10, 12], [9, 13], [8, 14]]
[[16, 5], [16, 6], [15, 7], [14, 8], [13, 9], [12, 10], [11, 11], [10, 12], [9, 13], [8, 14]]
[[16, 5], [15, 6], [14, 7], [13, 8], [13, 9], [12, 10], [11, 11], [10, 12], [9, 13], [8, 14]]
[[16, 5], [15, 6], [15, 7], [14, 8], [13, 9], [12, 10], [11, 11], [10, 12], [9, 13], [8, 14]]
[[16, 5], [15, 6], [14, 7], [13, 8], [12, 9], [11, 10], [10, 11], [9, 12], [8, 13], [8, 14]]
[[16, 5], [16, 6], [15, 7], [14, 8], [13, 9], [12, 10], [11, 11], [10, 12], [9, 13], [8, 14]]
[[16, 5], [15, 6], [14, 7], [13, 8], [12, 9], [11, 10], [12, 11], [11, 11], [11, 12], [10, 13], [9, 13], [8, 14]]
[[16, 5], [17, 6], [16, 7], [15, 8], [14, 9], [13, 9], [13, 8], [12, 9], [11, 9], [10, 10], [9, 10], [8, 9], [8, 10], [7, 11], [8, 12], [7, 12], [8, 13], [8, 14]]
[[16, 5], [16, 6], [15, 5], [14, 6], [15, 6], [14, 7], [13, 8], [14, 9], [13, 9], [14, 8], [13, 9], [12, 10], [11, 10], [12, 11], [12, 12], [11, 13], [10, 14], [9, 15], [9, 14], [8, 14]]
[[16, 5], [16, 6], [15, 5], [14, 6], [13, 7], [14, 7], [15, 8], [14, 9], [14, 10], [13, 10], [14, 9], [13, 9], [12, 9], [11, 10], [10, 11], [10, 12], [9, 13], [9, 12], [8, 12], [7, 13], [6, 13], [7, 12], [8, 12], [7, 13], [7, 14], [6, 13], [5, 13], [4, 13], [5, 12], [4, 13], [3, 14], [4, 15], [5, 16], [6, 15], [7, 14], [8, 14]]
