[[6, 4], [5, 5], [4, 6], [5, 7], [4, 8], [3, 9], [4, 10], [4, 11], [3, 12], [3, 13], [4, 14]]
[[6, 4], [5, 5], [4, 6], [4, 7], [5, 8], [4, 9], [4, 10], [5, 11], [6, 12], [5, 13], [4, 14]]
[[6, 4], [5, 5], [4, 6], [4, 7], [5, 8], [6, 9], [7, 10], [6, 11], [5, 12], [5, 13], [4, 14]]
[[6, 4], [7, 5], [6, 6], [5, 7], [5, 8], [6, 9], [7, 10], [7, 11], [6, 12], [5, 13], [4, 14]]
[[6, 4], [5, 5], [6, 6], [5, 7], [4, 8], [4, 9], [4, 10], [5, 11], [4, 12], [3, 13], [4, 14]]
[[6, 4], [5, 5], [4, 6], [4, 7], [4, 8], [5, 9], [6, 10], [5, 11], [5, 12], [5, 13], [4, 14]]
[[6, 4], [5, 5], [6, 6], [5, 7], [4, 8], [4, 9], [4, 10], [4, 11], [4, 12], [3, 13], [4, 14]]
[[6, 4], [5, 5], [4, 6], [4, 7], [3, 8], [2, 9], [2, 10], [2, 11], [3, 12], [3, 13], [4, 14]]
[[6, 4], [5, 5], [4, 6], [5, 7], [4, 8], [3, 9], [4, 10], [4, 11], [3, 12], [3, 13], [4, 14]]
[[6, 4], [5, 5], [4, 5], [4, 6], [3, 7], [4, 8], [3, 9], [4, 10], [5, 11], [4, 12], [5, 13], [4, 14]]
[[6, 4], [5, 5], [6, 6], [5, 7], [5, 8], [4, 8], [3, 9], [4, 10], [4, 11], [3, 12], [3, 13], [4, 14]]
[[6, 4], [5, 4], [4, 5], [4, 6], [3, 7], [2, 8], [3, 9], [4, 10], [5, 9], [5, 10], [5, 11], [6, 12], [5, 13], [4, 14]]
[[6, 4], [7, 5], [7, 6], [6, 7], [6, 6], [5, 6], [5, 7], [5, 8], [6, 8], [5, 9], [4, 10], [4, 11], [3, 11], [4, 12], [5, 13], [5, 12], [6, 11], [6, 12], [6, 13], [6, 14], [5, 15], [4, 15], [3, 16], [4, 16], [5, 17], [4, 17], [3, 17], [3, 18], [3, 19], [2, 19], [2, 18], [1, 19], [0, 18], [1, 17], [2, 16], [3, 15], [2, 14], [2, 13], [3, 13], [3, 14], [4, 14]]
[[6, 4], [7, 5], [8, 5], [9, 4], [8, 4], [8, 3], [7, 3], [7, 4], [6, 3], [6, 2], [5, 3], [5, 2], [4, 3], [4, 4], [5, 5], [5, 4], [4, 5], [5, 6], [5, 7], [6, 8], [7, 9], [8, 9], [7, 8], [6, 9], [5, 9], [5, 10], [4, 11], [5, 12], [6, 13], [6, 14], [7, 15], [8, 16], [8, 15], [8, 14], [9, 13], [10, 14], [10, 13], [10, 14], [11, 13], [10, 12], [11, 13], [12, 13], [13, 12], [14, 12], [15, 13], [15, 14], [16, 13], [17, 13], [18, 12], [18, 13], [17, 13], [16, 14], [15, 15], [14, 14], [13, 14], [13, 15], [13, 16], [14, 15], [13, 14], [13, 13], [14, 13], [13, 14], [12, 13], [11, 12], [10, 11], [10, 10], [9, 11], [8, 11], [7, 12], [6, 13], [7, 12], [6, 13], [5, 14], [5, 13], [4, 14]]
[[6, 4], [7, 5], [6, 6], [5, 6], [6, 7], [5, 8], [4, 9], [3, 8], [4, 8], [5, 9], [4, 10], [3, 11], [2, 12], [3, 12], [2, 11], [2, 10], [1, 10], [2, 9], [3, 9], [2, 8], [1, 9], [1, 8], [0, 7], [1, 6], [0, 6], [1, 5], [2, 6], [2, 5], [3, 5], [4, 5], [4, 4], [5, 4], [5, 5], [4, 6], [5, 7], [6, 8], [7, 8], [6, 9], [7, 9], [8, 9], [7, 10], [8, 11], [9, 10], [10, 9], [10, 10], [9, 11], [10, 12], [10, 13], [10, 14], [9, 13], [9, 12], [10, 11], [11, 10], [12, 10], [11, 9], [12, 8], [12, 9], [13, 10], [14, 10], [15, 9], [16, 10], [16, 11], [15, 11], [14, 12], [14, 13], [13, 14], [12, 13], [13, 13], [14, 14], [15, 13], [16, 13], [16, 14], [15, 14], [15, 15], [15, 16], [14, 15], [13, 15], [13, 16], [13, 17], [14, 17], [14, 18], [15, 17], [16, 17], [17, 17], [16, 16], [17, 16], [18, 15], [18, 14], [18, 13], [19, 12], [18, 11], [18, 10], [19, 9], [18, 8], [19, 7], [19, 6], [18, 5], [18, 6], [19, 5], [19, 4], [19, 3], [18, 2], [17, 2], [16, 2], [16, 1], [17, 1], [18, 1], [19, 1], [19, 2], [20, 1], [21, 1], [21, 2], [20, 3], [20, 2], [21, 3], [20, 4], [21, 5], [20, 5], [21, 4], [22, 5], [21, 6], [21, 7], [21, 8], [22, 9], [23, 10], [23, 9], [24, 9], [24, 8], [23, 7], [24, 7], [25, 8], [26, 7], [25, 6], [24, 6], [25, 7], [26, 6], [27, 5], [26, 4], [27, 3], [27, 2], [28, 2], [28, 3], [29, 3], [29, 2], [29, 1], [28, 1], [28, 0], [27, 0], [26, 1], [26, 2], [25, 1], [25, 2], [24, 1], [23, 1], [23, 0], [22, 1], [23, 2], [22, 2], [23, 3], [23, 4], [24, 5], [23, 6], [23, 5], [24, 4], [25, 4], [26, 5], [27, 4], [28, 4], [28, 5], [27, 6], [28, 7], [28, 8], [27, 8], [26, 8], [26, 9], [26, 10], [26, 11], [25, 11], [24, 11], [23, 12], [24, 12], [25, 13], [24, 14], [24, 13], [23, 14], [24, 15], [24, 16], [23, 15], [22, 16], [23, 17], [22, 17], [21, 16], [20, 15], [19, 16], [19, 17], [20, 18], [21, 18], [22, 18], [23, 19], [24, 19], [25, 18], [24, 17], [23, 16], [22, 15], [22, 14], [23, 13], [22, 13], [21, 14], [20, 13], [21, 12], [21, 11], [22, 12], [22, 11], [21, 10], [20, 9], [19, 10], [18, 9], [17, 10], [16, 9], [17, 9], [17, 8], [17, 7], [17, 6], [16, 5], [16, 6], [15, 7], [16, 7], [15, 6], [15, 5], [16, 4], [17, 5], [17, 4], [18, 4], [17, 3], [16, 3], [15, 4], [15, 3], [15, 2], [14, 1], [13, 1], [12, 0], [13, 0], [12, 1], [12, 2], [12, 3], [11, 3], [11, 4], [11, 5], [12, 6], [13, 7], [14, 7], [13, 6], [14, 6], [14, 5], [14, 4], [13, 3], [13, 4], [12, 5], [11, 6], [10, 6], [9, 5], [8, 4], [8, 5], [8, 6], [8, 7], [8, 8], [9, 7], [10, 7], [9, 8], [9, 9], [8, 10], [7, 11], [6, 11], [5, 12], [6, 13], [6, 14], [7, 15], [8, 15], [8, 16], [7, 17], [6, 17], [5, 18], [6, 19], [6, 18], [7, 18], [8, 19], [9, 19], [10, 19], [11, 19], [12, 18], [11, 18], [11, 17], [11, 16], [10, 16], [9, 15], [8, 14], [7, 14], [8, 13], [8, 12], [7, 12], [6, 12], [5, 13], [4, 14]]
