[[18, 7], [18, 8], [18, 9]]
[[18, 7], [17, 8], [18, 9]]
[[18, 7], [18, 8], [18, 9]]
[[18, 7], [17, 8], [18, 9]]
[[18, 7], [18, 8], [18, 9]]
[[18, 7], [19, 8], [18, 9]]
[[18, 7], [18, 8], [18, 9]]
[[18, 7], [17, 8], [18, 9]]
[[18, 7], [17, 8], [18, 9]]
[[18, 7], [18, 8], [18, 9]]
[[18, 7], [17, 8], [18, 9]]
[[18, 7], [19, 8], [18, 9]]
[[18, 7], [18, 8], [18, 9]]
[[18, 7], [19, 8], [18, 9]]
[[18, 7], [19, 8], [18, 9]]
[[18, 7], [17, 8], [18, 9]]
[[18, 7], [19, 8], [18, 8], [19, 9], [18, 10], [18, 9]]
[[18, 7], [17, 7], [16, 7], [17, 8], [17, 9], [18, 8], [19, 8], [19, 7], [20, 6], [21, 6], [20, 7], [21, 7], [22, 6], [23, 7], [24, 6], [23, 6], [22, 7], [22, 8], [21, 8], [21, 9], [21, 10], [22, 11], [23, 12], [22, 13], [21, 12], [20, 13], [21, 14], [22, 14], [21, 13], [20, 14], [19, 13], [18, 14], [18, 13], [19, 14], [18, 15], [17, 14], [17, 13], [17, 12], [17, 11], [18, 12], [19, 12], [20, 11], [19, 10], [19, 9], [18, 9]]
