[[27, 15], [26, 14], [25, 14], [24, 13], [23, 12], [22, 13], [21, 12], [20, 11], [19, 10], [18, 9], [17, 8], [16, 7], [16, 6], [15, 5], [14, 4], [13, 3], [12, 2], [12, 1]]
[[27, 15], [26, 15], [25, 14], [24, 13], [23, 13], [22, 13], [21, 12], [20, 11], [19, 10], [18, 9], [17, 8], [17, 7], [16, 6], [15, 5], [14, 4], [13, 3], [12, 2], [12, 1]]
[[27, 15], [26, 15], [25, 16], [24, 15], [23, 14], [22, 13], [21, 12], [20, 11], [19, 10], [18, 9], [17, 8], [16, 7], [16, 6], [15, 5], [14, 4], [13, 3], [12, 2], [12, 1]]
[[27, 15], [26, 14], [25, 14], [24, 13], [23, 13], [22, 13], [21, 12], [20, 11], [19, 10], [18, 9], [17, 8], [16, 7], [15, 6], [15, 5], [14, 4], [13, 3], [12, 2], [12, 1]]
[[27, 15], [26, 14], [25, 14], [24, 15], [23, 14], [22, 13], [21, 12], [20, 11], [19, 10], [18, 9], [17, 8], [16, 7], [16, 6], [15, 5], [14, 4], [13, 3], [12, 2], [12, 1]]
[[27, 15], [26, 14], [25, 15], [24, 14], [23, 13], [22, 12], [21, 12], [20, 11], [19, 10], [18, 9], [17, 8], [16, 7], [16, 6], [15, 5], [14, 4], [13, 3], [12, 2], [12, 1]]
[[27, 15], [26, 14], [25, 13], [24, 14], [23, 13], [22, 12], [21, 12], [20, 11], [19, 10], [18, 9], [17, 8], [16, 7], [15, 6], [15, 5], [14, 4], [13, 3], [12, 2], [12, 1]]
[[27, 15], [26, 15], [25, 14], [24, 15], [23, 14], [22, 13], [21, 12], [20, 11], [19, 10], [18, 9], [17, 8], [16, 7], [15, 6], [14, 5], [14, 4], [13, 3], [12, 2], [12, 1]]
[[27, 15], [26, 15], [25, 14], [24, 13], [23, 12], [22, 13], [21, 12], [20, 11], [19, 10], [18, 9], [17, 8], [16, 7], [16, 6], [15, 5], [14, 4], [13, 3], [12, 2], [12, 1]]
[[27, 15], [26, 14], [25, 15], [24, 15], [23, 14], [22, 13], [21, 12], [20, 11], [19, 10], [18, 9], [17, 8], [17, 7], [16, 6], [15, 5], [14, 4], [13, 3], [12, 2], [12, 1]]
[[27, 15], [26, 15], [25, 14], [24, 13], [23, 13], [22, 13], [21, 12], [20, 11], [19, 10], [18, 9], [17, 8], [17, 7], [16, 6], [15, 5], [14, 4], [13, 3], [12, 2], [12, 1]]
[[27, 15], [26, 14], [25, 14], [24, 13], [23, 12], [22, 13], [21, 12], [20, 11], [19, 10], [18, 9], [17, 8], [16, 7], [16, 6], [15, 5], [14, 4], [13, 3], [12, 2], [12, 1]]
[[27, 15], [26, 15], [25, 15], [24, 14], [23, 13], [22, 13], [21, 12], [20, 11], [19, 10], [19, 9], [19, 8], [18, 7], [17, 6], [16, 6], [15, 5], [14, 4], [13, 3], [12, 2], [12, 1]]
[[27, 15], [26, 14], [25, 14], [24, 14], [23, 13], [22, 12], [21, 12], [20, 11], [19, 10], [18, 9], [17, 8], [18, 7], [17, 6], [16, 5], [15, 5], [14, 4], [13, 3], [12, 2], [12, 1]]
[[27, 15], [26, 14], [25, 15], [24, 14], [23, 13], [22, 13], [21, 12], [20, 11], [19, 10], [18, 9], [17, 8], [16, 7], [15, 7], [16, 6], [15, 5], [14, 4], [13, 3], [12, 2], [12, 1]]
[[27, 15], [26, 15], [25, 14], [24, 13], [23, 12], [22, 11], [21, 12], [20, 11], [19, 10], [19, 9], [19, 8], [18, 7], [17, 6], [16, 5], [15, 5], [14, 4], [13, 3], [12, 2], [12, 1]]
[[27, 15], [26, 14], [25, 13], [24, 14], [23, 13], [22, 12], [21, 12], [20, 11], [20, 10], [20, 9], [19, 8], [18, 7], [17, 6], [16, 6], [15, 5], [14, 4], [13, 3], [12, 2], [12, 1]]
[[27, 15], [26, 14], [25, 15], [24, 14], [23, 14], [22, 13], [21, 12], [20, 11], [19, 10], [20, 9], [19, 8], [18, 7], [17, 6], [16, 5], [15, 5], [14, 4], [14, 3], [13, 3], [12, 2], [12, 1]]
[[27, 15], [26, 15], [25, 15], [24, 14], [23, 13], [22, 12], [21, 12], [20, 11], [20, 10], [19, 9], [19, 8], [18, 7], [17, 7], [17, 6], [16, 5], [15, 4], [14, 4], [13, 3], [12, 2], [12, 1]]
[[27, 15], [26, 14], [25, 14], [24, 13], [23, 13], [22, 12], [21, 12], [20, 11], [20, 10], [19, 9], [19, 8], [18, 7], [17, 6], [16, 6], [15, 5], [14, 5], [14, 4], [13, 3], [12, 2], [12, 1]]
