[[12, 11], [11, 12], [10, 13], [9, 14], [8, 15], [7, 16], [6, 17], [5, 16], [4, 17], [3, 17], [2, 17]]
[[12, 11], [11, 12], [10, 13], [9, 14], [8, 15], [7, 16], [6, 17], [5, 16], [4, 17], [3, 16], [2, 17]]
[[12, 11], [11, 12], [10, 13], [9, 14], [8, 15], [7, 15], [6, 16], [5, 16], [4, 16], [3, 17], [2, 17]]
[[12, 11], [11, 12], [10, 13], [9, 14], [8, 15], [7, 15], [6, 16], [5, 17], [4, 17], [3, 16], [2, 17]]
[[12, 11], [11, 12], [10, 13], [9, 14], [8, 15], [7, 16], [6, 17], [5, 16], [4, 17], [3, 17], [2, 17]]
[[12, 11], [11, 12], [10, 13], [9, 14], [8, 15], [7, 16], [6, 15], [5, 16], [4, 16], [3, 16], [2, 17]]
[[12, 11], [11, 12], [10, 13], [9, 14], [8, 15], [7, 16], [6, 15], [5, 16], [4, 17], [3, 16], [2, 17]]
[[12, 11], [11, 12], [10, 13], [9, 14], [8, 14], [7, 15], [6, 16], [5, 17], [4, 16], [3, 17], [2, 17]]
[[12, 11], [11, 12], [10, 13], [9, 14], [8, 15], [7, 15], [6, 16], [5, 17], [4, 16], [3, 17], [2, 17]]
[[12, 11], [11, 12], [10, 13], [9, 14], [8, 15], [7, 16], [6, 17], [5, 16], [4, 17], [3, 18], [2, 17]]
[[12, 11], [11, 12], [10, 13], [9, 14], [8, 14], [7, 15], [6, 15], [5, 16], [4, 16], [3, 16], [2, 17]]
[[12, 11], [11, 12], [10, 13], [9, 14], [8, 15], [7, 16], [6, 16], [5, 17], [4, 17], [3, 18], [2, 17]]
[[12, 11], [11, 12], [10, 13], [9, 14], [8, 15], [7, 14], [6, 15], [5, 16], [4, 17], [3, 17], [2, 17]]
[[12, 11], [11, 12], [10, 13], [9, 14], [8, 15], [7, 15], [6, 15], [5, 16], [4, 17], [3, 17], [2, 17]]
[[12, 11], [11, 12], [10, 13], [9, 14], [8, 14], [7, 15], [6, 15], [5, 16], [4, 16], [3, 16], [2, 17]]
[[12, 11], [11, 12], [10, 13], [9, 14], [8, 15], [7, 16], [6, 17], [5, 18], [4, 17], [3, 18], [2, 17]]
[[12, 11], [11, 11], [10, 12], [9, 11], [9, 12], [8, 12], [7, 13], [6, 12], [5, 13], [4, 14], [3, 15], [2, 15], [1, 16], [2, 17]]
[[12, 11], [11, 12], [11, 13], [10, 14], [9, 15], [8, 16], [7, 17], [6, 17], [5, 18], [4, 18], [3, 17], [4, 17], [3, 17], [2, 17]]
[[12, 11], [13, 11], [13, 12], [14, 13], [14, 14], [13, 13], [12, 14], [11, 15], [10, 16], [9, 15], [8, 16], [7, 17], [7, 18], [6, 19], [5, 19], [4, 19], [4, 18], [4, 17], [3, 18], [2, 17]]
[[12, 11], [11, 10], [11, 9], [12, 8], [11, 8], [10, 9], [9, 10], [8, 11], [7, 11], [6, 12], [7, 13], [6, 14], [5, 14], [4, 13], [3, 14], [2, 15], [1, 16], [0, 17], [0, 18], [1, 17], [2, 16], [2, 17]]
