[[15, 15], [14, 15], [13, 14], [12, 14], [11, 15], [10, 16], [9, 17]]
[[15, 15], [14, 14], [13, 14], [12, 14], [11, 15], [10, 16], [9, 17]]
[[15, 15], [14, 14], [13, 14], [12, 14], [11, 15], [10, 16], [9, 17]]
[[15, 15], [14, 15], [13, 14], [12, 14], [11, 15], [10, 16], [9, 17]]
[[15, 15], [14, 16], [13, 17], [12, 18], [11, 17], [10, 16], [9, 17]]
[[15, 15], [14, 15], [13, 15], [12, 15], [11, 16], [10, 16], [9, 17]]
[[15, 15], [14, 16], [13, 15], [12, 15], [11, 16], [10, 16], [9, 17]]
[[15, 15], [14, 15], [13, 15], [12, 15], [11, 16], [10, 16], [9, 17]]
[[15, 15], [14, 15], [13, 15], [12, 15], [11, 15], [10, 16], [9, 17]]
[[15, 15], [14, 16], [13, 17], [12, 17], [11, 17], [10, 16], [9, 17]]
[[15, 15], [14, 14], [13, 15], [12, 15], [11, 16], [11, 17], [10, 18], [9, 17]]
[[15, 15], [14, 16], [13, 15], [12, 15], [11, 15], [11, 16], [10, 17], [10, 18], [9, 17]]
[[15, 15], [16, 16], [17, 17], [17, 18], [16, 18], [15, 18], [16, 19], [15, 18], [15, 19], [14, 18], [13, 17], [12, 18], [12, 17], [11, 16], [10, 16], [11, 15], [12, 15], [13, 15], [12, 14], [12, 15], [13, 15], [14, 16], [13, 17], [14, 18], [13, 18], [12, 19], [12, 18], [11, 18], [10, 19], [9, 19], [8, 18], [9, 17]]
[[15, 15], [16, 15], [15, 16], [14, 16], [13, 17], [14, 18], [14, 17], [15, 18], [15, 19], [14, 19], [13, 18], [12, 18], [11, 18], [10, 17], [11, 16], [11, 17], [10, 18], [10, 19], [9, 19], [8, 18], [9, 18], [8, 17], [7, 16], [7, 17], [6, 17], [5, 18], [6, 18], [5, 17], [4, 16], [4, 17], [3, 18], [4, 19], [4, 18], [3, 19], [2, 19], [1, 18], [0, 17], [0, 16], [0, 15], [0, 14], [1, 14], [0, 13], [0, 12], [1, 11], [1, 12], [1, 13], [2, 14], [3, 13], [4, 12], [3, 11], [2, 11], [2, 12], [3, 12], [4, 13], [5, 13], [5, 14], [6, 13], [6, 14], [7, 14], [7, 15], [8, 15], [9, 16], [10, 15], [9, 14], [8, 14], [9, 13], [8, 12], [9, 11], [9, 12], [10, 13], [11, 12], [11, 11], [12, 10], [13, 9], [13, 10], [14, 11], [15, 12], [16, 12], [17, 13], [18, 14], [17, 15], [17, 16], [18, 17], [19, 16], [19, 15], [18, 16], [19, 17], [19, 18], [20, 19], [20, 18], [20, 17], [21, 16], [21, 17], [22, 18], [22, 17], [23, 16], [22, 16], [21, 15], [20, 15], [19, 14], [19, 13], [20, 14], [21, 13], [22, 12], [23, 11], [24, 12], [23, 13], [22, 14], [22, 13], [23, 14], [24, 13], [23, 12], [24, 11], [25, 12], [25, 13], [26, 14], [25, 14], [26, 13], [27, 13], [28, 14], [27, 15], [26, 15], [25, 15], [24, 15], [24, 16], [23, 15], [22, 15], [21, 14], [20, 13], [20, 12], [21, 12], [21, 11], [22, 10], [21, 9], [22, 9], [22, 8], [23, 8], [24, 7], [23, 7], [24, 6], [25, 6], [26, 5], [25, 4], [26, 4], [25, 3], [26, 2], [26, 1], [27, 1], [28, 1], [29, 1], [28, 2], [27, 2], [27, 3], [28, 3], [27, 4], [26, 3], [25, 2], [24, 1], [23, 1], [22, 1], [21, 2], [20, 2], [21, 3], [22, 4], [21, 5], [22, 5], [22, 6], [21, 7], [20, 8], [20, 7], [20, 6], [19, 6], [19, 5], [18, 4], [18, 3], [17, 4], [17, 5], [18, 5], [18, 6], [19, 7], [19, 8], [18, 8], [19, 9], [20, 10], [21, 10], [20, 9], [19, 10], [18, 9], [18, 10], [17, 10], [17, 11], [17, 12], [16, 13], [15, 14], [14, 15], [15, 16], [14, 16], [13, 17], [12, 18], [12, 17], [11, 18], [10, 19], [10, 18], [9, 19], [9, 18], [8, 18], [7, 19], [6, 18], [6, 19], [7, 18], [7, 17], [8, 16], [9, 15], [10, 15], [11, 16], [10, 17], [9, 17]]
