[[0, 0], [0, 1], [1, 2], [1, 3], [2, 4], [1, 5], [2, 6], [2, 7], [3, 8], [4, 9], [5, 10]]
[[0, 0], [1, 1], [2, 2], [1, 3], [1, 4], [1, 5], [2, 6], [3, 7], [4, 8], [5, 9], [5, 10]]
[[0, 0], [1, 1], [2, 2], [1, 3], [2, 4], [1, 5], [2, 6], [3, 7], [4, 8], [4, 9], [5, 10]]
[[0, 0], [1, 1], [2, 2], [1, 3], [1, 4], [1, 5], [2, 6], [3, 7], [3, 8], [4, 9], [5, 10]]
[[0, 0], [0, 1], [1, 2], [1, 3], [2, 4], [1, 5], [2, 6], [2, 7], [3, 8], [4, 9], [5, 10]]
[[0, 0], [1, 1], [1, 2], [1, 3], [2, 4], [3, 5], [4, 6], [4, 7], [5, 8], [5, 9], [5, 10]]
[[0, 0], [1, 1], [1, 2], [1, 3], [2, 4], [1, 5], [1, 6], [2, 7], [3, 8], [4, 9], [5, 10]]
[[0, 0], [1, 1], [1, 2], [0, 3], [0, 4], [0, 5], [1, 6], [2, 7], [3, 8], [4, 9], [5, 10]]
[[0, 0], [1, 1], [2, 2], [1, 3], [0, 4], [1, 5], [1, 6], [2, 7], [3, 8], [4, 9], [5, 10]]
[[0, 0], [1, 1], [2, 2], [1, 3], [1, 4], [1, 5], [1, 6], [2, 7], [3, 8], [4, 9], [5, 10]]
[[0, 0], [1, 1], [2, 2], [3, 3], [2, 4], [3, 5], [2, 6], [2, 7], [3, 8], [4, 9], [5, 10]]
[[0, 0], [1, 1], [1, 2], [0, 3], [1, 4], [0, 5], [1, 6], [2, 7], [3, 8], [4, 9], [5, 10]]
[[0, 0], [0, 1], [1, 2], [0, 3], [1, 4], [1, 5], [1, 6], [2, 7], [3, 8], [4, 9], [5, 10]]
[[0, 0], [1, 1], [2, 2], [3, 3], [4, 3], [5, 4], [6, 5], [6, 6], [6, 7], [6, 8], [6, 9], [5, 10]]
[[0, 0], [1, 1], [2, 1], [1, 2], [1, 3], [2, 4], [1, 5], [2, 6], [3, 7], [4, 8], [3, 8], [4, 8], [4, 9], [5, 10]]
[[0, 0], [0, 1], [1, 2], [2, 1], [2, 2], [3, 3], [2, 4], [3, 4], [3, 5], [2, 6], [1, 5], [1, 6], [1, 5], [1, 6], [1, 7], [1, 8], [2, 8], [2, 9], [3, 10], [4, 10], [5, 9], [4, 8], [5, 9], [4, 10], [4, 9], [5, 10]]
[[0, 0], [1, 0], [2, 1], [2, 2], [1, 2], [1, 1], [2, 0], [3, 1], [4, 1], [3, 1], [3, 0], [4, 1], [5, 1], [5, 2], [4, 3], [3, 4], [3, 5], [2, 6], [3, 7], [4, 7], [3, 8], [2, 7], [2, 8], [2, 9], [1, 10], [2, 11], [3, 11], [2, 11], [3, 10], [2, 11], [3, 12], [2, 11], [1, 10], [2, 11], [1, 10], [1, 11], [2, 10], [2, 11], [2, 10], [3, 10], [3, 11], [4, 10], [5, 10]]
[[0, 0], [1, 0], [0, 1], [1, 2], [1, 1], [2, 2], [3, 2], [4, 1], [3, 0], [2, 1], [2, 0], [3, 1], [4, 0], [5, 0], [6, 1], [6, 2], [5, 2], [6, 3], [7, 3], [7, 4], [7, 5], [6, 6], [6, 7], [7, 7], [8, 7], [9, 7], [10, 6], [11, 7], [12, 6], [11, 5], [10, 4], [10, 3], [9, 2], [8, 3], [9, 3], [10, 2], [9, 1], [10, 1], [11, 2], [12, 1], [11, 0], [11, 1], [12, 2], [13, 1], [13, 2], [13, 3], [12, 4], [11, 4], [12, 5], [11, 6], [10, 7], [11, 8], [10, 9], [10, 8], [11, 9], [11, 10], [12, 11], [11, 12], [12, 13], [13, 13], [13, 14], [14, 15], [13, 15], [14, 14], [15, 13], [14, 12], [14, 13], [15, 12], [16, 11], [17, 12], [18, 13], [17, 14], [17, 15], [16, 15], [16, 14], [15, 14], [15, 15], [16, 16], [17, 17], [18, 18], [17, 19], [16, 19], [16, 18], [15, 18], [14, 17], [14, 18], [14, 19], [13, 19], [13, 18], [12, 17], [13, 16], [13, 17], [12, 18], [11, 18], [12, 19], [11, 19], [10, 18], [10, 19], [9, 19], [8, 18], [7, 18], [8, 17], [7, 17], [7, 16], [8, 16], [7, 15], [6, 16], [5, 17], [4, 18], [4, 17], [5, 16], [4, 16], [3, 16], [2, 15], [1, 15], [0, 14], [0, 13], [1, 13], [0, 12], [1, 12], [1, 11], [2, 10], [1, 9], [0, 8], [1, 7], [2, 8], [3, 7], [4, 7], [3, 8], [4, 8], [4, 9], [3, 9], [4, 10], [5, 10]]
