[[24, 16], [25, 15], [26, 14], [27, 13], [26, 12], [25, 11], [25, 10], [26, 9], [27, 8], [26, 7], [25, 6], [26, 5], [27, 4], [28, 3], [29, 2]]
[[24, 16], [25, 15], [26, 14], [27, 13], [26, 12], [26, 11], [25, 10], [24, 9], [24, 8], [25, 7], [26, 6], [27, 5], [28, 4], [28, 3], [29, 2]]
[[24, 16], [25, 15], [26, 14], [27, 13], [27, 12], [26, 11], [27, 10], [26, 9], [27, 8], [27, 7], [27, 6], [27, 5], [28, 4], [28, 3], [29, 2]]
[[24, 16], [25, 15], [26, 14], [25, 13], [24, 12], [24, 11], [25, 10], [26, 9], [27, 8], [26, 7], [26, 6], [27, 5], [28, 4], [28, 3], [29, 2]]
[[24, 16], [25, 15], [26, 14], [27, 13], [26, 12], [25, 11], [25, 10], [26, 9], [27, 8], [26, 7], [25, 6], [26, 5], [27, 4], [28, 3], [29, 2]]
[[24, 16], [23, 15], [23, 14], [24, 13], [25, 12], [24, 11], [25, 10], [26, 9], [27, 8], [27, 7], [27, 6], [26, 5], [27, 4], [28, 3], [29, 2]]
[[24, 16], [25, 15], [26, 14], [27, 13], [26, 12], [27, 11], [28, 10], [28, 9], [27, 8], [26, 7], [26, 6], [27, 5], [28, 4], [29, 3], [29, 2]]
[[24, 16], [25, 15], [26, 14], [26, 13], [26, 12], [27, 11], [27, 10], [26, 9], [25, 8], [26, 7], [26, 6], [27, 5], [27, 4], [28, 3], [29, 2]]
[[24, 16], [25, 15], [26, 14], [27, 13], [27, 12], [26, 11], [25, 10], [26, 9], [26, 8], [27, 7], [26, 6], [27, 5], [28, 4], [28, 3], [29, 2]]
[[24, 16], [25, 15], [26, 14], [26, 13], [25, 12], [24, 11], [25, 10], [24, 9], [25, 8], [26, 7], [27, 6], [28, 5], [27, 4], [28, 3], [29, 2]]
[[24, 16], [24, 15], [24, 14], [25, 13], [24, 12], [25, 11], [26, 10], [27, 9], [28, 8], [27, 7], [27, 6], [28, 5], [27, 4], [28, 3], [29, 2]]
[[24, 16], [23, 15], [24, 14], [25, 13], [26, 12], [25, 11], [26, 10], [25, 9], [26, 8], [26, 7], [27, 6], [28, 5], [27, 4], [28, 3], [29, 2]]
[[24, 16], [25, 15], [26, 14], [27, 13], [26, 12], [26, 11], [25, 10], [24, 9], [24, 8], [25, 7], [25, 6], [25, 5], [26, 4], [27, 4], [28, 3], [29, 2]]
[[24, 16], [25, 15], [24, 14], [24, 13], [25, 12], [25, 11], [24, 10], [25, 9], [26, 8], [25, 7], [25, 6], [25, 5], [26, 4], [27, 4], [28, 3], [29, 2]]
[[24, 16], [25, 15], [26, 14], [27, 13], [28, 12], [29, 12], [29, 11], [28, 10], [27, 10], [28, 9], [29, 8], [28, 7], [28, 6], [27, 5], [28, 4], [28, 3], [29, 2]]
[[24, 16], [25, 16], [25, 15], [26, 14], [27, 13], [27, 12], [28, 11], [29, 11], [29, 10], [28, 10], [28, 9], [29, 8], [28, 7], [29, 7], [28, 6], [28, 5], [28, 4], [28, 3], [29, 2]]
[[24, 16], [25, 16], [26, 15], [26, 14], [26, 13], [27, 12], [28, 11], [29, 11], [28, 10], [28, 9], [27, 9], [28, 8], [29, 7], [28, 6], [29, 6], [28, 5], [27, 4], [28, 3], [28, 2], [29, 2]]
[[24, 16], [25, 15], [26, 16], [27, 15], [28, 14], [27, 15], [26, 14], [27, 13], [28, 12], [27, 13], [28, 12], [29, 11], [28, 11], [29, 10], [28, 9], [27, 8], [28, 7], [28, 6], [28, 7], [27, 7], [28, 6], [29, 7], [28, 6], [27, 7], [26, 7], [26, 8], [25, 9], [24, 9], [23, 10], [24, 10], [24, 9], [23, 8], [22, 8], [21, 9], [22, 9], [23, 8], [24, 7], [24, 6], [24, 5], [23, 4], [24, 3], [25, 4], [26, 3], [27, 4], [26, 3], [26, 2], [25, 2], [25, 1], [25, 2], [26, 3], [26, 2], [27, 2], [28, 1], [29, 0], [28, 1], [27, 2], [28, 1], [29, 2]]
[[24, 16], [24, 15], [24, 14], [25, 15], [26, 15], [27, 16], [27, 17], [26, 16], [27, 17], [28, 16], [27, 17], [27, 18], [26, 17], [25, 16], [24, 17], [23, 18], [22, 17], [21, 16], [22, 15], [21, 15], [21, 14], [21, 15], [22, 14], [21, 14], [21, 15], [20, 14], [21, 13], [20, 12], [20, 13], [21, 12], [22, 11], [23, 10], [24, 11], [24, 10], [24, 9], [23, 8], [23, 7], [24, 7], [25, 8], [26, 9], [25, 10], [24, 11], [24, 12], [25, 11], [25, 12], [26, 11], [27, 10], [27, 9], [28, 10], [28, 9], [29, 8], [28, 8], [29, 7], [29, 8], [28, 9], [27, 9], [28, 8], [27, 8], [28, 7], [29, 6], [28, 5], [29, 5], [28, 4], [28, 3], [29, 3], [29, 2]]
[[24, 16], [23, 15], [22, 14], [22, 13], [23, 13], [24, 13], [25, 12], [26, 11], [26, 12], [26, 13], [25, 13], [24, 12], [25, 11], [25, 10], [26, 9], [27, 10], [28, 9], [28, 10], [27, 11], [28, 11], [27, 12], [27, 13], [28, 12], [28, 13], [28, 14], [29, 14], [29, 15], [29, 16], [29, 17], [28, 16], [27, 17], [27, 16], [26, 16], [25, 15], [24, 14], [23, 14], [24, 15], [25, 15], [25, 16], [26, 16], [26, 17], [26, 18], [26, 19], [27, 19], [27, 18], [27, 17], [27, 16], [28, 17], [28, 18], [29, 19], [29, 18], [29, 17], [28, 16], [28, 15], [29, 15], [29, 14], [28, 13], [27, 13], [28, 13], [27, 13], [26, 14], [27, 13], [26, 12], [26, 11], [27, 11], [28, 11], [27, 10], [26, 11], [26, 10], [27, 9], [26, 8], [26, 9], [27, 8], [27, 7], [28, 6], [27, 6], [28, 5], [29, 5], [28, 4], [28, 3], [29, 2]]
