[[7, 8], [8, 7], [9, 7], [10, 7], [11, 7], [12, 8], [13, 8], [14, 8], [15, 7], [16, 6], [17, 5], [18, 4], [19, 5], [20, 4], [21, 3], [22, 3], [23, 2], [24, 2]]
[[7, 8], [8, 8], [9, 8], [10, 7], [11, 7], [12, 8], [13, 8], [14, 7], [15, 6], [16, 6], [17, 6], [18, 5], [19, 4], [20, 3], [21, 3], [22, 3], [23, 2], [24, 2]]
[[7, 8], [8, 9], [9, 8], [10, 8], [11, 7], [12, 8], [13, 8], [14, 7], [15, 6], [16, 6], [17, 5], [18, 4], [19, 3], [20, 3], [21, 2], [22, 1], [23, 2], [24, 2]]
[[7, 8], [8, 7], [9, 7], [10, 7], [11, 7], [12, 8], [13, 8], [14, 8], [15, 7], [16, 6], [17, 5], [18, 4], [19, 5], [20, 4], [21, 3], [22, 3], [23, 2], [24, 2]]
[[7, 8], [8, 8], [9, 8], [10, 7], [11, 6], [12, 7], [13, 6], [14, 7], [15, 6], [16, 6], [17, 6], [18, 5], [19, 4], [20, 3], [21, 2], [22, 2], [23, 2], [24, 2]]
[[7, 8], [8, 8], [9, 7], [10, 6], [11, 7], [12, 6], [13, 5], [14, 6], [15, 6], [16, 6], [17, 5], [18, 4], [19, 4], [20, 3], [21, 2], [22, 3], [23, 2], [24, 2]]
[[7, 8], [8, 7], [9, 7], [10, 7], [11, 6], [12, 6], [13, 7], [14, 8], [15, 7], [16, 6], [17, 5], [18, 4], [19, 4], [20, 3], [21, 2], [22, 2], [23, 2], [24, 2]]
[[7, 8], [8, 8], [9, 7], [10, 7], [11, 6], [12, 6], [13, 5], [14, 6], [15, 6], [16, 6], [17, 5], [18, 4], [19, 3], [20, 4], [21, 3], [22, 3], [23, 2], [24, 2]]
[[7, 8], [8, 8], [9, 8], [10, 7], [11, 7], [12, 6], [13, 7], [14, 6], [15, 5], [16, 4], [17, 5], [18, 4], [19, 4], [20, 3], [21, 3], [22, 2], [23, 2], [24, 2]]
[[7, 8], [8, 7], [9, 7], [10, 6], [11, 5], [12, 6], [13, 5], [14, 5], [15, 5], [16, 6], [17, 6], [18, 5], [19, 5], [20, 4], [21, 3], [22, 2], [23, 2], [24, 2]]
[[7, 8], [8, 7], [9, 7], [10, 7], [11, 8], [12, 7], [13, 6], [14, 5], [15, 5], [16, 6], [17, 5], [18, 5], [19, 4], [20, 3], [21, 2], [22, 1], [23, 2], [24, 2]]
[[7, 8], [8, 7], [8, 6], [9, 7], [10, 7], [11, 7], [12, 6], [13, 5], [14, 6], [15, 5], [16, 6], [17, 5], [18, 5], [19, 4], [20, 3], [21, 4], [22, 4], [23, 4], [24, 3], [24, 2]]
[[7, 8], [8, 7], [9, 7], [10, 6], [11, 6], [12, 6], [13, 6], [14, 6], [15, 6], [15, 5], [16, 6], [16, 5], [17, 5], [18, 4], [19, 3], [20, 3], [21, 4], [21, 3], [22, 3], [23, 4], [24, 3], [24, 2]]
[[7, 8], [8, 7], [9, 6], [10, 6], [11, 6], [12, 6], [13, 6], [14, 7], [15, 7], [16, 6], [15, 6], [16, 5], [17, 5], [18, 5], [19, 4], [20, 3], [21, 4], [22, 3], [23, 2], [24, 2], [25, 2], [24, 2]]
[[7, 8], [8, 8], [9, 7], [10, 7], [11, 6], [11, 5], [12, 4], [13, 5], [13, 6], [14, 5], [15, 4], [16, 3], [17, 2], [17, 1], [18, 0], [19, 0], [20, 0], [21, 1], [22, 2], [21, 2], [22, 1], [23, 2], [24, 1], [24, 2]]
[[7, 8], [8, 7], [9, 6], [10, 6], [10, 5], [11, 5], [10, 4], [11, 3], [12, 3], [13, 2], [14, 2], [15, 1], [16, 1], [17, 1], [18, 2], [19, 1], [19, 0], [20, 0], [21, 1], [21, 2], [22, 2], [23, 2], [24, 1], [24, 2]]
[[7, 8], [8, 8], [9, 8], [10, 7], [11, 6], [12, 7], [11, 7], [12, 6], [13, 6], [14, 5], [15, 4], [16, 3], [17, 2], [17, 1], [18, 0], [19, 1], [20, 0], [21, 0], [21, 1], [22, 1], [21, 0], [22, 0], [23, 0], [24, 1], [24, 2]]
[[7, 8], [8, 8], [9, 8], [10, 7], [10, 6], [11, 5], [12, 6], [13, 7], [14, 6], [15, 6], [16, 5], [16, 4], [17, 5], [18, 5], [19, 5], [18, 4], [19, 4], [18, 5], [19, 4], [20, 3], [21, 2], [22, 2], [23, 2], [24, 1], [24, 2]]
[[7, 8], [6, 7], [6, 6], [7, 5], [8, 4], [9, 4], [9, 3], [8, 2], [8, 1], [9, 1], [10, 2], [11, 2], [12, 2], [13, 3], [12, 2], [13, 2], [14, 2], [15, 1], [15, 0], [14, 1], [15, 0], [15, 1], [14, 0], [15, 1], [14, 1], [13, 2], [14, 1], [15, 1], [16, 0], [16, 1], [17, 2], [18, 2], [17, 2], [17, 1], [18, 2], [19, 1], [20, 0], [21, 0], [22, 0], [23, 0], [24, 1], [24, 2], [24, 1], [24, 2]]
[[7, 8], [8, 7], [8, 8], [9, 8], [8, 7], [8, 6], [9, 6], [10, 7], [11, 6], [12, 5], [13, 6], [12, 6], [13, 6], [14, 6], [15, 6], [16, 5], [17, 5], [18, 4], [18, 5], [17, 5], [18, 5], [19, 5], [20, 6], [21, 6], [22, 6], [23, 5], [23, 4], [24, 5], [23, 5], [22, 6], [23, 5], [24, 6], [25, 6], [26, 6], [27, 5], [28, 5], [27, 6], [27, 7], [27, 6], [28, 5], [28, 6], [28, 5], [29, 4], [28, 3], [29, 2], [29, 1], [28, 0], [29, 0], [28, 0], [27, 0], [27, 1], [26, 2], [25, 3], [24, 2]]
