[[28, 11], [27, 12], [26, 13], [25, 14], [24, 15], [24, 16]]
[[28, 11], [27, 12], [26, 13], [25, 14], [24, 15], [24, 16]]
[[28, 11], [27, 12], [26, 13], [25, 14], [25, 15], [24, 16]]
[[28, 11], [27, 12], [26, 13], [25, 14], [24, 15], [24, 16]]
[[28, 11], [27, 12], [26, 13], [25, 14], [25, 15], [24, 16]]
[[28, 11], [27, 12], [26, 13], [25, 14], [24, 15], [24, 16]]
[[28, 11], [27, 12], [26, 13], [25, 14], [24, 15], [24, 16]]
[[28, 11], [27, 12], [26, 13], [25, 14], [24, 15], [24, 16]]
[[28, 11], [27, 12], [26, 13], [25, 14], [25, 15], [24, 16]]
[[28, 11], [28, 12], [27, 13], [27, 14], [26, 15], [25, 15], [24, 16]]
[[28, 11], [27, 12], [26, 12], [25, 13], [25, 14], [25, 15], [24, 16]]
[[28, 11], [27, 12], [28, 13], [27, 14], [26, 15], [25, 16], [24, 16]]
[[28, 11], [27, 12], [26, 13], [25, 14], [26, 15], [25, 16], [24, 16]]
[[28, 11], [27, 12], [26, 13], [25, 14], [24, 15], [25, 15], [24, 16]]
[[28, 11], [27, 12], [26, 13], [27, 13], [27, 14], [26, 15], [25, 16], [24, 16]]
[[28, 11], [27, 11], [28, 12], [28, 13], [27, 14], [26, 15], [25, 16], [24, 16]]
[[28, 11], [27, 12], [28, 13], [28, 14], [28, 15], [27, 14], [26, 13], [25, 14], [24, 15], [24, 16]]
[[28, 11], [27, 12], [28, 13], [28, 14], [28, 15], [27, 14], [26, 13], [25, 14], [24, 15], [24, 16]]
[[28, 11], [29, 12], [28, 12], [28, 13], [28, 14], [28, 15], [29, 16], [28, 17], [27, 17], [26, 18], [25, 18], [25, 19], [25, 18], [25, 17], [24, 16]]
[[28, 11], [29, 10], [28, 9], [29, 10], [28, 10], [27, 9], [28, 8], [27, 8], [26, 8], [25, 8], [24, 8], [24, 7], [25, 7], [24, 6], [25, 5], [25, 4], [24, 4], [24, 3], [23, 4], [22, 3], [21, 2], [20, 1], [19, 0], [20, 1], [21, 0], [21, 1], [22, 1], [23, 1], [24, 2], [24, 1], [25, 0], [26, 0], [27, 0], [28, 0], [29, 1], [29, 2], [29, 3], [29, 4], [28, 4], [28, 3], [29, 2], [28, 1], [27, 1], [26, 2], [27, 2], [26, 3], [25, 4], [24, 5], [23, 5], [22, 5], [23, 4], [23, 5], [24, 5], [25, 5], [26, 6], [26, 5], [25, 6], [26, 6], [27, 5], [26, 6], [25, 7], [26, 8], [25, 9], [24, 8], [23, 9], [23, 10], [22, 11], [22, 12], [23, 11], [24, 12], [24, 13], [23, 12], [22, 13], [23, 14], [24, 15], [23, 14], [23, 15], [24, 16]]
