[[22, 18], [23, 18], [24, 19], [25, 18], [26, 19]]
[[22, 18], [23, 19], [24, 18], [25, 18], [26, 19]]
[[22, 18], [23, 18], [24, 19], [25, 18], [26, 19]]
[[22, 18], [23, 18], [24, 17], [25, 18], [26, 19]]
[[22, 18], [23, 19], [24, 19], [25, 18], [26, 19]]
[[22, 18], [23, 18], [24, 19], [25, 18], [26, 19]]
[[22, 18], [23, 18], [24, 18], [25, 18], [26, 19]]
[[22, 18], [23, 19], [24, 19], [25, 18], [26, 19]]
[[22, 18], [23, 18], [24, 19], [25, 18], [26, 19]]
[[22, 18], [23, 19], [24, 18], [25, 18], [26, 19]]
[[22, 18], [23, 18], [24, 19], [25, 18], [26, 19]]
[[22, 18], [22, 19], [23, 18], [24, 17], [25, 18], [26, 19]]
[[22, 18], [21, 17], [22, 17], [23, 18], [22, 19], [23, 18], [23, 19], [24, 18], [25, 18], [26, 17], [27, 17], [26, 18], [26, 19], [25, 18], [26, 19]]
[[22, 18], [22, 17], [22, 16], [21, 15], [21, 14], [20, 14], [21, 14], [21, 13], [22, 13], [23, 13], [22, 14], [22, 15], [23, 14], [23, 15], [24, 16], [24, 17], [25, 18], [24, 18], [25, 17], [25, 16], [26, 16], [26, 15], [27, 16], [28, 16], [29, 16], [29, 17], [29, 18], [28, 18], [27, 19], [26, 19]]
[[22, 18], [22, 17], [23, 18], [23, 19], [24, 19], [24, 18], [25, 18], [26, 17], [25, 17], [24, 17], [25, 16], [26, 16], [27, 17], [27, 16], [28, 15], [27, 14], [26, 15], [27, 16], [26, 16], [27, 17], [28, 16], [29, 17], [29, 18], [28, 19], [27, 19], [28, 18], [27, 18], [26, 18], [27, 18], [26, 19]]
