[[2, 6], [1, 5], [2, 4], [2, 3]]
[[2, 6], [3, 5], [3, 4], [2, 3]]
[[2, 6], [1, 5], [2, 4], [2, 3]]
[[2, 6], [2, 5], [3, 4], [2, 3]]
[[2, 6], [1, 5], [2, 4], [2, 3]]
[[2, 6], [3, 5], [3, 4], [2, 3]]
[[2, 6], [3, 5], [2, 4], [2, 3]]
[[2, 6], [3, 6], [2, 5], [2, 4], [1, 3], [2, 3]]
[[2, 6], [3, 5], [4, 5], [5, 5], [5, 4], [4, 4], [5, 4], [4, 4], [3, 4], [3, 5], [2, 4], [2, 3]]
[[2, 6], [3, 5], [4, 4], [5, 4], [6, 4], [5, 3], [6, 4], [5, 4], [4, 5], [5, 4], [5, 3], [5, 2], [5, 1], [4, 1], [4, 0], [3, 0], [4, 1], [3, 0], [4, 0], [3, 1], [2, 1], [3, 2], [2, 2], [1, 3], [2, 3]]
[[2, 6], [3, 5], [4, 5], [3, 4], [2, 4], [2, 5], [3, 6], [4, 5], [4, 4], [5, 3], [6, 2], [5, 1], [4, 1], [5, 1], [4, 1], [3, 1], [2, 1], [1, 1], [0, 2], [1, 3], [0, 4], [1, 3], [0, 4], [1, 3], [2, 3]]
[[2, 6], [1, 6], [0, 7], [0, 6], [1, 7], [2, 7], [2, 8], [1, 9], [2, 9], [2, 10], [3, 10], [3, 11], [3, 12], [4, 11], [4, 12], [5, 12], [6, 12], [5, 13], [6, 14], [5, 15], [4, 16], [5, 17], [6, 16], [7, 17], [8, 16], [9, 15], [10, 14], [9, 14], [9, 13], [10, 12], [11, 13], [12, 13], [13, 12], [14, 13], [15, 12], [16, 11], [17, 12], [18, 12], [19, 12], [20, 12], [19, 13], [18, 13], [19, 14], [20, 13], [21, 13], [22, 12], [23, 12], [22, 11], [23, 10], [24, 11], [24, 12], [25, 11], [25, 10], [26, 10], [26, 11], [27, 12], [28, 12], [28, 13], [29, 12], [28, 11], [27, 10], [27, 9], [27, 8], [26, 8], [25, 7], [25, 8], [24, 8], [25, 9], [24, 10], [24, 9], [23, 9], [22, 8], [23, 7], [24, 7], [24, 6], [25, 6], [26, 5], [27, 6], [27, 5], [28, 5], [29, 4], [29, 5], [28, 6], [27, 7], [28, 7], [27, 8], [26, 8], [27, 9], [28, 10], [28, 11], [28, 12], [29, 11], [29, 10], [28, 9], [27, 10], [27, 11], [26, 11], [26, 10], [25, 9], [24, 10], [23, 10], [23, 9], [22, 10], [21, 11], [22, 12], [23, 12], [22, 11], [23, 11], [24, 11], [25, 10], [25, 11], [24, 12], [25, 12], [25, 13], [24, 13], [25, 14], [26, 13], [27, 12], [28, 13], [29, 13], [28, 14], [28, 15], [28, 16], [27, 17], [27, 16], [27, 15], [26, 16], [25, 15], [24, 16], [23, 15], [22, 15], [22, 16], [23, 16], [24, 15], [23, 14], [22, 14], [21, 13], [20, 12], [19, 12], [19, 13], [20, 13], [21, 14], [20, 15], [20, 16], [21, 17], [22, 18], [23, 18], [22, 19], [23, 19], [24, 18], [24, 19], [25, 19], [26, 18], [26, 19], [25, 18], [24, 17], [23, 17], [22, 17], [21, 16], [20, 17], [20, 18], [19, 17], [18, 16], [17, 16], [16, 16], [15, 16], [15, 17], [15, 18], [14, 17], [13, 16], [14, 16], [13, 17], [13, 18], [12, 19], [12, 18], [13, 19], [14, 18], [15, 19], [16, 19], [16, 18], [17, 17], [18, 17], [19, 16], [19, 15], [19, 14], [18, 15], [18, 14], [18, 13], [17, 14], [17, 15], [16, 14], [16, 15], [15, 15], [15, 14], [16, 13], [16, 12], [17, 12], [18, 12], [18, 11], [17, 10], [16, 10], [17, 9], [17, 8], [18, 9], [19, 8], [20, 9], [21, 9], [20, 10], [19, 11], [19, 10], [19, 9], [20, 8], [21, 8], [22, 8], [21, 7], [22, 6], [23, 6], [24, 5], [23, 5], [24, 4], [24, 3], [23, 3], [22, 2], [21, 2], [21, 1], [21, 0], [22, 0], [23, 0], [24, 0], [24, 1], [25, 0], [25, 1], [25, 2], [26, 3], [26, 2], [25, 3], [24, 2], [23, 2], [22, 3], [22, 4], [21, 4], [20, 3], [19, 4], [20, 5], [20, 4], [21, 3], [20, 2], [20, 1], [19, 1], [19, 0], [18, 0], [17, 0], [16, 0], [15, 1], [15, 0], [14, 0], [13, 1], [12, 0], [11, 1], [10, 0], [9, 0], [10, 1], [11, 0], [12, 1], [13, 0], [14, 1], [15, 2], [16, 3], [15, 4], [16, 5], [17, 4], [17, 3], [18, 4], [18, 3], [18, 2], [18, 1], [17, 2], [16, 2], [15, 3], [14, 2], [13, 2], [12, 3], [13, 3], [12, 4], [11, 5], [10, 4], [11, 4], [11, 3], [11, 2], [10, 2], [9, 1], [8, 1], [7, 0], [8, 0], [7, 1], [7, 2], [6, 1], [6, 0], [5, 1], [5, 2], [4, 1], [3, 2], [2, 3]]
