[[24, 17], [24, 16], [25, 15], [26, 14], [25, 13], [24, 12], [24, 11], [23, 10], [22, 9], [21, 8], [20, 7], [19, 6], [18, 5], [17, 4], [16, 3], [15, 2], [14, 2], [13, 1]]
[[24, 17], [24, 16], [25, 15], [24, 14], [23, 13], [24, 12], [23, 11], [22, 10], [21, 9], [20, 8], [20, 7], [19, 6], [18, 5], [17, 4], [16, 4], [15, 3], [14, 2], [13, 1]]
[[24, 17], [23, 16], [22, 15], [23, 14], [23, 13], [23, 12], [22, 11], [22, 10], [21, 9], [20, 8], [20, 7], [19, 6], [18, 5], [17, 4], [16, 3], [15, 2], [14, 1], [13, 1]]
[[24, 17], [23, 16], [23, 15], [24, 14], [23, 13], [23, 12], [22, 11], [21, 10], [20, 9], [21, 8], [20, 7], [19, 6], [18, 5], [17, 4], [16, 4], [15, 3], [14, 2], [13, 1]]
[[24, 17], [24, 16], [25, 15], [26, 14], [25, 13], [24, 12], [24, 11], [23, 10], [22, 9], [21, 8], [20, 7], [19, 6], [18, 5], [17, 4], [16, 3], [15, 2], [14, 2], [13, 1]]
[[24, 17], [24, 16], [25, 15], [26, 14], [26, 13], [25, 12], [24, 11], [23, 10], [22, 9], [21, 8], [20, 7], [19, 6], [18, 5], [17, 4], [16, 4], [15, 3], [14, 2], [13, 1]]
[[24, 17], [24, 16], [25, 15], [24, 14], [23, 13], [24, 12], [23, 11], [22, 10], [21, 9], [20, 8], [19, 7], [19, 6], [18, 5], [17, 5], [16, 4], [15, 3], [14, 2], [13, 1]]
[[24, 17], [25, 16], [25, 15], [24, 14], [25, 13], [24, 12], [24, 11], [23, 10], [22, 9], [21, 8], [20, 7], [19, 6], [18, 5], [17, 4], [16, 4], [15, 3], [14, 2], [13, 1]]
[[24, 17], [24, 16], [25, 15], [25, 14], [25, 13], [25, 12], [24, 11], [23, 10], [22, 9], [21, 8], [20, 7], [19, 6], [18, 5], [17, 4], [16, 4], [15, 3], [14, 2], [13, 1]]
[[24, 17], [25, 16], [25, 15], [24, 14], [25, 13], [25, 12], [24, 11], [23, 10], [22, 9], [21, 8], [20, 7], [19, 6], [18, 5], [17, 4], [16, 3], [15, 2], [14, 1], [13, 1]]
[[24, 17], [24, 16], [24, 15], [24, 14], [25, 13], [25, 12], [25, 11], [24, 10], [23, 9], [22, 8], [21, 7], [20, 6], [19, 5], [18, 4], [17, 4], [16, 3], [15, 2], [14, 2], [13, 1]]
[[24, 17], [23, 16], [23, 15], [24, 14], [25, 13], [24, 12], [23, 11], [24, 10], [23, 9], [22, 8], [21, 8], [20, 7], [19, 6], [18, 5], [17, 4], [16, 3], [15, 2], [14, 2], [13, 1]]
[[24, 17], [23, 16], [24, 15], [24, 14], [25, 13], [26, 12], [25, 11], [24, 10], [24, 9], [23, 10], [22, 9], [21, 8], [20, 7], [19, 6], [18, 5], [17, 4], [16, 3], [15, 3], [14, 2], [13, 1]]
[[24, 17], [23, 16], [24, 15], [24, 14], [23, 13], [24, 12], [25, 11], [24, 10], [23, 10], [22, 9], [22, 8], [21, 7], [20, 6], [19, 5], [18, 4], [17, 4], [16, 3], [15, 3], [14, 2], [13, 1]]
[[24, 17], [25, 16], [24, 15], [25, 14], [25, 13], [24, 12], [24, 11], [23, 10], [23, 9], [23, 10], [22, 9], [21, 8], [20, 7], [19, 6], [18, 5], [17, 5], [16, 4], [15, 3], [14, 2], [13, 1]]
[[24, 17], [25, 16], [25, 15], [25, 14], [26, 13], [26, 12], [25, 11], [26, 10], [25, 9], [24, 9], [24, 8], [23, 9], [22, 8], [21, 7], [20, 6], [19, 6], [18, 5], [17, 4], [16, 4], [16, 3], [15, 3], [14, 2], [13, 1]]
[[24, 17], [24, 16], [24, 15], [25, 14], [26, 13], [27, 12], [28, 11], [27, 10], [26, 10], [25, 9], [24, 9], [24, 8], [23, 9], [23, 8], [22, 7], [21, 6], [20, 7], [20, 6], [19, 5], [18, 4], [17, 5], [16, 4], [15, 3], [14, 2], [13, 1]]
[[24, 17], [23, 16], [24, 15], [25, 14], [26, 13], [27, 12], [28, 11], [27, 10], [26, 9], [25, 9], [24, 8], [23, 8], [22, 7], [21, 7], [20, 6], [21, 6], [20, 5], [19, 6], [18, 5], [17, 4], [16, 4], [16, 3], [15, 3], [14, 2], [14, 1], [13, 1]]
[[24, 17], [24, 16], [25, 15], [26, 14], [26, 13], [27, 12], [28, 11], [28, 10], [27, 10], [26, 9], [25, 8], [24, 8], [24, 7], [23, 7], [22, 8], [23, 9], [23, 8], [22, 7], [21, 8], [20, 7], [19, 6], [18, 7], [17, 7], [16, 6], [15, 5], [14, 4], [14, 3], [14, 2], [13, 1]]
[[24, 17], [23, 16], [24, 16], [24, 15], [24, 14], [25, 14], [26, 13], [25, 12], [26, 11], [27, 10], [26, 9], [25, 8], [24, 7], [23, 8], [22, 8], [22, 7], [21, 6], [20, 5], [19, 6], [18, 5], [17, 6], [16, 6], [17, 5], [16, 6], [15, 5], [14, 4], [13, 3], [13, 2], [13, 1]]
