[[8, 17], [9, 16], [10, 15], [11, 14], [12, 13], [12, 12], [13, 11], [12, 10]]
[[8, 17], [9, 16], [10, 15], [11, 14], [11, 13], [12, 12], [13, 11], [12, 10]]
[[8, 17], [9, 16], [9, 15], [10, 14], [11, 13], [12, 12], [13, 11], [12, 10]]
[[8, 17], [9, 16], [10, 15], [11, 14], [12, 13], [12, 12], [13, 11], [12, 10]]
[[8, 17], [9, 16], [10, 15], [11, 14], [12, 13], [13, 12], [13, 11], [12, 10]]
[[8, 17], [9, 16], [10, 15], [11, 14], [12, 13], [12, 12], [13, 11], [12, 10]]
[[8, 17], [9, 16], [10, 15], [10, 14], [11, 13], [12, 12], [13, 11], [12, 10]]
[[8, 17], [9, 16], [9, 15], [10, 14], [11, 13], [12, 12], [13, 11], [12, 10]]
[[8, 17], [9, 16], [10, 15], [11, 14], [12, 13], [12, 12], [13, 11], [12, 10]]
[[8, 17], [9, 16], [10, 15], [11, 14], [11, 13], [12, 12], [13, 11], [12, 10]]
[[8, 17], [9, 16], [10, 15], [10, 14], [11, 13], [12, 12], [13, 11], [12, 10]]
[[8, 17], [9, 16], [10, 15], [10, 14], [11, 13], [12, 12], [13, 11], [12, 10]]
[[8, 17], [9, 16], [9, 15], [10, 14], [11, 13], [12, 12], [13, 11], [12, 10]]
[[8, 17], [9, 16], [8, 15], [8, 14], [9, 13], [9, 12], [10, 11], [11, 10], [12, 10]]
[[8, 17], [9, 17], [10, 16], [9, 15], [10, 14], [11, 13], [12, 12], [13, 11], [12, 10]]
[[8, 17], [9, 16], [10, 16], [9, 15], [10, 15], [11, 14], [12, 13], [13, 12], [14, 11], [14, 10], [13, 11], [12, 10]]
[[8, 17], [9, 17], [10, 16], [10, 15], [9, 15], [9, 14], [10, 14], [10, 13], [10, 12], [9, 11], [10, 10], [11, 10], [12, 10]]
[[8, 17], [9, 17], [9, 16], [8, 15], [8, 14], [9, 13], [10, 13], [9, 14], [9, 13], [10, 12], [10, 11], [11, 10], [12, 10]]
[[8, 17], [9, 16], [9, 17], [10, 16], [11, 16], [10, 16], [10, 15], [9, 14], [8, 13], [7, 14], [6, 13], [6, 12], [7, 12], [8, 11], [9, 10], [10, 11], [11, 10], [12, 10]]
[[8, 17], [8, 18], [9, 17], [9, 18], [10, 18], [9, 19], [10, 19], [11, 19], [12, 19], [13, 18], [13, 17], [13, 16], [13, 15], [12, 14], [13, 13], [14, 12], [15, 13], [14, 13], [14, 14], [14, 15], [15, 15], [16, 15], [16, 14], [17, 15], [18, 15], [17, 14], [18, 14], [19, 15], [19, 16], [20, 17], [21, 17], [21, 18], [22, 18], [22, 19], [23, 19], [24, 18], [24, 17], [25, 16], [25, 15], [24, 15], [23, 14], [24, 14], [23, 14], [22, 14], [21, 14], [20, 14], [19, 13], [18, 14], [19, 15], [20, 14], [21, 15], [21, 14], [22, 13], [21, 12], [20, 11], [20, 12], [21, 11], [20, 10], [19, 9], [19, 10], [19, 11], [20, 12], [19, 13], [18, 12], [17, 12], [16, 12], [16, 13], [15, 12], [16, 11], [15, 10], [15, 9], [14, 8], [13, 9], [12, 8], [13, 8], [13, 9], [12, 9], [11, 9], [12, 10]]
