[[5, 3], [6, 4], [7, 5], [8, 6], [9, 7], [10, 8], [11, 9], [12, 10], [13, 11], [14, 12], [15, 13], [16, 14], [16, 15], [17, 16], [17, 17]]
[[5, 3], [6, 4], [7, 5], [8, 6], [9, 7], [10, 8], [11, 9], [12, 10], [13, 11], [14, 12], [15, 13], [16, 14], [16, 15], [16, 16], [17, 17]]
[[5, 3], [6, 4], [7, 5], [8, 6], [9, 7], [10, 8], [11, 9], [12, 10], [13, 11], [14, 12], [15, 13], [16, 14], [17, 15], [16, 16], [17, 17]]
[[5, 3], [6, 4], [7, 5], [8, 6], [9, 7], [10, 8], [11, 9], [12, 10], [13, 11], [14, 12], [15, 13], [16, 14], [16, 15], [16, 16], [17, 17]]
[[5, 3], [6, 4], [7, 5], [8, 6], [9, 7], [10, 8], [11, 9], [12, 10], [13, 11], [14, 12], [15, 13], [16, 14], [16, 15], [17, 16], [17, 17]]
[[5, 3], [6, 4], [7, 5], [8, 6], [9, 7], [10, 8], [11, 9], [12, 10], [13, 11], [14, 12], [15, 13], [16, 14], [16, 15], [16, 16], [17, 17]]
[[5, 3], [6, 4], [7, 5], [8, 6], [9, 7], [10, 8], [11, 9], [12, 10], [13, 11], [14, 12], [15, 13], [16, 14], [16, 15], [17, 16], [17, 17]]
[[5, 3], [6, 4], [7, 5], [8, 6], [9, 7], [10, 8], [11, 9], [12, 10], [13, 11], [14, 12], [15, 13], [16, 14], [16, 15], [16, 16], [17, 17]]
[[5, 3], [6, 4], [7, 5], [8, 6], [9, 7], [10, 8], [11, 9], [12, 10], [13, 11], [14, 12], [15, 13], [16, 14], [17, 15], [18, 16], [17, 17]]
[[5, 3], [6, 4], [7, 5], [8, 6], [9, 7], [10, 8], [11, 9], [12, 10], [13, 11], [14, 12], [15, 13], [16, 14], [17, 15], [17, 16], [17, 17]]
[[5, 3], [6, 4], [7, 5], [8, 6], [9, 7], [10, 8], [11, 9], [12, 10], [13, 11], [14, 12], [15, 13], [16, 14], [17, 15], [18, 16], [17, 17]]
[[5, 3], [6, 4], [7, 5], [8, 6], [9, 7], [10, 8], [11, 9], [12, 10], [13, 11], [14, 12], [15, 13], [16, 14], [16, 15], [17, 16], [17, 17]]
[[5, 3], [6, 4], [7, 5], [7, 6], [8, 7], [9, 8], [10, 9], [11, 10], [11, 11], [11, 12], [12, 13], [13, 14], [14, 15], [15, 16], [16, 17], [17, 17]]
[[5, 3], [6, 4], [7, 5], [8, 6], [9, 7], [9, 8], [10, 9], [11, 10], [12, 11], [12, 12], [12, 13], [13, 14], [14, 15], [15, 16], [16, 16], [17, 17]]
[[5, 3], [6, 4], [7, 5], [8, 6], [9, 7], [10, 8], [10, 9], [11, 10], [11, 11], [12, 12], [13, 13], [13, 14], [14, 15], [15, 16], [16, 17], [17, 17]]
[[5, 3], [6, 4], [7, 5], [8, 6], [9, 7], [10, 8], [11, 9], [12, 10], [12, 11], [13, 12], [12, 13], [13, 14], [14, 15], [15, 16], [16, 16], [17, 17]]
[[5, 3], [6, 4], [7, 5], [8, 6], [9, 7], [10, 8], [11, 9], [11, 10], [11, 11], [12, 12], [12, 13], [13, 14], [14, 15], [15, 16], [16, 16], [17, 17]]
[[5, 3], [6, 4], [7, 5], [8, 6], [9, 7], [10, 8], [10, 9], [10, 10], [11, 11], [12, 12], [13, 13], [13, 14], [14, 15], [15, 16], [16, 17], [17, 17]]
[[5, 3], [6, 4], [7, 5], [8, 6], [9, 7], [10, 8], [11, 9], [12, 10], [13, 11], [13, 12], [14, 13], [13, 14], [14, 15], [15, 16], [16, 17], [17, 17]]
[[5, 3], [6, 4], [7, 5], [8, 6], [9, 7], [10, 8], [11, 8], [12, 9], [11, 10], [12, 11], [12, 12], [12, 13], [13, 14], [14, 15], [15, 16], [16, 17], [17, 17]]
