[[9, 15], [8, 14], [7, 13], [6, 12], [5, 11], [4, 10], [5, 9], [4, 8], [3, 7], [2, 6], [1, 5], [0, 4], [1, 3], [0, 2], [1, 1]]
[[9, 15], [8, 14], [7, 13], [6, 12], [5, 11], [5, 10], [4, 9], [3, 8], [4, 7], [3, 6], [2, 5], [1, 4], [2, 3], [2, 2], [1, 1]]
[[9, 15], [8, 14], [7, 13], [6, 12], [5, 11], [5, 10], [4, 9], [3, 8], [2, 7], [1, 6], [0, 5], [1, 4], [0, 3], [1, 2], [1, 1]]
[[9, 15], [8, 14], [7, 13], [6, 12], [5, 11], [4, 10], [5, 9], [4, 8], [3, 7], [2, 6], [1, 5], [0, 4], [1, 3], [0, 2], [1, 1]]
[[9, 15], [8, 14], [7, 13], [7, 12], [6, 11], [5, 10], [4, 9], [5, 8], [4, 7], [3, 6], [2, 5], [1, 4], [1, 3], [2, 2], [1, 1]]
[[9, 15], [8, 14], [7, 13], [6, 12], [5, 11], [5, 10], [4, 9], [3, 8], [4, 7], [3, 6], [2, 5], [1, 4], [0, 3], [1, 2], [1, 1]]
[[9, 15], [9, 14], [8, 13], [7, 12], [6, 11], [5, 10], [4, 9], [3, 8], [3, 7], [2, 6], [2, 5], [1, 4], [2, 3], [2, 2], [1, 1]]
[[9, 15], [8, 14], [7, 13], [6, 12], [5, 11], [4, 10], [4, 9], [3, 8], [3, 7], [4, 6], [4, 5], [3, 4], [2, 3], [2, 2], [1, 1]]
[[9, 15], [8, 14], [7, 13], [7, 12], [6, 11], [5, 10], [4, 9], [5, 8], [4, 7], [3, 6], [2, 5], [1, 4], [0, 3], [0, 2], [1, 1]]
[[9, 15], [8, 14], [8, 13], [7, 12], [6, 11], [6, 10], [5, 9], [4, 8], [3, 7], [3, 6], [2, 5], [3, 4], [2, 3], [1, 2], [1, 1]]
[[9, 15], [8, 14], [7, 13], [7, 12], [6, 11], [5, 10], [4, 9], [3, 8], [3, 7], [2, 6], [3, 5], [3, 4], [2, 3], [2, 2], [1, 1]]
[[9, 15], [8, 14], [7, 13], [6, 12], [5, 11], [5, 10], [4, 9], [3, 8], [2, 7], [2, 6], [1, 5], [1, 4], [1, 3], [1, 2], [1, 1]]
[[9, 15], [8, 14], [7, 13], [6, 12], [5, 11], [5, 10], [4, 9], [3, 8], [4, 7], [3, 6], [3, 5], [2, 5], [1, 4], [1, 3], [2, 2], [1, 1]]
[[9, 15], [8, 14], [7, 13], [6, 12], [7, 11], [6, 10], [5, 9], [4, 9], [4, 8], [5, 7], [4, 6], [4, 5], [3, 4], [2, 3], [2, 2], [1, 1]]
[[9, 15], [8, 14], [7, 14], [8, 13], [7, 12], [7, 11], [6, 10], [5, 9], [4, 8], [3, 7], [2, 6], [1, 5], [0, 5], [0, 4], [1, 3], [1, 2], [1, 1]]
[[9, 15], [8, 14], [7, 13], [6, 12], [5, 11], [6, 10], [5, 9], [4, 8], [3, 8], [3, 7], [3, 6], [3, 5], [2, 6], [1, 5], [1, 4], [1, 3], [1, 2], [1, 1]]
[[9, 15], [8, 16], [7, 15], [6, 14], [5, 13], [4, 12], [5, 12], [6, 11], [5, 10], [5, 9], [4, 8], [3, 7], [3, 6], [2, 5], [1, 4], [2, 3], [2, 2], [1, 1]]
[[9, 15], [8, 16], [8, 15], [7, 15], [7, 14], [6, 13], [5, 12], [4, 11], [5, 10], [4, 9], [5, 8], [4, 7], [3, 6], [2, 6], [1, 5], [0, 4], [1, 4], [0, 3], [1, 2], [0, 2], [1, 1]]
[[9, 15], [8, 15], [7, 15], [6, 16], [5, 15], [5, 14], [6, 14], [7, 13], [6, 12], [5, 12], [4, 12], [4, 11], [3, 11], [2, 11], [2, 10], [2, 9], [2, 8], [2, 7], [2, 6], [2, 5], [1, 4], [1, 3], [0, 2], [1, 1]]
[[9, 15], [8, 14], [8, 15], [7, 14], [6, 13], [5, 13], [6, 14], [7, 14], [6, 13], [5, 12], [5, 11], [4, 12], [3, 11], [4, 10], [3, 10], [4, 9], [3, 8], [2, 8], [3, 7], [2, 6], [3, 6], [2, 5], [1, 4], [0, 3], [1, 2], [1, 1]]
