[[7, 5], [8, 6], [9, 7]]
[[7, 5], [8, 6], [9, 7]]
[[7, 5], [8, 6], [9, 7]]
[[7, 5], [8, 6], [9, 7]]
[[7, 5], [8, 6], [9, 7]]
[[7, 5], [8, 6], [9, 7]]
[[7, 5], [8, 6], [9, 7]]
[[7, 5], [8, 6], [9, 7]]
[[7, 5], [8, 6], [9, 7]]
[[7, 5], [8, 6], [9, 7]]
[[7, 5], [8, 6], [9, 7]]
[[7, 5], [8, 6], [9, 7]]
[[7, 5], [7, 4], [6, 5], [7, 5], [6, 6], [5, 7], [6, 8], [7, 8], [6, 8], [7, 9], [8, 10], [9, 9], [8, 8], [9, 7]]
[[7, 5], [7, 4], [6, 4], [6, 5], [5, 4], [6, 3], [5, 2], [6, 1], [7, 1], [7, 0], [8, 1], [9, 2], [8, 2], [9, 3], [10, 3], [11, 2], [11, 1], [10, 2], [10, 1], [10, 0], [11, 0], [12, 1], [12, 0], [13, 1], [13, 2], [14, 3], [15, 3], [14, 2], [14, 1], [15, 2], [16, 2], [17, 1], [18, 1], [18, 0], [19, 1], [20, 2], [21, 3], [22, 3], [23, 4], [22, 4], [22, 5], [21, 4], [20, 3], [19, 4], [20, 5], [19, 5], [18, 4], [19, 3], [18, 2], [18, 3], [17, 3], [17, 2], [16, 3], [15, 4], [16, 5], [16, 6], [17, 6], [17, 7], [18, 6], [19, 7], [19, 6], [18, 7], [18, 8], [19, 9], [19, 10], [20, 11], [20, 12], [19, 13], [18, 14], [18, 13], [19, 13], [20, 13], [19, 12], [19, 11], [18, 11], [19, 10], [19, 9], [18, 8], [19, 8], [19, 7], [19, 6], [19, 5], [18, 6], [17, 6], [16, 6], [15, 7], [14, 8], [15, 9], [15, 10], [14, 9], [15, 8], [16, 8], [17, 9], [16, 10], [16, 11], [15, 11], [14, 10], [13, 11], [12, 10], [11, 10], [10, 11], [9, 11], [8, 10], [9, 10], [8, 11], [7, 12], [7, 11], [6, 11], [6, 10], [5, 9], [6, 8], [7, 9], [7, 10], [8, 9], [8, 8], [9, 9], [9, 8], [9, 7]]
