[[6, 18], [7, 19], [8, 19], [9, 18], [10, 18], [11, 17], [12, 16], [13, 16], [14, 15], [15, 14], [16, 13], [17, 12], [18, 11], [19, 11], [20, 10], [21, 9], [22, 8], [23, 7], [24, 6], [25, 6], [26, 5], [27, 5]]
[[6, 18], [7, 18], [8, 19], [9, 18], [10, 17], [11, 16], [12, 15], [13, 14], [14, 13], [15, 12], [16, 11], [17, 11], [18, 10], [19, 9], [20, 10], [21, 9], [22, 8], [23, 7], [24, 6], [25, 6], [26, 5], [27, 5]]
[[6, 18], [7, 19], [8, 18], [9, 18], [10, 17], [11, 17], [12, 16], [13, 15], [14, 14], [15, 13], [16, 12], [17, 11], [18, 11], [19, 10], [20, 9], [21, 8], [22, 8], [23, 7], [24, 6], [25, 6], [26, 5], [27, 5]]
[[6, 18], [7, 17], [8, 17], [9, 16], [10, 16], [11, 16], [12, 16], [13, 15], [14, 14], [15, 14], [16, 14], [17, 13], [18, 12], [19, 11], [20, 10], [21, 9], [22, 8], [23, 7], [24, 6], [25, 6], [26, 5], [27, 5]]
[[6, 18], [7, 17], [8, 17], [9, 18], [10, 17], [11, 16], [12, 15], [13, 15], [14, 15], [15, 14], [16, 13], [17, 13], [18, 12], [19, 11], [20, 10], [21, 9], [22, 8], [23, 7], [24, 6], [25, 6], [26, 5], [27, 5]]
[[6, 18], [7, 18], [8, 19], [9, 18], [10, 17], [11, 17], [12, 16], [13, 15], [14, 14], [15, 13], [16, 14], [17, 13], [18, 12], [19, 11], [20, 10], [21, 9], [22, 8], [23, 7], [24, 6], [25, 5], [26, 5], [27, 5]]
[[6, 18], [7, 19], [8, 19], [9, 18], [10, 18], [11, 17], [12, 16], [13, 15], [14, 14], [15, 14], [16, 14], [17, 13], [18, 12], [19, 11], [20, 10], [21, 9], [22, 8], [23, 7], [24, 6], [25, 6], [26, 5], [27, 5]]
[[6, 18], [7, 19], [8, 19], [9, 18], [10, 18], [11, 17], [12, 16], [13, 16], [14, 15], [15, 14], [16, 13], [17, 12], [18, 11], [19, 11], [20, 10], [21, 9], [22, 8], [23, 7], [24, 6], [25, 6], [26, 5], [27, 5]]
[[6, 18], [7, 18], [8, 17], [9, 16], [10, 15], [11, 16], [12, 15], [13, 14], [14, 13], [15, 12], [16, 13], [17, 12], [18, 11], [19, 10], [20, 9], [21, 8], [22, 8], [23, 7], [24, 6], [25, 5], [26, 5], [27, 5]]
[[6, 18], [7, 18], [8, 19], [9, 18], [10, 17], [11, 16], [12, 16], [13, 16], [14, 15], [15, 15], [16, 14], [17, 13], [18, 12], [19, 11], [20, 10], [21, 9], [22, 8], [23, 7], [24, 6], [25, 6], [26, 5], [27, 5]]
[[6, 18], [7, 18], [8, 17], [9, 16], [10, 16], [11, 15], [12, 15], [13, 15], [14, 14], [15, 14], [16, 13], [17, 12], [18, 11], [19, 11], [20, 10], [21, 9], [22, 8], [23, 7], [24, 6], [25, 5], [26, 5], [27, 5]]
[[6, 18], [7, 17], [8, 16], [9, 16], [10, 15], [11, 15], [12, 14], [13, 13], [14, 13], [15, 13], [16, 12], [17, 13], [18, 12], [19, 11], [20, 10], [21, 9], [22, 8], [23, 7], [24, 6], [25, 5], [26, 5], [27, 5]]
[[6, 18], [7, 18], [8, 17], [9, 18], [10, 17], [11, 16], [12, 15], [13, 15], [14, 15], [15, 14], [16, 14], [17, 13], [18, 12], [19, 11], [20, 10], [21, 9], [22, 8], [23, 7], [24, 6], [25, 5], [26, 5], [27, 5]]
[[6, 18], [7, 18], [8, 17], [9, 16], [10, 16], [11, 16], [12, 16], [13, 15], [14, 14], [15, 15], [16, 14], [17, 13], [18, 12], [19, 11], [20, 10], [21, 9], [22, 8], [23, 7], [24, 6], [25, 5], [26, 4], [27, 5]]
[[6, 18], [7, 17], [8, 17], [9, 16], [10, 16], [11, 16], [12, 16], [13, 15], [14, 14], [15, 13], [16, 14], [17, 13], [18, 12], [19, 11], [20, 10], [21, 9], [22, 8], [23, 7], [24, 6], [25, 6], [26, 5], [27, 5]]
[[6, 18], [7, 17], [8, 16], [9, 16], [10, 15], [11, 16], [12, 15], [13, 14], [14, 14], [15, 13], [16, 14], [17, 13], [18, 12], [19, 11], [20, 10], [21, 9], [22, 10], [23, 9], [24, 8], [25, 7], [26, 7], [27, 6], [27, 5]]
[[6, 18], [7, 17], [8, 18], [9, 18], [10, 17], [11, 16], [12, 15], [13, 14], [14, 13], [15, 13], [16, 12], [17, 12], [18, 11], [19, 10], [20, 9], [21, 9], [22, 8], [23, 9], [24, 8], [25, 7], [26, 7], [27, 6], [27, 5]]
[[6, 18], [7, 18], [8, 17], [9, 16], [10, 16], [11, 15], [12, 15], [13, 14], [14, 13], [15, 12], [16, 12], [17, 12], [18, 11], [19, 10], [20, 10], [21, 11], [22, 10], [23, 9], [24, 8], [25, 7], [26, 7], [27, 6], [27, 5]]
[[6, 18], [7, 18], [8, 17], [9, 18], [10, 17], [11, 16], [12, 15], [13, 15], [14, 14], [15, 13], [16, 12], [17, 12], [18, 11], [19, 12], [20, 12], [21, 11], [22, 11], [23, 10], [24, 9], [25, 8], [26, 7], [27, 6], [27, 5]]
[[6, 18], [7, 18], [8, 17], [9, 16], [10, 16], [11, 16], [12, 15], [13, 15], [14, 14], [15, 13], [16, 12], [17, 11], [18, 10], [19, 9], [20, 10], [21, 9], [22, 8], [23, 9], [24, 9], [25, 8], [26, 7], [27, 6], [27, 5]]
