[[26, 16], [25, 15], [24, 14], [23, 13], [22, 14], [21, 13], [20, 12], [19, 11], [18, 10], [17, 11], [16, 10], [15, 9], [14, 9], [13, 8], [12, 7]]
[[26, 16], [25, 15], [24, 14], [23, 15], [22, 14], [21, 13], [20, 12], [19, 11], [18, 10], [17, 9], [16, 8], [15, 8], [14, 7], [13, 7], [12, 7]]
[[26, 16], [25, 15], [24, 14], [23, 13], [22, 14], [21, 14], [20, 13], [19, 12], [18, 11], [17, 10], [16, 9], [15, 9], [14, 8], [13, 7], [12, 7]]
[[26, 16], [25, 16], [24, 16], [23, 15], [22, 14], [21, 14], [20, 13], [19, 12], [18, 12], [17, 11], [16, 10], [15, 9], [14, 9], [13, 8], [12, 7]]
[[26, 16], [25, 17], [24, 16], [23, 16], [22, 15], [21, 14], [20, 13], [19, 12], [18, 11], [17, 10], [16, 9], [15, 10], [14, 9], [13, 8], [12, 7]]
[[26, 16], [25, 15], [24, 14], [23, 13], [22, 13], [21, 13], [20, 12], [19, 11], [18, 12], [17, 11], [16, 10], [15, 9], [14, 9], [13, 8], [12, 7]]
[[26, 16], [25, 15], [24, 14], [23, 13], [22, 14], [21, 13], [20, 12], [19, 11], [18, 10], [17, 11], [16, 10], [15, 9], [14, 9], [13, 8], [12, 7]]
[[26, 16], [25, 15], [24, 16], [23, 16], [22, 15], [21, 14], [20, 13], [19, 12], [18, 11], [17, 10], [16, 9], [15, 8], [14, 7], [13, 7], [12, 7]]
[[26, 16], [25, 16], [24, 15], [23, 15], [22, 14], [21, 13], [20, 12], [19, 11], [18, 10], [17, 10], [16, 9], [15, 8], [14, 8], [13, 8], [12, 7]]
[[26, 16], [25, 15], [24, 14], [23, 13], [22, 12], [21, 11], [20, 10], [19, 10], [18, 11], [17, 10], [16, 11], [15, 10], [14, 9], [13, 8], [12, 7]]
[[26, 16], [25, 16], [24, 15], [23, 14], [22, 15], [21, 14], [20, 13], [19, 12], [18, 11], [17, 10], [16, 9], [15, 9], [14, 9], [13, 8], [12, 7]]
[[26, 16], [25, 16], [24, 15], [23, 14], [22, 14], [21, 13], [20, 12], [19, 11], [18, 11], [17, 10], [16, 9], [15, 9], [14, 9], [13, 8], [12, 7]]
[[26, 16], [25, 16], [24, 16], [23, 16], [22, 15], [21, 14], [20, 13], [19, 12], [18, 11], [17, 10], [16, 9], [15, 9], [14, 9], [13, 8], [12, 7]]
[[26, 16], [25, 15], [24, 14], [23, 13], [22, 13], [21, 13], [20, 12], [19, 11], [18, 10], [17, 10], [16, 9], [15, 8], [14, 8], [13, 7], [12, 7]]
[[26, 16], [25, 15], [24, 14], [23, 15], [22, 14], [21, 14], [20, 13], [19, 12], [18, 11], [17, 10], [16, 9], [15, 9], [14, 9], [13, 8], [12, 7]]
[[26, 16], [25, 15], [24, 14], [23, 13], [22, 14], [21, 13], [20, 13], [19, 12], [18, 11], [17, 10], [16, 10], [15, 10], [14, 9], [13, 8], [12, 7]]
[[26, 16], [25, 15], [24, 14], [23, 13], [22, 13], [21, 12], [20, 12], [19, 11], [18, 12], [17, 11], [16, 10], [15, 9], [14, 8], [13, 8], [14, 9], [13, 8], [12, 7]]
[[26, 16], [25, 16], [24, 17], [23, 16], [23, 15], [22, 14], [21, 13], [22, 13], [21, 12], [20, 12], [19, 11], [18, 10], [17, 10], [16, 9], [15, 10], [14, 9], [13, 8], [12, 7]]
[[26, 16], [25, 16], [24, 15], [24, 14], [23, 13], [22, 12], [21, 13], [20, 13], [19, 12], [18, 12], [17, 11], [18, 10], [17, 9], [16, 8], [15, 7], [15, 6], [14, 6], [13, 7], [12, 7]]
[[26, 16], [25, 17], [24, 16], [24, 15], [23, 15], [22, 15], [23, 14], [22, 13], [23, 12], [22, 12], [21, 11], [21, 12], [20, 12], [19, 11], [18, 11], [17, 10], [16, 9], [16, 8], [16, 7], [15, 8], [14, 7], [13, 7], [12, 7]]
