[[29, 10], [28, 11], [27, 12], [26, 13], [25, 14], [24, 15], [23, 15], [22, 16], [21, 16], [20, 17], [19, 16], [18, 17], [17, 18], [16, 17], [15, 18], [14, 18], [13, 17]]
[[29, 10], [28, 11], [27, 12], [26, 13], [25, 14], [24, 15], [23, 15], [22, 14], [21, 15], [20, 15], [19, 16], [18, 17], [17, 18], [16, 18], [15, 18], [14, 18], [13, 17]]
[[29, 10], [28, 11], [27, 12], [26, 13], [25, 13], [24, 14], [23, 13], [22, 13], [21, 14], [20, 14], [19, 15], [18, 16], [17, 17], [16, 18], [15, 17], [14, 17], [13, 17]]
[[29, 10], [28, 11], [27, 12], [26, 13], [25, 14], [24, 15], [23, 15], [22, 16], [21, 16], [20, 17], [19, 16], [18, 17], [17, 18], [16, 17], [15, 18], [14, 18], [13, 17]]
[[29, 10], [28, 11], [27, 12], [26, 13], [25, 14], [24, 15], [23, 15], [22, 14], [21, 15], [20, 15], [19, 15], [18, 16], [17, 16], [16, 17], [15, 17], [14, 16], [13, 17]]
[[29, 10], [28, 11], [27, 12], [26, 13], [25, 14], [24, 14], [23, 15], [22, 14], [21, 15], [20, 15], [19, 15], [18, 16], [17, 17], [16, 17], [15, 16], [14, 16], [13, 17]]
[[29, 10], [28, 11], [27, 12], [26, 13], [25, 14], [24, 15], [23, 15], [22, 16], [21, 15], [20, 16], [19, 17], [18, 17], [17, 16], [16, 17], [15, 16], [14, 17], [13, 17]]
[[29, 10], [28, 11], [27, 12], [26, 13], [25, 13], [24, 14], [23, 15], [22, 14], [21, 15], [20, 16], [19, 15], [18, 15], [17, 16], [16, 17], [15, 16], [14, 16], [13, 17]]
[[29, 10], [28, 11], [27, 12], [26, 13], [25, 13], [24, 14], [23, 13], [22, 13], [21, 14], [20, 14], [19, 15], [18, 16], [17, 17], [16, 17], [15, 16], [14, 16], [13, 17]]
[[29, 10], [28, 11], [27, 12], [26, 13], [25, 14], [24, 15], [23, 15], [22, 14], [21, 14], [20, 15], [19, 16], [18, 17], [17, 17], [16, 18], [15, 17], [14, 18], [13, 17]]
[[29, 10], [28, 11], [27, 12], [26, 13], [25, 14], [24, 15], [23, 15], [22, 16], [21, 16], [20, 17], [19, 16], [18, 17], [17, 16], [16, 17], [15, 16], [14, 16], [13, 17]]
[[29, 10], [28, 11], [27, 12], [26, 13], [25, 14], [24, 14], [23, 13], [22, 14], [21, 15], [20, 15], [19, 15], [18, 16], [17, 17], [16, 17], [15, 17], [14, 18], [13, 17]]
[[29, 10], [28, 11], [27, 12], [26, 13], [26, 14], [25, 14], [24, 14], [23, 13], [22, 12], [21, 13], [20, 14], [19, 15], [18, 16], [17, 16], [16, 17], [15, 18], [14, 18], [13, 17]]
[[29, 10], [28, 11], [27, 12], [26, 13], [26, 14], [25, 15], [24, 16], [23, 17], [22, 18], [21, 19], [20, 19], [19, 19], [18, 19], [17, 18], [16, 18], [15, 17], [14, 18], [13, 17]]
[[29, 10], [28, 11], [28, 12], [27, 13], [26, 14], [25, 15], [24, 16], [23, 17], [22, 18], [21, 18], [20, 18], [19, 18], [18, 19], [17, 19], [16, 18], [15, 18], [14, 17], [13, 17]]
[[29, 10], [28, 11], [27, 12], [26, 13], [26, 14], [25, 14], [24, 15], [23, 15], [22, 14], [21, 14], [20, 15], [19, 16], [18, 17], [17, 17], [16, 18], [15, 17], [14, 18], [13, 17]]
[[29, 10], [28, 11], [27, 12], [26, 13], [26, 14], [25, 15], [24, 14], [23, 15], [22, 16], [21, 17], [20, 17], [19, 18], [18, 19], [17, 18], [16, 17], [15, 17], [14, 16], [13, 17]]
[[29, 10], [28, 11], [27, 12], [26, 13], [26, 14], [25, 15], [24, 14], [23, 15], [22, 16], [21, 16], [20, 17], [21, 17], [20, 18], [19, 19], [18, 19], [17, 18], [16, 17], [15, 16], [14, 17], [13, 17]]
[[29, 10], [28, 11], [27, 12], [26, 13], [26, 14], [25, 15], [24, 14], [23, 15], [22, 16], [21, 16], [20, 17], [19, 16], [18, 15], [19, 14], [18, 15], [17, 16], [17, 17], [16, 17], [15, 16], [14, 16], [13, 17]]
[[29, 10], [28, 11], [27, 12], [28, 13], [27, 14], [26, 13], [25, 14], [24, 15], [23, 15], [22, 16], [22, 17], [22, 16], [21, 17], [20, 18], [20, 19], [19, 18], [18, 17], [17, 18], [16, 17], [15, 18], [14, 17], [13, 17]]
