[[20, 1], [19, 2], [19, 3], [18, 4], [19, 5], [20, 6], [21, 7], [22, 8], [23, 9], [24, 10], [24, 11], [25, 12], [25, 13], [26, 14], [27, 15], [27, 16], [28, 17]]
[[20, 1], [19, 2], [18, 3], [19, 4], [19, 5], [20, 6], [21, 7], [22, 8], [23, 9], [23, 10], [24, 11], [24, 12], [24, 13], [25, 14], [26, 15], [27, 16], [28, 17]]
[[20, 1], [19, 2], [20, 3], [19, 4], [18, 5], [19, 6], [19, 7], [20, 8], [21, 9], [21, 10], [22, 11], [23, 12], [24, 13], [25, 14], [26, 15], [27, 16], [28, 17]]
[[20, 1], [19, 2], [18, 3], [19, 4], [20, 5], [21, 6], [22, 7], [23, 8], [23, 9], [23, 10], [23, 11], [24, 12], [25, 13], [26, 14], [27, 15], [27, 16], [28, 17]]
[[20, 1], [19, 2], [19, 3], [18, 4], [19, 5], [20, 6], [21, 7], [22, 8], [23, 9], [24, 10], [24, 11], [25, 12], [25, 13], [26, 14], [27, 15], [27, 16], [28, 17]]
[[20, 1], [20, 2], [21, 3], [20, 4], [21, 5], [21, 6], [22, 7], [21, 8], [22, 9], [23, 10], [23, 11], [24, 12], [24, 13], [25, 14], [26, 15], [27, 16], [28, 17]]
[[20, 1], [19, 2], [20, 3], [19, 4], [20, 5], [20, 6], [20, 7], [21, 8], [22, 9], [21, 10], [22, 11], [23, 12], [24, 13], [25, 14], [26, 15], [27, 16], [28, 17]]
[[20, 1], [20, 2], [20, 3], [21, 4], [22, 5], [22, 6], [21, 7], [22, 8], [23, 9], [23, 10], [23, 11], [24, 12], [25, 13], [25, 14], [26, 15], [27, 16], [28, 17]]
[[20, 1], [19, 2], [19, 3], [18, 4], [18, 5], [19, 6], [20, 7], [19, 8], [20, 9], [21, 10], [22, 11], [23, 12], [24, 13], [25, 14], [26, 15], [27, 16], [28, 17]]
[[20, 1], [19, 2], [20, 3], [20, 4], [20, 5], [21, 6], [21, 7], [22, 8], [23, 9], [24, 10], [25, 11], [26, 12], [27, 13], [27, 14], [28, 15], [29, 16], [28, 17]]
[[20, 1], [20, 2], [20, 3], [19, 4], [18, 5], [19, 6], [20, 7], [21, 8], [22, 9], [23, 10], [24, 11], [24, 12], [25, 13], [25, 14], [26, 15], [27, 16], [28, 17]]
[[20, 1], [19, 2], [19, 3], [20, 4], [19, 5], [20, 6], [20, 7], [20, 8], [20, 9], [21, 10], [22, 11], [23, 12], [24, 13], [25, 14], [26, 15], [27, 16], [28, 17]]
[[20, 1], [19, 2], [20, 3], [19, 4], [20, 5], [19, 6], [20, 7], [21, 8], [20, 9], [21, 10], [22, 11], [23, 12], [24, 13], [24, 14], [25, 15], [26, 16], [27, 16], [28, 17]]
[[20, 1], [20, 2], [20, 3], [20, 4], [19, 5], [18, 6], [19, 7], [20, 8], [21, 9], [21, 10], [22, 11], [23, 12], [24, 13], [25, 14], [26, 15], [26, 16], [27, 16], [28, 17]]
[[20, 1], [19, 2], [18, 3], [19, 4], [18, 5], [19, 6], [20, 7], [21, 8], [22, 9], [23, 10], [24, 11], [24, 12], [23, 13], [24, 14], [25, 15], [26, 16], [27, 16], [28, 17]]
[[20, 1], [19, 2], [20, 3], [20, 4], [21, 5], [20, 6], [19, 7], [20, 8], [21, 9], [21, 10], [22, 11], [22, 12], [23, 13], [24, 14], [25, 15], [26, 15], [27, 16], [28, 17]]
[[20, 1], [19, 2], [19, 3], [20, 4], [21, 5], [21, 6], [20, 7], [21, 8], [21, 9], [21, 10], [22, 11], [23, 12], [23, 13], [24, 14], [25, 15], [26, 16], [27, 17], [28, 17]]
[[20, 1], [19, 2], [20, 3], [20, 4], [20, 5], [19, 6], [19, 7], [19, 8], [20, 9], [21, 9], [22, 10], [23, 10], [22, 11], [23, 12], [23, 13], [24, 14], [25, 15], [26, 15], [27, 16], [28, 17]]
[[20, 1], [19, 2], [20, 3], [21, 3], [21, 4], [21, 5], [22, 6], [23, 6], [24, 6], [24, 5], [23, 6], [22, 6], [22, 7], [21, 7], [20, 8], [21, 9], [22, 9], [22, 10], [22, 11], [22, 12], [22, 13], [23, 14], [24, 15], [25, 14], [26, 15], [27, 16], [27, 17], [28, 17]]
[[20, 1], [20, 2], [20, 3], [21, 3], [22, 3], [22, 4], [23, 4], [22, 4], [21, 4], [20, 5], [20, 6], [20, 7], [21, 8], [21, 9], [22, 8], [21, 8], [22, 8], [23, 7], [24, 7], [25, 8], [24, 8], [23, 9], [24, 9], [25, 10], [26, 11], [25, 11], [26, 11], [27, 12], [28, 13], [29, 13], [28, 14], [28, 15], [27, 16], [28, 17]]
