[[17, 5], [17, 6], [16, 7], [16, 8], [17, 9], [17, 10]]
[[17, 5], [17, 6], [17, 7], [17, 8], [17, 9], [17, 10]]
[[17, 5], [16, 6], [16, 7], [17, 8], [17, 9], [17, 10]]
[[17, 5], [17, 6], [16, 7], [16, 8], [17, 9], [17, 10]]
[[17, 5], [16, 6], [16, 7], [17, 8], [17, 9], [17, 10]]
[[17, 5], [16, 6], [17, 7], [17, 8], [16, 9], [17, 10]]
[[17, 5], [16, 6], [16, 7], [17, 8], [18, 9], [17, 10]]
[[17, 5], [17, 6], [16, 7], [16, 8], [17, 9], [17, 10]]
[[17, 5], [16, 6], [17, 7], [16, 8], [16, 9], [17, 10]]
[[17, 5], [17, 6], [17, 7], [18, 8], [17, 8], [17, 9], [18, 9], [17, 10]]
[[17, 5], [18, 5], [19, 6], [19, 5], [20, 5], [19, 5], [19, 6], [20, 6], [20, 7], [20, 8], [19, 9], [18, 10], [17, 11], [17, 10]]
