[[22, 9], [21, 8], [20, 8], [19, 8], [18, 9], [17, 9], [16, 10], [15, 10], [14, 10], [13, 11], [12, 12], [11, 13]]
[[22, 9], [21, 9], [20, 9], [19, 10], [18, 10], [17, 10], [16, 10], [15, 10], [14, 11], [13, 12], [12, 13], [11, 13]]
[[22, 9], [21, 8], [20, 8], [19, 9], [18, 10], [17, 11], [16, 11], [15, 12], [14, 13], [13, 13], [12, 13], [11, 13]]
[[22, 9], [21, 8], [20, 9], [19, 9], [18, 10], [17, 9], [16, 10], [15, 11], [14, 12], [13, 12], [12, 12], [11, 13]]
[[22, 9], [21, 9], [20, 9], [19, 10], [18, 11], [17, 11], [16, 11], [15, 11], [14, 11], [13, 11], [12, 12], [11, 13]]
[[22, 9], [21, 9], [20, 8], [19, 9], [18, 10], [17, 10], [16, 10], [15, 10], [14, 10], [13, 11], [12, 12], [11, 13]]
[[22, 9], [21, 9], [20, 8], [19, 9], [18, 10], [17, 11], [16, 11], [15, 11], [14, 12], [13, 11], [12, 12], [11, 13]]
[[22, 9], [21, 9], [20, 10], [19, 10], [18, 10], [17, 9], [16, 10], [15, 11], [14, 11], [13, 12], [12, 13], [11, 13]]
[[22, 9], [21, 8], [20, 7], [19, 8], [18, 9], [17, 10], [16, 9], [15, 10], [14, 11], [13, 12], [12, 12], [11, 13]]
[[22, 9], [21, 9], [20, 8], [19, 9], [18, 9], [17, 10], [16, 10], [15, 11], [14, 12], [13, 13], [12, 12], [11, 13]]
[[22, 9], [21, 8], [20, 8], [19, 8], [18, 9], [17, 9], [16, 10], [15, 10], [14, 10], [13, 11], [12, 12], [11, 13]]
[[22, 9], [21, 10], [20, 10], [19, 11], [19, 12], [20, 13], [21, 14], [20, 13], [19, 13], [18, 13], [18, 14], [17, 13], [16, 13], [15, 13], [14, 12], [13, 13], [12, 13], [11, 13]]
[[22, 9], [22, 8], [21, 8], [22, 8], [21, 9], [20, 10], [20, 11], [20, 10], [19, 11], [18, 12], [17, 12], [16, 13], [15, 12], [14, 11], [13, 11], [14, 12], [13, 13], [12, 13], [11, 13]]
[[22, 9], [21, 8], [20, 9], [19, 10], [19, 9], [20, 10], [20, 11], [20, 12], [19, 13], [20, 14], [21, 14], [20, 15], [19, 14], [18, 14], [19, 15], [18, 16], [17, 16], [16, 17], [16, 16], [15, 16], [14, 15], [15, 15], [15, 14], [16, 14], [15, 13], [14, 13], [13, 13], [12, 14], [11, 13]]
[[22, 9], [21, 9], [21, 8], [20, 8], [19, 9], [18, 9], [19, 10], [19, 11], [20, 10], [21, 11], [22, 11], [21, 10], [20, 11], [21, 12], [20, 13], [19, 13], [20, 14], [19, 15], [19, 16], [20, 15], [19, 14], [18, 14], [17, 13], [16, 14], [15, 15], [16, 16], [17, 15], [18, 16], [18, 15], [17, 14], [18, 13], [17, 12], [17, 11], [16, 11], [15, 11], [16, 10], [15, 10], [14, 10], [14, 11], [14, 12], [13, 13], [12, 13], [11, 12], [10, 13], [10, 12], [11, 13]]
