[[15, 17], [14, 18], [13, 18], [12, 17], [11, 16]]
[[15, 17], [14, 18], [13, 17], [12, 16], [11, 16]]
[[15, 17], [14, 18], [13, 17], [12, 16], [11, 16]]
[[15, 17], [14, 18], [13, 17], [12, 16], [11, 16]]
[[15, 17], [14, 17], [13, 17], [12, 17], [11, 16]]
[[15, 17], [14, 17], [13, 18], [12, 17], [11, 16]]
[[15, 17], [14, 17], [13, 16], [12, 15], [11, 16]]
[[15, 17], [14, 18], [13, 18], [12, 17], [11, 16]]
[[15, 17], [14, 17], [13, 18], [12, 17], [11, 16]]
[[15, 17], [14, 18], [13, 17], [12, 17], [11, 16]]
[[15, 17], [14, 18], [13, 17], [12, 16], [11, 16]]
[[15, 17], [14, 18], [13, 18], [12, 17], [11, 16]]
[[15, 17], [14, 17], [13, 18], [12, 17], [11, 16]]
[[15, 17], [14, 17], [13, 17], [12, 17], [11, 16]]
[[15, 17], [14, 17], [13, 16], [12, 16], [11, 16]]
[[15, 17], [14, 17], [13, 16], [13, 17], [12, 16], [11, 16]]
[[15, 17], [16, 18], [16, 17], [15, 16], [14, 17], [13, 18], [13, 19], [12, 18], [12, 17], [11, 16]]
[[15, 17], [14, 18], [15, 17], [16, 18], [17, 18], [17, 17], [17, 18], [18, 17], [18, 18], [17, 18], [16, 18], [15, 18], [14, 19], [14, 18], [13, 18], [12, 19], [11, 18], [11, 17], [11, 18], [10, 18], [9, 18], [9, 17], [10, 17], [11, 16]]
[[15, 17], [14, 17], [13, 16], [12, 15], [13, 16], [13, 15], [14, 15], [13, 14], [14, 13], [15, 13], [14, 12], [15, 12], [15, 11], [15, 10], [14, 11], [13, 10], [13, 9], [14, 8], [15, 9], [16, 8], [15, 8], [15, 7], [15, 6], [15, 5], [14, 6], [13, 6], [13, 7], [13, 8], [12, 8], [11, 7], [12, 6], [11, 6], [11, 5], [10, 5], [11, 4], [10, 3], [11, 3], [11, 2], [11, 1], [10, 2], [9, 2], [10, 1], [9, 0], [8, 0], [7, 0], [7, 1], [6, 1], [7, 2], [7, 3], [8, 3], [9, 4], [9, 3], [10, 4], [9, 5], [8, 5], [7, 4], [6, 4], [6, 5], [6, 6], [7, 6], [8, 6], [8, 7], [9, 8], [8, 8], [9, 9], [8, 9], [8, 10], [9, 10], [10, 11], [11, 10], [11, 11], [12, 11], [11, 12], [11, 13], [10, 14], [11, 14], [10, 13], [9, 13], [10, 12], [9, 11], [8, 12], [8, 13], [9, 14], [10, 15], [9, 15], [10, 16], [9, 17], [10, 17], [11, 16]]
