[[15, 1], [14, 1], [13, 1], [12, 0], [11, 1], [10, 2], [9, 3], [8, 4]]
[[15, 1], [14, 2], [13, 1], [12, 2], [11, 2], [10, 2], [9, 3], [8, 4]]
[[15, 1], [14, 1], [13, 1], [12, 2], [11, 1], [10, 2], [9, 3], [8, 4]]
[[15, 1], [14, 1], [13, 1], [12, 0], [11, 1], [10, 2], [9, 3], [8, 4]]
[[15, 1], [14, 1], [13, 2], [12, 1], [11, 1], [10, 2], [9, 3], [8, 4]]
[[15, 1], [14, 2], [13, 2], [12, 2], [11, 1], [10, 2], [9, 3], [8, 4]]
[[15, 1], [14, 0], [13, 1], [12, 1], [11, 1], [10, 2], [9, 3], [8, 4]]
[[15, 1], [14, 0], [13, 0], [12, 0], [11, 1], [10, 2], [9, 3], [8, 4]]
[[15, 1], [14, 2], [13, 3], [12, 3], [11, 2], [10, 2], [9, 3], [8, 4]]
[[15, 1], [14, 0], [13, 1], [14, 1], [13, 0], [12, 1], [11, 1], [10, 2], [9, 3], [8, 4]]
[[15, 1], [14, 0], [13, 1], [14, 1], [13, 0], [12, 1], [11, 0], [10, 1], [10, 0], [9, 1], [9, 2], [9, 3], [8, 4]]
[[15, 1], [15, 2], [14, 1], [13, 0], [14, 0], [13, 1], [13, 2], [14, 3], [15, 3], [14, 4], [15, 5], [16, 5], [16, 6], [17, 6], [17, 7], [18, 8], [19, 8], [20, 8], [21, 8], [20, 7], [19, 7], [20, 6], [21, 5], [22, 6], [23, 5], [24, 5], [24, 4], [25, 3], [26, 3], [26, 2], [25, 1], [24, 1], [23, 1], [24, 0], [25, 0], [26, 0], [26, 1], [27, 2], [27, 3], [28, 3], [29, 3], [29, 4], [29, 5], [28, 4], [27, 5], [26, 5], [25, 5], [24, 6], [24, 7], [23, 8], [23, 7], [24, 8], [23, 9], [24, 10], [25, 11], [25, 10], [24, 9], [23, 10], [23, 11], [22, 11], [22, 10], [21, 11], [21, 10], [22, 9], [21, 9], [22, 8], [22, 7], [21, 7], [21, 6], [20, 5], [20, 4], [19, 5], [18, 4], [18, 3], [17, 2], [18, 1], [19, 2], [20, 3], [21, 4], [22, 4], [23, 4], [22, 3], [21, 3], [21, 2], [21, 1], [21, 0], [20, 1], [20, 0], [19, 0], [18, 0], [19, 1], [18, 2], [17, 3], [16, 3], [15, 4], [16, 4], [17, 5], [18, 6], [19, 6], [18, 7], [17, 8], [18, 9], [17, 10], [16, 10], [17, 9], [16, 8], [15, 8], [14, 7], [13, 7], [13, 8], [13, 9], [13, 10], [14, 9], [15, 9], [14, 10], [15, 11], [14, 12], [15, 13], [14, 13], [13, 12], [14, 11], [13, 11], [12, 11], [12, 12], [11, 11], [12, 10], [11, 9], [10, 9], [9, 10], [10, 11], [9, 11], [9, 12], [8, 13], [8, 14], [9, 14], [10, 13], [11, 13], [11, 14], [12, 13], [13, 13], [12, 14], [13, 14], [14, 15], [14, 14], [15, 14], [16, 14], [16, 15], [16, 16], [15, 17], [16, 18], [17, 18], [18, 18], [19, 17], [18, 17], [17, 17], [18, 16], [17, 16], [16, 17], [15, 16], [14, 17], [14, 18], [15, 19], [16, 19], [15, 18], [14, 19], [13, 18], [13, 19], [12, 19], [12, 18], [11, 17], [12, 16], [12, 17], [13, 16], [12, 15], [11, 16], [10, 17], [10, 18], [9, 19], [10, 19], [9, 18], [9, 17], [8, 18], [7, 18], [6, 18], [7, 19], [6, 19], [5, 19], [4, 19], [3, 19], [4, 18], [3, 17], [4, 17], [4, 16], [5, 15], [5, 14], [4, 14], [4, 13], [3, 13], [3, 12], [2, 11], [1, 12], [0, 13], [1, 14], [2, 14], [1, 15], [0, 16], [0, 15], [0, 14], [1, 13], [2, 12], [2, 13], [3, 14], [2, 15], [3, 15], [3, 16], [4, 15], [5, 16], [5, 17], [6, 16], [7, 16], [7, 15], [7, 14], [7, 13], [6, 14], [5, 13], [6, 12], [7, 12], [6, 13], [5, 12], [6, 11], [7, 10], [8, 9], [9, 9], [8, 10], [8, 11], [8, 12], [7, 11], [6, 10], [5, 9], [4, 9], [3, 9], [3, 8], [2, 8], [1, 7], [0, 7], [1, 8], [2, 7], [3, 7], [4, 6], [5, 7], [6, 8], [5, 8], [6, 7], [7, 7], [8, 7], [8, 8], [9, 7], [10, 7], [11, 8], [11, 7], [12, 8], [12, 7], [12, 6], [13, 5], [12, 4], [11, 5], [10, 4], [9, 5], [8, 5], [9, 4], [8, 4]]
