[[20, 1], [19, 1], [18, 0], [17, 1]]
[[20, 1], [19, 1], [18, 2], [17, 1]]
[[20, 1], [19, 0], [18, 0], [17, 1]]
[[20, 1], [19, 1], [18, 0], [17, 1]]
[[20, 1], [19, 0], [18, 1], [17, 1]]
[[20, 1], [19, 0], [18, 0], [17, 1]]
[[20, 1], [19, 0], [18, 0], [17, 1]]
[[20, 1], [19, 0], [18, 1], [17, 1]]
[[20, 1], [19, 0], [18, 0], [17, 1]]
[[20, 1], [20, 2], [21, 2], [22, 2], [23, 2], [23, 1], [22, 1], [21, 0], [22, 0], [21, 0], [20, 1], [19, 2], [18, 1], [18, 2], [17, 2], [17, 1]]
[[20, 1], [19, 0], [18, 1], [17, 2], [16, 1], [15, 1], [14, 2], [14, 3], [14, 4], [15, 4], [16, 4], [15, 5], [15, 6], [14, 6], [14, 5], [13, 4], [12, 5], [12, 6], [11, 6], [11, 5], [12, 4], [11, 3], [10, 3], [9, 4], [10, 4], [10, 5], [9, 5], [9, 6], [8, 6], [7, 5], [7, 4], [6, 4], [5, 4], [5, 5], [4, 6], [5, 6], [4, 7], [5, 8], [5, 9], [5, 10], [4, 11], [4, 10], [3, 10], [2, 10], [3, 11], [2, 12], [3, 13], [3, 14], [2, 13], [1, 14], [0, 15], [0, 16], [1, 17], [1, 16], [2, 15], [3, 16], [4, 15], [5, 15], [4, 14], [5, 13], [6, 12], [5, 11], [6, 11], [7, 10], [7, 9], [7, 8], [8, 8], [7, 7], [6, 8], [5, 7], [6, 7], [6, 6], [7, 6], [8, 7], [9, 7], [10, 6], [10, 7], [11, 7], [12, 7], [11, 8], [12, 9], [11, 10], [10, 9], [11, 9], [10, 10], [9, 10], [8, 10], [9, 11], [10, 12], [11, 12], [10, 13], [10, 14], [9, 14], [8, 15], [8, 14], [7, 14], [7, 13], [6, 13], [5, 14], [6, 15], [7, 16], [6, 17], [6, 16], [7, 17], [8, 17], [8, 18], [9, 17], [10, 17], [9, 16], [9, 15], [10, 15], [10, 16], [11, 16], [12, 17], [13, 18], [13, 17], [14, 18], [13, 19], [14, 19], [15, 18], [16, 19], [17, 19], [16, 18], [15, 17], [16, 16], [17, 17], [17, 16], [18, 17], [19, 17], [20, 18], [21, 18], [21, 19], [22, 19], [23, 18], [24, 19], [23, 19], [24, 18], [24, 17], [25, 16], [25, 15], [25, 14], [24, 15], [24, 14], [23, 15], [23, 16], [22, 15], [21, 16], [20, 16], [19, 15], [18, 14], [19, 14], [18, 13], [19, 13], [20, 12], [21, 13], [22, 14], [22, 13], [23, 14], [23, 13], [22, 12], [21, 12], [20, 11], [21, 10], [20, 10], [20, 9], [21, 8], [21, 9], [22, 8], [22, 7], [22, 6], [21, 5], [20, 6], [19, 5], [18, 5], [19, 6], [20, 5], [21, 4], [22, 5], [22, 4], [23, 5], [24, 4], [23, 4], [23, 3], [24, 3], [23, 2], [22, 3], [21, 3], [20, 3], [21, 2], [22, 1], [23, 0], [22, 0], [23, 1], [22, 2], [21, 1], [21, 0], [22, 1], [22, 2], [22, 3], [23, 3], [24, 2], [25, 1], [25, 2], [26, 3], [25, 3], [26, 4], [25, 5], [26, 5], [27, 5], [28, 5], [28, 6], [27, 6], [26, 7], [25, 7], [25, 8], [25, 9], [26, 8], [27, 7], [27, 8], [28, 8], [29, 7], [29, 8], [28, 9], [28, 10], [27, 10], [27, 9], [26, 9], [25, 10], [24, 10], [23, 9], [24, 8], [24, 7], [23, 8], [22, 7], [23, 7], [24, 6], [23, 6], [22, 6], [22, 5], [23, 4], [22, 4], [21, 3], [20, 4], [19, 4], [18, 3], [18, 4], [17, 5], [18, 6], [18, 5], [17, 4], [16, 4], [16, 3], [15, 4], [14, 5], [15, 5], [14, 4], [13, 5], [12, 4], [11, 5], [12, 5], [13, 4], [14, 3], [13, 3], [12, 2], [13, 1], [14, 0], [15, 1], [16, 0], [17, 0], [17, 1]]
