[[26, 18], [25, 18], [24, 18], [23, 17], [22, 16], [21, 17], [20, 16], [19, 15], [18, 14], [17, 13], [16, 13], [15, 14], [14, 13], [13, 12], [12, 12], [11, 11], [10, 10], [9, 9], [9, 8], [8, 7], [9, 6], [9, 5], [10, 4], [9, 3], [9, 2]]
[[26, 18], [25, 18], [24, 17], [23, 18], [22, 18], [21, 17], [20, 16], [19, 15], [18, 15], [17, 14], [16, 13], [15, 13], [14, 13], [13, 13], [12, 12], [11, 11], [12, 10], [11, 9], [11, 8], [11, 7], [11, 6], [11, 5], [10, 4], [10, 3], [9, 2]]
[[26, 18], [25, 19], [24, 18], [23, 17], [22, 16], [21, 15], [20, 14], [19, 14], [18, 14], [17, 13], [16, 13], [15, 13], [14, 13], [13, 13], [12, 12], [11, 11], [11, 10], [11, 9], [11, 8], [10, 7], [10, 6], [9, 5], [9, 4], [9, 3], [9, 2]]
[[26, 18], [25, 18], [24, 18], [23, 17], [22, 16], [21, 17], [20, 17], [19, 16], [18, 15], [17, 16], [16, 15], [15, 14], [14, 14], [13, 13], [12, 12], [11, 11], [12, 10], [13, 9], [12, 8], [11, 7], [11, 6], [10, 5], [9, 4], [9, 3], [9, 2]]
[[26, 18], [25, 18], [24, 17], [23, 16], [22, 15], [21, 14], [20, 15], [19, 15], [18, 14], [17, 13], [16, 12], [15, 12], [14, 13], [13, 12], [12, 12], [11, 11], [10, 10], [11, 9], [12, 8], [11, 7], [10, 6], [9, 5], [9, 4], [10, 3], [9, 2]]
[[26, 18], [25, 18], [24, 17], [23, 17], [22, 18], [21, 17], [20, 17], [19, 16], [18, 15], [17, 16], [16, 15], [15, 14], [14, 13], [13, 13], [12, 12], [11, 11], [10, 10], [10, 9], [9, 8], [10, 7], [10, 6], [10, 5], [9, 4], [10, 3], [9, 2]]
[[26, 18], [25, 19], [24, 18], [23, 18], [22, 18], [21, 17], [20, 16], [19, 15], [18, 15], [17, 14], [16, 14], [15, 13], [14, 13], [13, 13], [12, 12], [11, 11], [12, 10], [11, 9], [12, 8], [11, 7], [10, 6], [10, 5], [10, 4], [10, 3], [9, 2]]
[[26, 18], [25, 18], [24, 18], [23, 17], [22, 16], [21, 16], [20, 15], [19, 14], [18, 14], [17, 14], [16, 13], [15, 12], [14, 13], [13, 12], [12, 12], [11, 11], [10, 10], [9, 9], [10, 8], [9, 7], [9, 6], [9, 5], [9, 4], [9, 3], [9, 2]]
[[26, 18], [25, 19], [24, 19], [23, 18], [22, 18], [21, 17], [20, 16], [19, 15], [18, 14], [17, 14], [16, 13], [15, 12], [14, 12], [13, 12], [12, 12], [11, 11], [12, 10], [11, 9], [11, 8], [10, 7], [9, 6], [10, 5], [10, 4], [10, 3], [9, 2]]
[[26, 18], [25, 19], [24, 18], [23, 18], [22, 18], [21, 17], [20, 16], [19, 15], [18, 15], [17, 15], [16, 14], [15, 13], [14, 14], [13, 13], [12, 12], [11, 11], [12, 10], [11, 9], [10, 8], [11, 7], [11, 6], [10, 5], [10, 4], [9, 3], [9, 2]]
[[26, 18], [25, 18], [24, 19], [23, 18], [22, 18], [21, 18], [20, 17], [19, 16], [18, 15], [17, 14], [16, 14], [15, 13], [14, 12], [13, 13], [12, 12], [11, 11], [11, 10], [10, 9], [11, 8], [11, 7], [10, 6], [9, 5], [10, 4], [9, 3], [9, 2]]
[[26, 18], [25, 18], [24, 17], [23, 16], [22, 15], [21, 15], [20, 15], [19, 15], [18, 14], [17, 13], [16, 13], [15, 12], [14, 13], [13, 12], [12, 12], [11, 11], [11, 10], [11, 9], [10, 8], [9, 7], [8, 6], [9, 5], [10, 4], [9, 3], [9, 2]]
[[26, 18], [25, 18], [24, 17], [23, 17], [22, 16], [21, 16], [20, 16], [19, 15], [18, 14], [17, 13], [16, 14], [15, 14], [14, 13], [13, 12], [12, 12], [11, 11], [12, 10], [13, 9], [12, 8], [11, 7], [10, 6], [9, 5], [9, 4], [10, 3], [9, 2]]
[[26, 18], [25, 19], [24, 18], [23, 19], [22, 18], [21, 19], [20, 18], [19, 18], [18, 17], [17, 16], [16, 15], [15, 14], [14, 13], [13, 12], [12, 12], [11, 11], [12, 10], [13, 9], [12, 8], [11, 7], [11, 6], [10, 5], [9, 4], [10, 3], [9, 2]]
[[26, 18], [25, 18], [24, 17], [23, 17], [22, 16], [21, 16], [20, 16], [19, 15], [18, 14], [17, 14], [16, 13], [15, 13], [14, 13], [13, 13], [12, 12], [11, 11], [10, 10], [10, 9], [11, 8], [10, 7], [10, 6], [9, 5], [9, 4], [9, 3], [9, 2]]
[[26, 18], [25, 18], [24, 19], [23, 19], [22, 18], [21, 18], [20, 17], [19, 16], [18, 15], [17, 14], [16, 14], [15, 13], [14, 14], [13, 13], [12, 12], [11, 11], [11, 10], [10, 9], [11, 8], [10, 7], [9, 6], [9, 5], [10, 4], [10, 3], [9, 2]]
[[26, 18], [25, 18], [24, 18], [23, 17], [22, 16], [21, 17], [20, 16], [19, 15], [18, 14], [17, 13], [16, 13], [15, 14], [14, 13], [13, 12], [12, 12], [11, 11], [10, 10], [9, 9], [9, 8], [8, 7], [9, 6], [9, 5], [10, 4], [9, 3], [9, 2]]
[[26, 18], [25, 19], [24, 19], [23, 18], [22, 18], [21, 18], [20, 18], [20, 17], [19, 16], [18, 15], [17, 15], [16, 15], [15, 15], [14, 14], [13, 13], [12, 12], [11, 11], [11, 10], [11, 9], [11, 8], [10, 7], [10, 6], [9, 5], [8, 4], [9, 3], [9, 2]]
[[26, 18], [25, 18], [24, 18], [23, 19], [22, 18], [21, 17], [20, 17], [19, 16], [18, 15], [17, 15], [16, 15], [15, 14], [14, 14], [13, 13], [12, 12], [11, 11], [10, 10], [11, 10], [10, 10], [10, 9], [11, 8], [10, 8], [9, 7], [9, 6], [10, 5], [10, 4], [10, 3], [9, 2]]
[[26, 18], [25, 18], [24, 18], [23, 17], [22, 16], [21, 17], [20, 17], [19, 16], [18, 17], [17, 17], [16, 17], [15, 16], [15, 15], [15, 14], [14, 13], [13, 12], [12, 12], [11, 11], [11, 10], [11, 9], [10, 8], [11, 7], [10, 6], [11, 5], [10, 4], [11, 5], [10, 4], [9, 3], [9, 2]]
