[[22, 4], [22, 5], [22, 6], [22, 7], [23, 8], [23, 9], [22, 10], [21, 11], [22, 12], [21, 13], [21, 14], [22, 15], [22, 16], [23, 17], [24, 18], [25, 19]]
[[22, 4], [22, 5], [22, 6], [22, 7], [22, 8], [22, 9], [21, 10], [20, 11], [21, 12], [22, 13], [23, 14], [24, 15], [24, 16], [25, 17], [26, 18], [25, 19]]
[[22, 4], [21, 5], [21, 6], [22, 7], [23, 8], [22, 9], [21, 10], [22, 11], [21, 12], [22, 13], [22, 14], [23, 15], [24, 16], [25, 17], [25, 18], [25, 19]]
[[22, 4], [21, 5], [22, 6], [23, 7], [23, 8], [22, 9], [21, 10], [22, 11], [22, 12], [23, 13], [22, 14], [23, 15], [24, 16], [24, 17], [24, 18], [25, 19]]
[[22, 4], [22, 5], [21, 6], [21, 7], [22, 8], [23, 9], [22, 10], [22, 11], [21, 12], [22, 13], [22, 14], [22, 15], [23, 16], [24, 17], [25, 18], [25, 19]]
[[22, 4], [22, 5], [23, 6], [22, 7], [23, 8], [23, 9], [23, 10], [22, 11], [21, 12], [22, 13], [22, 14], [23, 15], [24, 16], [24, 17], [25, 18], [25, 19]]
[[22, 4], [22, 5], [22, 6], [22, 7], [23, 8], [23, 9], [22, 10], [21, 11], [22, 12], [21, 13], [21, 14], [22, 15], [22, 16], [23, 17], [24, 18], [25, 19]]
[[22, 4], [22, 5], [23, 6], [22, 7], [22, 8], [22, 9], [23, 10], [24, 11], [25, 12], [24, 13], [25, 14], [26, 15], [26, 16], [26, 17], [25, 18], [25, 19]]
[[22, 4], [22, 5], [23, 6], [23, 7], [23, 8], [22, 9], [22, 10], [22, 11], [22, 12], [22, 13], [23, 14], [23, 15], [24, 16], [25, 17], [24, 18], [25, 19]]
[[22, 4], [22, 5], [22, 6], [21, 7], [20, 8], [21, 9], [22, 10], [22, 11], [23, 12], [22, 13], [23, 14], [24, 15], [25, 16], [24, 17], [25, 18], [25, 19]]
[[22, 4], [22, 5], [22, 6], [22, 7], [23, 8], [23, 9], [24, 10], [24, 11], [25, 12], [26, 13], [26, 14], [25, 15], [24, 16], [23, 17], [24, 18], [25, 19]]
[[22, 4], [23, 5], [22, 6], [21, 7], [22, 8], [21, 9], [21, 10], [21, 11], [21, 12], [22, 13], [21, 14], [22, 15], [23, 16], [24, 17], [24, 18], [25, 19]]
[[22, 4], [23, 5], [23, 6], [24, 7], [23, 8], [23, 9], [23, 10], [22, 11], [23, 12], [23, 13], [24, 14], [25, 15], [24, 16], [24, 17], [24, 18], [25, 19]]
[[22, 4], [21, 5], [21, 6], [22, 7], [23, 8], [23, 9], [22, 10], [22, 11], [22, 12], [23, 13], [22, 14], [23, 15], [24, 16], [23, 17], [24, 18], [25, 19]]
[[22, 4], [22, 5], [23, 6], [22, 7], [22, 8], [22, 9], [22, 10], [22, 11], [22, 12], [23, 13], [23, 14], [22, 15], [23, 16], [24, 17], [24, 18], [25, 19]]
[[22, 4], [21, 5], [22, 6], [23, 5], [24, 6], [23, 7], [23, 8], [22, 9], [22, 10], [21, 11], [21, 12], [21, 13], [21, 14], [22, 15], [22, 16], [23, 17], [24, 16], [25, 17], [24, 18], [25, 19]]
[[22, 4], [21, 3], [22, 4], [21, 5], [22, 5], [23, 4], [24, 4], [25, 5], [25, 6], [25, 7], [26, 6], [27, 7], [27, 8], [28, 9], [27, 10], [26, 11], [25, 12], [26, 13], [27, 13], [28, 14], [27, 15], [26, 16], [25, 17], [25, 18], [25, 19]]
[[22, 4], [21, 5], [22, 6], [21, 5], [22, 6], [21, 7], [22, 8], [22, 9], [21, 10], [21, 11], [21, 12], [22, 13], [23, 13], [23, 12], [24, 13], [24, 14], [23, 14], [23, 15], [22, 15], [22, 14], [23, 15], [22, 16], [23, 17], [23, 18], [22, 18], [23, 18], [23, 17], [24, 16], [25, 17], [24, 17], [24, 18], [23, 17], [23, 18], [24, 18], [25, 19]]
[[22, 4], [23, 3], [24, 4], [23, 3], [22, 4], [22, 5], [22, 6], [23, 5], [24, 5], [24, 6], [25, 6], [24, 7], [25, 8], [26, 7], [27, 7], [28, 7], [29, 8], [28, 9], [27, 8], [28, 9], [27, 10], [28, 11], [27, 11], [28, 12], [29, 12], [29, 11], [28, 12], [27, 13], [27, 14], [26, 14], [26, 15], [27, 16], [27, 15], [27, 16], [26, 16], [25, 16], [26, 16], [27, 17], [26, 18], [25, 19]]
[[22, 4], [22, 5], [23, 6], [24, 5], [24, 6], [25, 6], [26, 6], [26, 7], [27, 8], [26, 7], [27, 7], [28, 7], [29, 8], [28, 9], [28, 8], [29, 9], [29, 10], [29, 11], [29, 12], [28, 12], [27, 13], [27, 14], [27, 15], [27, 14], [28, 15], [29, 16], [28, 17], [29, 17], [29, 18], [28, 19], [27, 18], [26, 17], [25, 17], [24, 16], [25, 16], [24, 16], [23, 17], [22, 18], [23, 18], [24, 19], [25, 18], [25, 19]]
