[[3, 2], [4, 2], [5, 3], [6, 3], [7, 2], [8, 2], [9, 3], [10, 3], [11, 4], [12, 5], [13, 4], [14, 3], [15, 4], [16, 5], [17, 5], [18, 5], [19, 5], [20, 5], [21, 4], [22, 5], [23, 5]]
[[3, 2], [4, 3], [5, 2], [6, 3], [7, 3], [8, 4], [9, 4], [10, 4], [11, 4], [12, 3], [13, 3], [14, 3], [15, 3], [16, 3], [17, 4], [18, 5], [19, 5], [20, 6], [21, 6], [22, 5], [23, 5]]
[[3, 2], [4, 3], [5, 4], [6, 4], [7, 4], [8, 5], [9, 5], [10, 4], [11, 4], [12, 3], [13, 2], [14, 3], [15, 4], [16, 5], [17, 6], [18, 7], [19, 6], [20, 6], [21, 6], [22, 5], [23, 5]]
[[3, 2], [4, 2], [5, 3], [6, 3], [7, 4], [8, 5], [9, 4], [10, 3], [11, 4], [12, 3], [13, 3], [14, 3], [15, 3], [16, 3], [17, 4], [18, 3], [19, 4], [20, 5], [21, 6], [22, 5], [23, 5]]
[[3, 2], [4, 3], [5, 2], [6, 3], [7, 3], [8, 4], [9, 3], [10, 4], [11, 4], [12, 4], [13, 3], [14, 4], [15, 4], [16, 4], [17, 4], [18, 4], [19, 5], [20, 5], [21, 5], [22, 5], [23, 5]]
[[3, 2], [4, 2], [5, 3], [6, 3], [7, 2], [8, 2], [9, 3], [10, 3], [11, 4], [12, 5], [13, 4], [14, 3], [15, 4], [16, 5], [17, 5], [18, 5], [19, 5], [20, 5], [21, 4], [22, 5], [23, 5]]
[[3, 2], [4, 1], [5, 1], [6, 1], [7, 2], [8, 2], [9, 3], [10, 4], [11, 4], [12, 3], [13, 3], [14, 3], [15, 4], [16, 4], [17, 3], [18, 4], [19, 4], [20, 5], [21, 6], [22, 5], [23, 5]]
[[3, 2], [4, 2], [5, 3], [6, 3], [7, 3], [8, 3], [9, 4], [10, 3], [11, 4], [12, 4], [13, 5], [14, 4], [15, 4], [16, 4], [17, 3], [18, 4], [19, 4], [20, 3], [21, 4], [22, 5], [23, 5]]
[[3, 2], [4, 3], [5, 4], [6, 3], [7, 2], [8, 3], [9, 3], [10, 3], [11, 4], [12, 5], [13, 6], [14, 7], [15, 8], [16, 9], [17, 8], [18, 7], [19, 6], [20, 6], [21, 5], [22, 5], [23, 5]]
[[3, 2], [4, 3], [5, 3], [6, 4], [7, 5], [8, 4], [9, 5], [10, 4], [11, 5], [12, 5], [13, 5], [14, 5], [15, 6], [16, 6], [17, 7], [18, 7], [19, 7], [20, 6], [21, 6], [22, 5], [23, 5]]
[[3, 2], [4, 1], [5, 1], [6, 2], [7, 3], [8, 4], [8, 5], [9, 5], [10, 4], [11, 4], [12, 5], [13, 4], [14, 3], [15, 4], [16, 5], [17, 5], [18, 4], [19, 5], [20, 4], [21, 5], [22, 5], [23, 5]]
[[3, 2], [4, 2], [5, 3], [6, 3], [7, 4], [8, 4], [9, 3], [10, 4], [11, 4], [12, 3], [13, 2], [14, 3], [15, 3], [15, 4], [16, 4], [17, 3], [18, 4], [19, 5], [20, 6], [21, 6], [22, 5], [23, 5]]
[[3, 2], [4, 2], [4, 3], [5, 3], [6, 3], [7, 3], [8, 4], [9, 4], [8, 5], [9, 4], [10, 3], [11, 4], [12, 4], [13, 5], [14, 5], [15, 6], [16, 6], [17, 6], [18, 5], [19, 6], [20, 5], [21, 5], [22, 5], [23, 5]]
[[3, 2], [4, 3], [5, 3], [6, 2], [7, 3], [8, 4], [9, 3], [10, 4], [11, 5], [12, 4], [13, 3], [14, 4], [15, 4], [16, 4], [17, 4], [16, 5], [17, 6], [17, 7], [18, 8], [19, 7], [20, 6], [21, 5], [20, 6], [21, 6], [22, 5], [23, 5]]
[[3, 2], [4, 3], [4, 2], [5, 3], [6, 4], [6, 5], [7, 4], [7, 5], [8, 5], [9, 4], [9, 5], [10, 4], [11, 5], [12, 4], [13, 5], [14, 5], [15, 4], [16, 4], [17, 5], [16, 6], [17, 7], [18, 7], [19, 6], [19, 5], [20, 4], [21, 5], [22, 5], [23, 5]]
[[3, 2], [4, 3], [5, 4], [4, 4], [5, 3], [6, 3], [6, 2], [7, 3], [8, 4], [9, 5], [9, 4], [10, 4], [11, 5], [12, 5], [13, 5], [14, 4], [15, 4], [16, 5], [17, 6], [18, 5], [19, 4], [20, 5], [21, 6], [22, 7], [21, 6], [22, 5], [21, 5], [22, 5], [23, 5]]
[[3, 2], [4, 3], [5, 4], [6, 5], [5, 4], [6, 5], [7, 4], [8, 4], [9, 5], [10, 6], [9, 5], [9, 4], [10, 4], [11, 4], [12, 5], [12, 4], [13, 3], [14, 2], [15, 3], [16, 2], [17, 3], [18, 4], [19, 4], [19, 5], [19, 6], [19, 5], [20, 6], [20, 7], [21, 6], [22, 5], [23, 5]]
[[3, 2], [2, 2], [1, 1], [2, 1], [3, 0], [4, 1], [4, 2], [5, 2], [6, 3], [7, 3], [8, 2], [7, 1], [8, 1], [9, 1], [10, 0], [11, 1], [12, 1], [13, 2], [14, 3], [15, 3], [16, 2], [17, 2], [17, 3], [18, 4], [17, 5], [18, 4], [19, 5], [20, 5], [21, 4], [22, 5], [23, 4], [23, 5]]
[[3, 2], [4, 3], [4, 4], [5, 5], [6, 4], [5, 3], [6, 4], [7, 4], [8, 4], [8, 5], [9, 4], [10, 4], [11, 5], [12, 5], [13, 4], [13, 3], [14, 4], [13, 4], [14, 3], [15, 3], [16, 2], [17, 2], [18, 2], [19, 3], [18, 3], [18, 4], [18, 5], [17, 4], [17, 3], [16, 2], [17, 1], [16, 0], [16, 1], [17, 0], [18, 0], [18, 1], [19, 1], [20, 2], [21, 1], [20, 0], [20, 1], [19, 2], [20, 3], [21, 4], [21, 3], [22, 3], [23, 2], [24, 3], [23, 4], [22, 5], [23, 6], [24, 5], [23, 5]]
[[3, 2], [4, 3], [4, 4], [5, 5], [6, 4], [5, 3], [6, 4], [7, 4], [8, 4], [8, 5], [9, 4], [8, 3], [8, 2], [8, 1], [9, 1], [10, 0], [10, 1], [10, 0], [11, 1], [12, 2], [13, 1], [12, 1], [13, 2], [14, 3], [15, 3], [16, 3], [16, 4], [16, 3], [17, 2], [16, 1], [15, 1], [16, 0], [17, 0], [18, 1], [19, 1], [18, 0], [19, 0], [18, 1], [19, 1], [20, 1], [21, 1], [22, 1], [21, 2], [22, 3], [21, 4], [21, 5], [20, 5], [19, 4], [18, 5], [19, 6], [19, 7], [18, 7], [18, 8], [17, 7], [17, 6], [16, 5], [17, 4], [18, 3], [19, 4], [20, 4], [19, 4], [20, 4], [21, 4], [22, 5], [23, 5]]
