[[5, 11], [6, 12], [7, 11], [8, 10], [9, 11], [10, 12], [11, 13], [12, 13], [13, 13], [14, 13]]
[[5, 11], [6, 10], [7, 10], [8, 11], [9, 12], [10, 13], [11, 12], [12, 13], [13, 13], [14, 13]]
[[5, 11], [6, 10], [7, 10], [8, 11], [9, 12], [10, 13], [11, 14], [12, 13], [13, 12], [14, 13]]
[[5, 11], [6, 11], [7, 12], [8, 11], [9, 12], [10, 13], [11, 13], [12, 13], [13, 13], [14, 13]]
[[5, 11], [6, 11], [7, 12], [8, 12], [9, 13], [10, 14], [11, 13], [12, 13], [13, 13], [14, 13]]
[[5, 11], [6, 12], [7, 11], [8, 11], [9, 11], [10, 12], [11, 11], [12, 12], [13, 13], [14, 13]]
[[5, 11], [6, 12], [7, 13], [8, 12], [9, 13], [10, 13], [11, 14], [12, 14], [13, 13], [14, 13]]
[[5, 11], [6, 12], [7, 11], [8, 10], [9, 11], [10, 12], [11, 13], [12, 13], [13, 13], [14, 13]]
[[5, 11], [6, 12], [6, 11], [7, 10], [8, 10], [9, 11], [10, 11], [11, 12], [12, 11], [13, 12], [14, 13]]
[[5, 11], [6, 10], [6, 11], [7, 11], [8, 11], [9, 12], [10, 13], [11, 13], [12, 14], [13, 13], [14, 13]]
[[5, 11], [6, 11], [7, 11], [8, 12], [9, 13], [10, 12], [11, 13], [12, 12], [13, 11], [13, 12], [13, 13], [14, 13]]
[[5, 11], [6, 10], [7, 11], [8, 12], [9, 12], [10, 13], [10, 12], [11, 12], [12, 12], [12, 13], [13, 12], [14, 13]]
[[5, 11], [6, 12], [7, 11], [8, 12], [8, 11], [9, 12], [9, 13], [10, 13], [11, 13], [12, 14], [13, 14], [14, 13]]
[[5, 11], [5, 12], [6, 13], [6, 14], [7, 15], [7, 14], [8, 15], [9, 14], [9, 13], [10, 12], [11, 12], [12, 13], [13, 14], [14, 13]]
[[5, 11], [6, 11], [6, 12], [7, 13], [7, 14], [8, 15], [8, 14], [9, 15], [10, 14], [10, 13], [11, 12], [12, 11], [13, 12], [14, 13]]
[[5, 11], [6, 10], [7, 11], [8, 12], [7, 11], [8, 10], [9, 10], [9, 11], [10, 12], [11, 13], [10, 12], [11, 13], [12, 14], [13, 13], [14, 13]]
