[[26, 16], [26, 15], [26, 14], [26, 13], [26, 12], [26, 11], [26, 10], [27, 9], [27, 8], [26, 7], [27, 6]]
[[26, 16], [27, 15], [28, 14], [27, 13], [28, 12], [27, 11], [27, 10], [26, 9], [27, 8], [28, 7], [27, 6]]
[[26, 16], [27, 15], [28, 14], [28, 13], [28, 12], [29, 11], [28, 10], [27, 9], [27, 8], [26, 7], [27, 6]]
[[26, 16], [26, 15], [26, 14], [26, 13], [27, 12], [28, 11], [27, 10], [27, 9], [26, 8], [26, 7], [27, 6]]
[[26, 16], [26, 15], [26, 14], [26, 13], [26, 12], [26, 11], [26, 10], [27, 9], [27, 8], [26, 7], [27, 6]]
[[26, 16], [26, 15], [26, 14], [25, 13], [25, 12], [26, 11], [27, 10], [27, 9], [28, 8], [28, 7], [27, 6]]
[[26, 16], [25, 15], [25, 14], [26, 13], [27, 12], [26, 11], [27, 10], [27, 9], [26, 8], [26, 7], [27, 6]]
[[26, 16], [27, 15], [27, 14], [26, 13], [27, 12], [26, 11], [26, 10], [26, 9], [26, 8], [26, 7], [27, 6]]
[[26, 16], [27, 15], [27, 14], [26, 13], [27, 12], [28, 11], [28, 10], [28, 9], [27, 8], [26, 7], [27, 6]]
[[26, 16], [27, 15], [28, 14], [28, 13], [27, 12], [27, 11], [27, 10], [26, 9], [26, 8], [26, 7], [27, 6]]
[[26, 16], [26, 15], [27, 14], [26, 13], [26, 12], [27, 11], [27, 10], [26, 9], [27, 8], [26, 7], [27, 6]]
[[26, 16], [27, 15], [28, 14], [29, 13], [28, 12], [27, 11], [27, 10], [26, 9], [27, 8], [26, 7], [27, 6]]
[[26, 16], [27, 15], [28, 14], [27, 13], [28, 12], [29, 11], [29, 10], [28, 9], [27, 8], [26, 7], [27, 6]]
[[26, 16], [27, 15], [27, 14], [28, 13], [29, 12], [29, 11], [29, 10], [28, 9], [28, 8], [28, 7], [27, 6]]
[[26, 16], [25, 15], [24, 14], [23, 13], [23, 12], [23, 11], [24, 10], [25, 9], [26, 8], [26, 7], [27, 6]]
[[26, 16], [27, 15], [26, 15], [27, 14], [28, 14], [28, 13], [27, 13], [28, 12], [27, 11], [28, 12], [29, 11], [28, 10], [29, 10], [29, 9], [28, 9], [29, 8], [29, 7], [28, 7], [27, 6]]
[[26, 16], [27, 16], [28, 16], [28, 15], [29, 15], [29, 14], [28, 13], [28, 14], [27, 14], [26, 14], [27, 15], [27, 14], [27, 13], [28, 13], [29, 14], [28, 15], [28, 14], [29, 14], [28, 13], [27, 12], [26, 13], [25, 12], [26, 11], [25, 11], [24, 12], [24, 11], [23, 10], [24, 10], [25, 9], [25, 8], [26, 8], [26, 7], [27, 6]]
[[26, 16], [27, 17], [26, 18], [26, 19], [25, 19], [25, 18], [24, 18], [25, 17], [24, 16], [24, 15], [23, 15], [22, 16], [22, 17], [23, 18], [23, 17], [22, 18], [21, 19], [20, 18], [19, 17], [19, 16], [18, 15], [18, 16], [17, 16], [16, 16], [15, 15], [16, 14], [17, 15], [16, 15], [15, 16], [14, 15], [15, 14], [14, 14], [14, 13], [13, 13], [12, 12], [11, 13], [10, 14], [10, 15], [11, 15], [10, 16], [9, 16], [9, 15], [9, 14], [10, 13], [10, 12], [11, 11], [11, 10], [10, 11], [9, 10], [8, 9], [8, 8], [7, 9], [7, 10], [6, 11], [7, 12], [8, 12], [8, 11], [8, 10], [9, 11], [9, 12], [9, 13], [8, 13], [8, 14], [7, 15], [6, 16], [5, 16], [6, 17], [5, 17], [4, 16], [3, 17], [4, 17], [3, 16], [2, 16], [3, 15], [2, 14], [2, 13], [1, 12], [1, 11], [0, 12], [0, 13], [1, 13], [1, 14], [2, 15], [3, 14], [3, 13], [2, 12], [3, 11], [4, 12], [5, 12], [5, 13], [6, 13], [7, 14], [8, 15], [8, 16], [9, 17], [10, 17], [11, 18], [10, 19], [10, 18], [11, 19], [12, 19], [13, 19], [14, 19], [14, 18], [15, 17], [16, 18], [16, 17], [17, 18], [17, 17], [18, 18], [17, 19], [18, 19], [19, 18], [20, 17], [20, 16], [20, 15], [21, 16], [22, 15], [21, 15], [20, 14], [20, 13], [21, 13], [21, 12], [22, 11], [23, 11], [22, 12], [21, 11], [21, 10], [20, 10], [19, 10], [20, 9], [21, 8], [21, 7], [22, 8], [23, 7], [23, 6], [22, 5], [23, 4], [23, 5], [24, 6], [24, 5], [25, 5], [25, 4], [26, 4], [26, 3], [27, 4], [28, 3], [27, 2], [28, 2], [27, 1], [28, 0], [27, 0], [26, 1], [26, 2], [27, 3], [28, 4], [28, 5], [29, 6], [28, 7], [27, 6]]
