[[11, 4], [12, 5], [13, 6], [14, 7], [15, 8], [16, 9], [16, 10]]
[[11, 4], [12, 5], [13, 6], [14, 7], [15, 8], [16, 9], [16, 10]]
[[11, 4], [12, 5], [13, 6], [14, 7], [15, 8], [16, 9], [16, 10]]
[[11, 4], [12, 5], [13, 6], [14, 7], [15, 8], [16, 9], [16, 10]]
[[11, 4], [12, 5], [13, 6], [14, 7], [15, 8], [16, 9], [16, 10]]
[[11, 4], [12, 5], [13, 6], [14, 7], [15, 8], [16, 9], [16, 10]]
[[11, 4], [12, 5], [13, 6], [14, 7], [15, 8], [16, 9], [16, 10]]
[[11, 4], [12, 5], [13, 6], [14, 7], [15, 8], [16, 9], [16, 10]]
[[11, 4], [12, 5], [13, 6], [14, 7], [15, 8], [16, 9], [16, 10]]
[[11, 4], [12, 5], [13, 6], [14, 7], [15, 8], [16, 9], [16, 10]]
[[11, 4], [12, 5], [13, 6], [14, 7], [15, 8], [16, 9], [16, 10]]
[[11, 4], [12, 5], [13, 6], [14, 7], [15, 8], [16, 9], [16, 10]]
[[11, 4], [12, 5], [13, 6], [14, 7], [15, 8], [16, 9], [16, 10]]
[[11, 4], [12, 5], [13, 6], [14, 7], [15, 8], [16, 9], [16, 10]]
[[11, 4], [12, 5], [13, 6], [14, 7], [15, 8], [16, 9], [16, 10]]
[[11, 4], [12, 5], [13, 6], [13, 7], [14, 8], [15, 8], [16, 9], [16, 10]]
[[11, 4], [12, 5], [13, 5], [14, 6], [14, 7], [15, 8], [16, 9], [16, 10]]
[[11, 4], [12, 4], [13, 5], [13, 6], [14, 7], [15, 8], [16, 9], [16, 10]]
[[11, 4], [11, 5], [12, 6], [13, 5], [14, 5], [15, 6], [15, 7], [15, 8], [16, 9], [16, 10]]
[[11, 4], [10, 3], [10, 4], [9, 3], [8, 4], [7, 4], [7, 5], [8, 5], [9, 5], [8, 6], [7, 7], [8, 8], [9, 7], [10, 8], [11, 7], [12, 8], [13, 7], [12, 7], [13, 6], [14, 6], [15, 6], [16, 6], [15, 7], [14, 7], [15, 8], [16, 9], [17, 8], [16, 9], [16, 10]]
