[[23, 15], [22, 15], [21, 15], [20, 15], [19, 16], [18, 16], [17, 16], [16, 16], [15, 16], [14, 15], [13, 16], [12, 16], [11, 16], [10, 17], [9, 16], [8, 17], [7, 18], [6, 18], [5, 17], [4, 18], [3, 17], [2, 18], [1, 19]]
[[23, 15], [22, 15], [21, 15], [20, 14], [19, 14], [18, 15], [17, 16], [16, 16], [15, 17], [14, 18], [13, 17], [12, 18], [11, 17], [10, 16], [9, 16], [8, 16], [7, 16], [6, 17], [5, 16], [4, 17], [3, 17], [2, 18], [1, 19]]
[[23, 15], [22, 14], [21, 13], [20, 12], [19, 13], [18, 14], [17, 15], [16, 14], [15, 15], [14, 15], [13, 16], [12, 17], [11, 16], [10, 15], [9, 15], [8, 15], [7, 16], [6, 16], [5, 16], [4, 17], [3, 17], [2, 18], [1, 19]]
[[23, 15], [22, 16], [21, 17], [20, 17], [19, 16], [18, 16], [17, 16], [16, 15], [15, 14], [14, 15], [13, 14], [12, 13], [11, 14], [10, 14], [9, 15], [8, 15], [7, 16], [6, 17], [5, 17], [4, 18], [3, 17], [2, 18], [1, 19]]
[[23, 15], [22, 15], [21, 15], [20, 15], [19, 16], [18, 16], [17, 16], [16, 16], [15, 16], [14, 15], [13, 16], [12, 16], [11, 16], [10, 17], [9, 16], [8, 17], [7, 18], [6, 18], [5, 17], [4, 18], [3, 17], [2, 18], [1, 19]]
[[23, 15], [22, 14], [21, 14], [20, 15], [19, 14], [18, 14], [17, 14], [16, 14], [15, 15], [14, 16], [13, 15], [12, 16], [11, 17], [10, 16], [9, 16], [8, 17], [7, 18], [6, 19], [5, 18], [4, 19], [3, 18], [2, 18], [1, 19]]
[[23, 15], [22, 14], [21, 14], [20, 14], [19, 14], [18, 14], [17, 14], [16, 15], [15, 14], [14, 15], [13, 14], [12, 14], [11, 14], [10, 14], [9, 14], [8, 15], [7, 15], [6, 15], [5, 16], [4, 17], [3, 17], [2, 18], [1, 19]]
[[23, 15], [22, 14], [21, 15], [20, 15], [19, 15], [18, 16], [17, 16], [16, 16], [15, 15], [14, 15], [13, 15], [12, 14], [11, 15], [10, 14], [9, 15], [8, 15], [7, 15], [6, 16], [5, 17], [4, 18], [3, 17], [2, 18], [1, 19]]
[[23, 15], [22, 16], [21, 15], [20, 15], [19, 14], [18, 15], [17, 16], [16, 16], [15, 17], [14, 16], [13, 16], [12, 15], [11, 15], [10, 16], [9, 16], [8, 15], [7, 14], [6, 15], [5, 16], [4, 17], [3, 17], [2, 18], [1, 19]]
[[23, 15], [22, 16], [21, 15], [20, 16], [19, 16], [18, 15], [17, 15], [16, 14], [15, 14], [14, 15], [13, 16], [12, 16], [11, 16], [10, 16], [9, 16], [8, 17], [7, 16], [6, 17], [5, 17], [4, 18], [3, 18], [2, 19], [1, 19]]
[[23, 15], [22, 16], [21, 17], [20, 16], [19, 16], [18, 16], [17, 16], [16, 17], [15, 17], [14, 16], [13, 16], [12, 15], [11, 16], [10, 17], [9, 17], [8, 17], [7, 18], [6, 17], [5, 17], [4, 17], [3, 18], [2, 18], [1, 19]]
[[23, 15], [22, 15], [21, 14], [20, 14], [19, 14], [18, 15], [17, 16], [16, 15], [15, 16], [14, 15], [13, 16], [12, 16], [11, 16], [10, 17], [9, 16], [8, 16], [7, 15], [6, 16], [5, 17], [4, 18], [3, 18], [2, 19], [1, 19]]
[[23, 15], [22, 16], [21, 15], [20, 14], [19, 14], [18, 15], [17, 14], [16, 14], [15, 15], [14, 14], [13, 14], [12, 15], [11, 14], [10, 14], [9, 15], [8, 15], [7, 16], [6, 17], [5, 17], [4, 18], [3, 17], [2, 18], [1, 19]]
[[23, 15], [22, 16], [21, 17], [20, 17], [19, 17], [18, 16], [17, 16], [16, 17], [15, 18], [14, 17], [13, 17], [12, 18], [11, 17], [10, 17], [9, 17], [8, 18], [7, 19], [6, 18], [5, 17], [4, 17], [3, 18], [2, 19], [1, 19]]
[[23, 15], [22, 15], [21, 15], [20, 14], [19, 15], [18, 14], [17, 14], [16, 15], [15, 16], [14, 17], [13, 17], [13, 16], [12, 16], [11, 17], [10, 16], [9, 17], [8, 18], [7, 18], [6, 19], [5, 18], [4, 19], [3, 18], [2, 18], [1, 19]]
[[23, 15], [22, 14], [21, 15], [20, 16], [19, 16], [18, 16], [17, 15], [16, 15], [16, 14], [15, 15], [14, 14], [13, 13], [12, 13], [11, 13], [10, 13], [9, 13], [8, 14], [7, 14], [6, 15], [6, 16], [5, 16], [4, 15], [3, 15], [2, 16], [3, 17], [2, 18], [1, 19]]
[[23, 15], [23, 14], [22, 15], [21, 15], [20, 15], [19, 16], [18, 16], [17, 15], [16, 16], [15, 15], [14, 14], [13, 14], [12, 13], [13, 13], [12, 13], [11, 14], [10, 15], [9, 16], [9, 15], [8, 16], [9, 16], [8, 17], [7, 18], [6, 19], [5, 19], [4, 19], [3, 18], [2, 18], [1, 18], [2, 18], [2, 19], [1, 19]]
[[23, 15], [22, 15], [21, 15], [20, 14], [20, 15], [19, 14], [20, 14], [19, 15], [18, 15], [17, 14], [17, 15], [16, 14], [15, 13], [14, 12], [13, 13], [12, 14], [12, 13], [11, 13], [10, 12], [10, 13], [9, 13], [8, 14], [9, 15], [8, 14], [7, 15], [6, 16], [6, 17], [5, 18], [4, 18], [3, 17], [2, 18], [1, 19]]
[[23, 15], [22, 14], [22, 15], [21, 14], [21, 13], [20, 13], [19, 13], [18, 14], [18, 15], [17, 14], [16, 15], [15, 16], [14, 16], [13, 16], [13, 15], [12, 14], [12, 13], [12, 14], [11, 13], [10, 14], [9, 13], [8, 12], [7, 13], [6, 14], [5, 13], [4, 14], [3, 14], [2, 15], [2, 16], [3, 17], [2, 17], [1, 18], [1, 19]]
[[23, 15], [23, 14], [23, 15], [22, 15], [21, 15], [20, 15], [19, 15], [18, 14], [18, 15], [18, 14], [17, 15], [16, 14], [15, 13], [15, 12], [14, 13], [15, 14], [14, 15], [14, 16], [13, 16], [12, 15], [12, 14], [11, 13], [10, 14], [9, 14], [8, 15], [7, 14], [6, 15], [7, 15], [6, 16], [5, 17], [4, 18], [3, 18], [2, 19], [1, 18], [0, 18], [1, 19]]
