[[27, 11], [26, 11], [25, 10], [24, 10], [23, 10], [22, 10], [21, 10], [20, 11], [19, 12], [18, 12], [17, 12], [16, 13], [15, 13], [14, 12], [13, 11], [12, 11], [11, 11], [10, 10], [9, 9], [8, 8]]
[[27, 11], [26, 11], [25, 11], [24, 10], [23, 10], [22, 10], [21, 9], [20, 10], [19, 11], [18, 12], [17, 11], [16, 12], [15, 12], [14, 11], [13, 11], [12, 11], [11, 10], [10, 9], [9, 8], [8, 8]]
[[27, 11], [26, 11], [25, 10], [24, 9], [23, 10], [22, 9], [21, 10], [20, 11], [19, 12], [18, 11], [17, 12], [16, 13], [15, 12], [14, 11], [13, 10], [12, 10], [11, 9], [10, 8], [9, 7], [8, 8]]
[[27, 11], [26, 11], [25, 11], [24, 11], [23, 10], [22, 9], [21, 9], [20, 9], [19, 9], [18, 10], [17, 11], [16, 12], [15, 12], [14, 11], [13, 11], [12, 10], [11, 9], [10, 8], [9, 9], [8, 8]]
[[27, 11], [26, 11], [25, 10], [24, 10], [23, 10], [22, 10], [21, 10], [20, 11], [19, 10], [18, 11], [17, 12], [16, 12], [15, 12], [14, 12], [13, 11], [12, 10], [11, 9], [10, 8], [9, 8], [8, 8]]
[[27, 11], [26, 11], [25, 10], [24, 9], [23, 10], [22, 10], [21, 10], [20, 11], [19, 12], [18, 13], [17, 13], [16, 12], [15, 12], [14, 11], [13, 10], [12, 11], [11, 10], [10, 9], [9, 9], [8, 8]]
[[27, 11], [26, 11], [25, 10], [24, 10], [23, 10], [22, 9], [21, 10], [20, 11], [19, 10], [18, 11], [17, 12], [16, 12], [15, 12], [14, 12], [13, 11], [12, 10], [11, 10], [10, 9], [9, 8], [8, 8]]
[[27, 11], [26, 11], [25, 11], [24, 10], [23, 10], [22, 9], [21, 9], [20, 10], [19, 11], [18, 12], [17, 11], [16, 12], [15, 12], [14, 11], [13, 10], [12, 9], [11, 10], [10, 9], [9, 8], [8, 8]]
[[27, 11], [26, 11], [25, 10], [24, 10], [23, 10], [22, 10], [21, 10], [20, 11], [19, 12], [18, 12], [17, 12], [16, 13], [15, 13], [14, 12], [13, 11], [12, 11], [11, 11], [10, 10], [9, 9], [8, 8]]
[[27, 11], [26, 11], [25, 11], [24, 10], [23, 10], [22, 9], [21, 9], [20, 10], [19, 11], [18, 12], [17, 11], [16, 12], [15, 12], [14, 11], [13, 10], [12, 9], [11, 10], [10, 9], [9, 8], [8, 8]]
[[27, 11], [26, 11], [25, 11], [24, 11], [23, 10], [22, 10], [21, 11], [20, 12], [19, 11], [18, 12], [17, 13], [16, 13], [15, 12], [14, 11], [13, 10], [12, 11], [11, 10], [10, 10], [9, 9], [8, 8]]
[[27, 11], [26, 11], [25, 12], [24, 11], [23, 10], [22, 10], [21, 10], [20, 10], [19, 11], [18, 11], [17, 12], [16, 12], [15, 12], [14, 11], [13, 10], [12, 9], [11, 10], [10, 9], [9, 9], [8, 8]]
[[27, 11], [26, 11], [25, 12], [24, 11], [23, 10], [22, 9], [21, 9], [20, 10], [19, 10], [18, 11], [17, 12], [16, 12], [15, 12], [14, 11], [13, 10], [12, 10], [11, 9], [10, 8], [9, 8], [8, 8]]
[[27, 11], [26, 11], [25, 10], [24, 10], [23, 10], [22, 9], [21, 10], [20, 9], [19, 8], [18, 7], [17, 7], [16, 7], [16, 8], [15, 9], [14, 10], [13, 11], [12, 12], [11, 13], [10, 13], [9, 12], [8, 12], [8, 11], [7, 10], [8, 9], [8, 8]]
[[27, 11], [26, 11], [25, 11], [24, 10], [25, 10], [24, 10], [23, 10], [22, 10], [21, 9], [20, 9], [19, 10], [18, 10], [17, 9], [16, 8], [16, 9], [15, 8], [14, 7], [14, 6], [14, 5], [13, 5], [13, 6], [12, 7], [11, 8], [10, 8], [9, 8], [8, 8]]
[[27, 11], [26, 11], [25, 10], [24, 10], [23, 10], [24, 10], [23, 10], [22, 10], [21, 11], [20, 12], [19, 12], [18, 11], [17, 10], [16, 9], [15, 9], [14, 9], [13, 9], [14, 9], [13, 10], [12, 9], [11, 9], [10, 8], [9, 7], [8, 7], [9, 7], [8, 8]]
[[27, 11], [26, 11], [25, 11], [24, 11], [23, 10], [22, 10], [21, 9], [22, 8], [21, 9], [20, 10], [19, 9], [18, 8], [17, 8], [16, 9], [15, 9], [16, 9], [15, 10], [14, 10], [13, 9], [13, 10], [12, 11], [11, 10], [10, 10], [10, 9], [10, 8], [9, 9], [8, 9], [8, 8]]
[[27, 11], [28, 11], [27, 10], [26, 9], [25, 8], [25, 9], [24, 8], [23, 7], [22, 8], [21, 9], [20, 9], [21, 9], [20, 10], [19, 10], [18, 9], [17, 8], [16, 8], [15, 8], [16, 8], [15, 9], [15, 10], [14, 10], [13, 10], [12, 9], [11, 10], [11, 11], [12, 12], [11, 13], [10, 13], [9, 12], [9, 11], [10, 10], [10, 9], [9, 8], [8, 8]]
[[27, 11], [27, 10], [27, 9], [26, 9], [26, 8], [25, 9], [24, 9], [23, 10], [22, 9], [21, 9], [20, 9], [19, 10], [20, 10], [19, 9], [20, 10], [19, 10], [18, 9], [17, 8], [17, 7], [16, 6], [16, 7], [15, 8], [16, 9], [15, 8], [15, 9], [14, 9], [14, 10], [13, 10], [13, 11], [14, 11], [15, 12], [16, 12], [17, 11], [16, 12], [17, 13], [18, 14], [18, 15], [18, 16], [17, 16], [16, 16], [16, 15], [15, 15], [14, 15], [15, 15], [16, 16], [16, 15], [17, 16], [16, 16], [15, 15], [16, 14], [15, 13], [16, 14], [15, 15], [16, 14], [15, 13], [15, 12], [14, 11], [13, 11], [12, 10], [12, 9], [11, 8], [10, 7], [9, 8], [8, 8], [8, 7], [8, 8]]
[[27, 11], [26, 11], [25, 12], [24, 12], [23, 12], [22, 12], [21, 12], [21, 11], [20, 12], [20, 13], [19, 12], [18, 11], [18, 12], [17, 13], [18, 14], [17, 14], [16, 14], [15, 13], [14, 12], [13, 13], [12, 12], [11, 11], [11, 12], [10, 13], [9, 14], [10, 14], [9, 13], [8, 14], [7, 14], [8, 15], [9, 15], [9, 16], [8, 16], [9, 17], [10, 16], [11, 16], [11, 15], [11, 14], [11, 15], [11, 16], [11, 17], [11, 18], [12, 19], [13, 18], [13, 19], [13, 18], [12, 18], [12, 17], [11, 18], [10, 19], [9, 19], [8, 18], [7, 17], [7, 18], [7, 17], [8, 17], [7, 16], [6, 15], [7, 15], [8, 14], [9, 13], [9, 12], [9, 11], [10, 11], [11, 10], [11, 9], [11, 8], [11, 7], [10, 8], [9, 8], [8, 8]]
