[[17, 12], [18, 13], [19, 14], [19, 15], [20, 16], [21, 17]]
[[17, 12], [17, 13], [18, 14], [19, 15], [20, 16], [21, 17]]
[[17, 12], [18, 13], [19, 14], [19, 15], [20, 16], [21, 17]]
[[17, 12], [17, 13], [18, 14], [19, 15], [20, 16], [21, 17]]
[[17, 12], [18, 13], [18, 14], [19, 15], [20, 16], [21, 17]]
[[17, 12], [18, 13], [19, 14], [19, 15], [20, 16], [21, 17]]
[[17, 12], [18, 13], [19, 14], [19, 15], [20, 16], [21, 17]]
[[17, 12], [18, 13], [19, 14], [19, 15], [20, 16], [21, 17]]
[[17, 12], [17, 13], [18, 14], [19, 13], [20, 14], [21, 15], [21, 16], [21, 17]]
[[17, 12], [18, 13], [18, 12], [19, 13], [20, 14], [19, 15], [20, 16], [21, 17]]
[[17, 12], [18, 13], [19, 13], [19, 14], [18, 15], [18, 16], [19, 17], [20, 17], [21, 17]]
[[17, 12], [18, 13], [19, 12], [18, 12], [19, 13], [19, 14], [19, 15], [20, 16], [21, 17]]
[[17, 12], [18, 13], [18, 12], [19, 12], [19, 13], [20, 12], [20, 13], [20, 14], [21, 15], [20, 16], [21, 17]]
[[17, 12], [17, 11], [17, 10], [17, 11], [16, 12], [15, 11], [15, 12], [16, 11], [17, 12], [18, 13], [17, 14], [16, 14], [17, 14], [18, 15], [17, 15], [18, 15], [18, 16], [17, 16], [17, 17], [16, 17], [15, 17], [14, 17], [14, 16], [15, 17], [16, 16], [16, 15], [16, 14], [15, 14], [15, 13], [14, 14], [13, 15], [12, 14], [11, 14], [12, 13], [13, 14], [13, 15], [13, 16], [13, 17], [12, 18], [11, 18], [10, 17], [11, 17], [11, 18], [12, 18], [13, 19], [14, 18], [15, 19], [16, 18], [15, 19], [16, 19], [17, 19], [17, 18], [18, 17], [19, 18], [20, 17], [21, 18], [20, 17], [21, 17]]
[[17, 12], [18, 13], [17, 13], [17, 14], [17, 15], [18, 15], [18, 16], [19, 16], [19, 17], [18, 16], [17, 16], [16, 17], [16, 16], [16, 17], [16, 16], [17, 16], [18, 15], [19, 16], [19, 17], [18, 16], [18, 17], [17, 18], [17, 19], [18, 19], [19, 18], [20, 17], [20, 16], [19, 15], [20, 14], [21, 15], [21, 14], [20, 13], [21, 12], [22, 11], [23, 12], [24, 13], [25, 13], [26, 14], [25, 15], [26, 16], [27, 15], [26, 15], [27, 16], [26, 17], [26, 18], [25, 17], [24, 16], [23, 15], [24, 14], [25, 14], [24, 15], [23, 15], [23, 14], [24, 13], [23, 13], [22, 14], [21, 14], [21, 15], [21, 16], [21, 17]]
[[17, 12], [17, 13], [17, 14], [17, 15], [16, 16], [15, 16], [16, 17], [17, 17], [16, 18], [16, 19], [17, 18], [17, 19], [18, 19], [19, 18], [18, 17], [19, 16], [18, 16], [17, 16], [16, 15], [15, 14], [16, 14], [15, 13], [14, 14], [14, 15], [13, 15], [13, 16], [14, 16], [13, 17], [12, 16], [12, 17], [13, 18], [14, 19], [15, 18], [14, 17], [14, 18], [13, 19], [12, 19], [12, 18], [11, 17], [10, 17], [9, 18], [8, 18], [7, 17], [6, 17], [6, 18], [6, 19], [7, 18], [8, 17], [7, 16], [7, 15], [8, 16], [9, 16], [9, 17], [10, 16], [11, 16], [11, 15], [11, 14], [12, 14], [12, 13], [13, 12], [13, 13], [14, 12], [15, 11], [16, 10], [17, 9], [17, 8], [16, 7], [16, 6], [17, 7], [17, 6], [18, 7], [19, 6], [20, 6], [20, 7], [19, 7], [20, 8], [21, 7], [21, 8], [22, 9], [23, 8], [24, 7], [24, 8], [24, 9], [24, 10], [23, 9], [22, 10], [23, 10], [24, 11], [24, 12], [25, 11], [25, 10], [26, 9], [27, 10], [27, 9], [26, 8], [27, 7], [27, 6], [28, 7], [29, 6], [28, 6], [27, 5], [28, 5], [27, 4], [28, 3], [27, 3], [26, 2], [26, 1], [25, 2], [25, 3], [24, 4], [25, 5], [26, 6], [25, 7], [25, 8], [25, 9], [26, 10], [26, 11], [27, 11], [26, 12], [25, 12], [25, 13], [25, 14], [24, 15], [25, 15], [26, 14], [27, 15], [26, 16], [26, 15], [27, 16], [28, 17], [28, 18], [28, 19], [29, 19], [29, 18], [29, 17], [29, 16], [28, 15], [27, 14], [28, 13], [27, 12], [28, 11], [29, 10], [28, 10], [29, 9], [28, 8], [29, 8], [28, 9], [27, 8], [26, 7], [25, 6], [24, 5], [23, 5], [23, 4], [22, 3], [22, 4], [21, 4], [22, 5], [21, 5], [20, 4], [19, 3], [20, 3], [21, 3], [22, 2], [23, 1], [22, 0], [23, 1], [22, 2], [23, 2], [24, 2], [25, 3], [26, 2], [27, 3], [27, 2], [28, 1], [27, 1], [28, 0], [27, 0], [26, 1], [25, 2], [24, 3], [23, 4], [23, 5], [22, 5], [21, 5], [21, 4], [20, 5], [19, 4], [18, 3], [17, 2], [16, 3], [16, 2], [16, 1], [17, 0], [18, 1], [19, 1], [19, 2], [20, 3], [21, 3], [22, 4], [22, 3], [23, 3], [24, 4], [25, 4], [24, 5], [23, 6], [24, 6], [23, 7], [24, 8], [25, 9], [26, 10], [27, 9], [28, 8], [28, 9], [27, 10], [26, 11], [26, 12], [27, 11], [28, 10], [28, 11], [27, 12], [26, 13], [26, 14], [25, 15], [26, 15], [27, 16], [28, 16], [29, 15], [29, 16], [29, 17], [29, 18], [28, 17], [27, 18], [26, 17], [26, 16], [25, 17], [25, 18], [24, 17], [24, 16], [23, 17], [24, 18], [23, 19], [22, 18], [21, 17]]
