[[14, 5], [13, 6], [14, 7], [15, 8], [16, 9], [17, 10], [18, 11], [19, 12], [20, 13], [21, 14], [22, 15], [23, 16], [24, 17], [25, 18]]
[[14, 5], [15, 6], [14, 7], [15, 8], [16, 9], [17, 10], [18, 11], [19, 12], [20, 13], [21, 14], [22, 15], [23, 16], [24, 17], [25, 18]]
[[14, 5], [14, 6], [15, 7], [15, 8], [16, 9], [17, 10], [18, 11], [19, 12], [20, 13], [21, 14], [22, 15], [23, 16], [24, 17], [25, 18]]
[[14, 5], [15, 6], [14, 7], [15, 8], [16, 9], [17, 10], [18, 11], [19, 12], [20, 13], [21, 14], [22, 15], [23, 16], [24, 17], [25, 18]]
[[14, 5], [13, 6], [14, 7], [15, 8], [16, 9], [17, 10], [18, 11], [19, 12], [20, 13], [21, 14], [22, 15], [23, 16], [24, 17], [25, 18]]
[[14, 5], [15, 6], [16, 7], [17, 8], [16, 9], [17, 10], [18, 11], [19, 12], [20, 13], [21, 14], [22, 15], [23, 16], [24, 17], [25, 18]]
[[14, 5], [15, 6], [14, 7], [15, 8], [16, 9], [17, 10], [18, 11], [19, 12], [20, 13], [21, 14], [22, 15], [23, 16], [24, 17], [25, 18]]
[[14, 5], [15, 6], [16, 7], [17, 8], [18, 9], [19, 10], [20, 11], [21, 12], [22, 13], [23, 14], [23, 15], [23, 16], [24, 17], [25, 18]]
[[14, 5], [14, 6], [15, 7], [15, 8], [16, 9], [17, 10], [18, 11], [19, 12], [20, 13], [21, 14], [22, 15], [23, 16], [24, 17], [25, 18]]
[[14, 5], [15, 6], [16, 7], [17, 8], [18, 9], [17, 10], [18, 11], [19, 12], [20, 13], [21, 14], [22, 15], [23, 16], [24, 17], [25, 18]]
[[14, 5], [15, 6], [16, 7], [17, 8], [18, 9], [18, 10], [18, 11], [19, 12], [20, 13], [21, 14], [22, 15], [23, 16], [24, 17], [25, 18]]
[[14, 5], [14, 6], [15, 7], [16, 8], [16, 9], [17, 10], [18, 11], [19, 12], [20, 13], [21, 14], [22, 15], [23, 16], [24, 17], [25, 18]]
[[14, 5], [15, 6], [15, 7], [15, 8], [16, 9], [17, 10], [18, 11], [19, 12], [20, 13], [21, 14], [22, 15], [23, 16], [24, 17], [25, 18]]
[[14, 5], [15, 6], [16, 7], [17, 8], [18, 9], [18, 10], [18, 11], [19, 12], [20, 13], [21, 14], [22, 15], [23, 16], [24, 17], [25, 18]]
[[14, 5], [15, 6], [16, 7], [17, 8], [18, 9], [19, 10], [20, 11], [21, 12], [20, 13], [21, 14], [22, 15], [23, 16], [24, 17], [25, 18]]
[[14, 5], [14, 6], [15, 7], [15, 8], [16, 9], [17, 10], [18, 11], [19, 12], [20, 13], [21, 14], [22, 15], [23, 16], [24, 17], [25, 18]]
[[14, 5], [15, 6], [15, 7], [16, 8], [16, 9], [16, 10], [17, 11], [17, 10], [18, 11], [19, 12], [20, 13], [21, 14], [22, 15], [23, 16], [24, 17], [25, 18]]
[[14, 5], [15, 6], [14, 7], [15, 8], [16, 9], [16, 10], [17, 11], [17, 12], [18, 11], [19, 12], [20, 13], [21, 14], [22, 15], [23, 16], [24, 17], [25, 18]]
[[14, 5], [14, 6], [13, 6], [14, 7], [15, 8], [16, 9], [16, 10], [17, 11], [17, 12], [18, 13], [19, 13], [20, 13], [21, 14], [22, 15], [23, 16], [24, 17], [25, 18]]
[[14, 5], [15, 6], [16, 6], [15, 7], [15, 8], [14, 9], [15, 10], [16, 10], [17, 11], [17, 12], [18, 13], [19, 13], [20, 14], [21, 15], [22, 15], [23, 16], [24, 17], [24, 18], [25, 18]]
