[[8, 12], [9, 11], [10, 10], [11, 11], [12, 11], [13, 12], [14, 11], [15, 11], [16, 10], [17, 11], [18, 11], [19, 10], [20, 9], [21, 8], [22, 9], [23, 8], [24, 9], [25, 9]]
[[8, 12], [9, 11], [10, 10], [11, 11], [12, 10], [13, 9], [14, 8], [15, 8], [16, 8], [17, 9], [18, 8], [19, 7], [20, 8], [21, 7], [22, 6], [23, 7], [24, 8], [25, 9]]
[[8, 12], [9, 11], [10, 10], [11, 9], [12, 8], [13, 9], [14, 10], [15, 9], [16, 8], [17, 9], [18, 8], [19, 9], [20, 9], [21, 8], [22, 8], [23, 8], [24, 8], [25, 9]]
[[8, 12], [9, 11], [10, 10], [11, 11], [12, 11], [13, 12], [14, 11], [15, 11], [16, 10], [17, 11], [18, 11], [19, 10], [20, 9], [21, 8], [22, 9], [23, 8], [24, 9], [25, 9]]
[[8, 12], [9, 11], [10, 11], [11, 12], [12, 12], [13, 12], [14, 12], [15, 11], [16, 10], [17, 10], [18, 9], [19, 10], [20, 9], [21, 8], [22, 8], [23, 8], [24, 9], [25, 9]]
[[8, 12], [9, 11], [10, 10], [11, 9], [12, 10], [13, 9], [14, 8], [15, 9], [16, 10], [17, 9], [18, 10], [19, 9], [20, 9], [21, 9], [22, 10], [23, 9], [24, 10], [25, 9]]
[[8, 12], [9, 11], [10, 11], [11, 12], [12, 11], [13, 10], [14, 9], [15, 8], [16, 7], [17, 7], [18, 8], [19, 9], [20, 8], [21, 9], [22, 10], [23, 9], [24, 8], [25, 9]]
[[8, 12], [9, 12], [10, 11], [11, 12], [12, 11], [13, 11], [14, 11], [15, 10], [16, 9], [17, 9], [18, 10], [19, 10], [20, 9], [21, 10], [22, 10], [23, 10], [24, 10], [25, 9]]
[[8, 12], [9, 12], [10, 11], [11, 12], [12, 11], [13, 10], [14, 9], [15, 8], [16, 8], [17, 9], [18, 10], [19, 9], [20, 9], [21, 8], [22, 8], [23, 8], [24, 9], [25, 9]]
[[8, 12], [9, 12], [10, 11], [11, 10], [12, 10], [13, 9], [14, 9], [15, 8], [16, 9], [17, 9], [18, 10], [19, 10], [20, 9], [21, 8], [22, 9], [23, 10], [24, 9], [25, 9]]
[[8, 12], [9, 13], [10, 13], [11, 12], [12, 11], [13, 10], [14, 9], [15, 8], [16, 8], [17, 7], [18, 8], [19, 9], [20, 9], [21, 10], [22, 10], [23, 9], [24, 8], [25, 9]]
[[8, 12], [9, 12], [10, 11], [11, 10], [12, 10], [13, 9], [14, 9], [15, 8], [16, 8], [17, 7], [18, 8], [19, 7], [20, 8], [21, 9], [22, 8], [23, 8], [24, 9], [25, 9]]
[[8, 12], [9, 12], [10, 11], [11, 11], [12, 10], [13, 9], [14, 8], [15, 8], [16, 7], [17, 7], [18, 8], [19, 9], [20, 9], [21, 9], [22, 8], [23, 9], [24, 10], [25, 9]]
[[8, 12], [9, 11], [10, 10], [11, 9], [12, 8], [13, 9], [14, 8], [15, 8], [16, 8], [17, 7], [18, 8], [19, 7], [20, 8], [21, 9], [22, 10], [23, 9], [24, 9], [25, 9]]
[[8, 12], [9, 12], [10, 11], [11, 11], [12, 10], [13, 9], [14, 8], [15, 8], [16, 7], [17, 7], [18, 8], [19, 9], [20, 9], [21, 9], [22, 8], [23, 8], [24, 9], [25, 9]]
[[8, 12], [9, 11], [10, 11], [11, 10], [12, 10], [13, 9], [13, 8], [14, 9], [15, 8], [16, 9], [17, 9], [18, 8], [19, 7], [20, 8], [21, 9], [22, 8], [23, 8], [24, 9], [25, 9]]
[[8, 12], [9, 12], [10, 11], [11, 12], [12, 12], [13, 11], [14, 10], [15, 9], [16, 9], [17, 9], [18, 8], [18, 7], [19, 6], [20, 7], [21, 6], [20, 6], [21, 7], [22, 8], [23, 9], [24, 8], [25, 9]]
[[8, 12], [9, 11], [9, 12], [10, 11], [11, 12], [12, 12], [13, 11], [14, 10], [15, 9], [16, 10], [17, 9], [18, 9], [19, 9], [20, 8], [19, 7], [20, 8], [21, 9], [22, 9], [23, 8], [24, 8], [25, 9]]
[[8, 12], [9, 11], [10, 11], [11, 12], [11, 11], [12, 10], [13, 10], [14, 11], [15, 12], [16, 11], [17, 12], [18, 11], [18, 10], [19, 10], [18, 9], [19, 9], [20, 9], [21, 9], [22, 9], [23, 8], [24, 8], [25, 9]]
[[8, 12], [9, 11], [10, 10], [11, 11], [12, 12], [13, 11], [14, 11], [15, 12], [16, 13], [15, 12], [15, 11], [15, 12], [16, 11], [17, 10], [18, 11], [19, 11], [20, 11], [20, 12], [21, 12], [22, 11], [23, 10], [23, 9], [24, 10], [25, 9]]
