[[8, 18], [9, 18], [10, 17], [11, 18], [12, 17], [13, 18], [14, 19], [15, 18], [16, 17], [17, 18], [18, 19], [19, 19], [20, 19], [21, 18]]
[[8, 18], [9, 18], [10, 18], [11, 19], [12, 19], [13, 18], [14, 17], [15, 17], [16, 18], [17, 18], [18, 18], [19, 17], [20, 18], [21, 18]]
[[8, 18], [9, 17], [10, 18], [11, 18], [12, 17], [13, 17], [14, 16], [15, 17], [16, 18], [17, 18], [18, 18], [19, 17], [20, 18], [21, 18]]
[[8, 18], [9, 17], [10, 17], [11, 16], [12, 17], [13, 16], [14, 17], [15, 18], [16, 18], [17, 18], [18, 17], [19, 16], [20, 17], [21, 18]]
[[8, 18], [9, 18], [10, 19], [11, 18], [12, 17], [13, 17], [14, 18], [15, 19], [16, 19], [17, 18], [18, 18], [19, 17], [20, 17], [21, 18]]
[[8, 18], [9, 19], [10, 18], [11, 18], [12, 19], [13, 18], [14, 17], [15, 17], [16, 18], [17, 18], [18, 18], [19, 19], [20, 19], [21, 18]]
[[8, 18], [9, 19], [10, 19], [11, 18], [12, 17], [13, 17], [14, 18], [15, 19], [16, 18], [17, 18], [18, 18], [19, 19], [20, 18], [21, 18]]
[[8, 18], [9, 17], [10, 18], [11, 19], [12, 19], [13, 18], [14, 18], [15, 18], [16, 17], [17, 18], [18, 17], [19, 17], [20, 17], [21, 18]]
[[8, 18], [9, 18], [10, 19], [11, 19], [12, 19], [13, 18], [14, 19], [15, 18], [16, 18], [17, 18], [18, 19], [19, 19], [20, 18], [21, 18]]
[[8, 18], [9, 18], [10, 18], [11, 18], [12, 19], [13, 19], [14, 19], [15, 19], [16, 19], [17, 18], [18, 18], [19, 17], [20, 18], [21, 18]]
[[8, 18], [9, 18], [10, 17], [11, 18], [12, 17], [13, 18], [14, 19], [15, 18], [16, 17], [17, 18], [18, 19], [19, 19], [20, 19], [21, 18]]
[[8, 18], [9, 17], [10, 18], [11, 17], [12, 16], [13, 17], [14, 18], [15, 18], [16, 18], [17, 18], [18, 17], [19, 17], [20, 18], [21, 18]]
[[8, 18], [9, 18], [10, 17], [11, 18], [12, 19], [13, 18], [14, 17], [15, 18], [16, 19], [17, 18], [18, 18], [19, 19], [20, 18], [21, 18]]
[[8, 18], [9, 18], [10, 19], [11, 18], [12, 19], [13, 19], [14, 18], [15, 19], [16, 19], [17, 18], [18, 18], [19, 17], [20, 17], [21, 18]]
[[8, 18], [9, 18], [10, 18], [10, 17], [11, 16], [12, 16], [13, 17], [13, 16], [14, 16], [15, 17], [15, 18], [16, 19], [17, 18], [18, 17], [19, 18], [20, 17], [21, 17], [21, 18]]
[[8, 18], [9, 17], [10, 18], [11, 17], [12, 16], [12, 17], [11, 16], [12, 16], [13, 17], [14, 18], [15, 18], [16, 18], [17, 18], [18, 18], [19, 18], [20, 18], [19, 18], [20, 18], [21, 18]]
[[8, 18], [9, 18], [10, 19], [9, 19], [10, 18], [10, 17], [11, 18], [12, 19], [13, 18], [14, 19], [15, 19], [16, 18], [17, 18], [18, 17], [19, 16], [18, 16], [19, 17], [19, 18], [20, 19], [21, 18]]
[[8, 18], [9, 18], [10, 19], [9, 19], [10, 18], [11, 19], [12, 19], [13, 19], [13, 18], [14, 19], [15, 18], [16, 17], [16, 18], [17, 18], [18, 19], [18, 18], [19, 19], [19, 18], [20, 19], [20, 18], [19, 17], [19, 18], [20, 19], [21, 18]]
[[8, 18], [8, 17], [7, 17], [7, 16], [8, 16], [9, 15], [9, 14], [9, 13], [10, 13], [11, 12], [12, 13], [12, 14], [13, 13], [13, 14], [14, 15], [14, 16], [13, 16], [12, 17], [13, 18], [14, 19], [15, 19], [16, 18], [17, 18], [18, 19], [19, 18], [18, 18], [18, 17], [19, 16], [20, 15], [20, 16], [21, 17], [22, 18], [22, 17], [23, 17], [24, 18], [24, 19], [25, 19], [25, 18], [25, 17], [24, 17], [25, 16], [26, 15], [25, 14], [25, 15], [24, 16], [23, 15], [24, 14], [23, 14], [24, 15], [23, 16], [22, 15], [21, 15], [20, 14], [21, 13], [20, 12], [21, 11], [21, 12], [22, 13], [23, 12], [23, 11], [24, 11], [25, 10], [25, 11], [26, 12], [26, 13], [27, 12], [27, 13], [26, 14], [27, 14], [28, 14], [29, 13], [28, 12], [29, 11], [28, 10], [27, 10], [26, 9], [25, 9], [24, 10], [23, 9], [24, 9], [23, 8], [22, 8], [21, 8], [21, 7], [20, 8], [20, 9], [21, 10], [22, 9], [22, 10], [21, 9], [20, 10], [19, 10], [18, 11], [18, 10], [17, 11], [16, 10], [17, 9], [17, 10], [18, 9], [17, 8], [16, 9], [15, 10], [15, 11], [16, 11], [17, 12], [17, 13], [18, 12], [19, 13], [20, 13], [19, 14], [18, 14], [18, 15], [18, 16], [19, 17], [20, 18], [21, 18]]
