[[1, 13], [2, 12], [3, 13], [4, 14], [5, 15], [6, 16], [7, 16], [8, 15], [9, 15], [10, 14], [11, 13], [12, 13], [13, 13]]
[[1, 13], [2, 14], [3, 14], [4, 14], [5, 13], [6, 14], [7, 15], [8, 14], [9, 15], [10, 14], [11, 14], [12, 13], [13, 13]]
[[1, 13], [2, 12], [3, 13], [4, 14], [5, 15], [6, 16], [7, 16], [8, 15], [9, 15], [10, 14], [11, 13], [12, 13], [13, 13]]
[[1, 13], [2, 13], [3, 13], [4, 14], [5, 15], [6, 16], [7, 15], [8, 14], [9, 15], [10, 16], [11, 15], [12, 14], [13, 13]]
[[1, 13], [2, 14], [3, 15], [4, 16], [5, 17], [6, 18], [7, 17], [8, 16], [9, 15], [10, 15], [11, 15], [12, 14], [13, 13]]
[[1, 13], [2, 13], [3, 13], [4, 13], [5, 14], [6, 15], [7, 15], [8, 15], [9, 15], [10, 16], [11, 15], [12, 14], [13, 13]]
[[1, 13], [2, 13], [3, 14], [4, 15], [5, 16], [6, 17], [7, 17], [8, 16], [9, 15], [10, 16], [11, 15], [12, 14], [13, 13]]
[[1, 13], [2, 13], [3, 13], [4, 12], [5, 11], [6, 12], [7, 12], [8, 12], [9, 11], [10, 11], [11, 11], [12, 12], [13, 13]]
[[1, 13], [2, 14], [3, 15], [4, 16], [5, 17], [6, 16], [7, 16], [8, 15], [9, 15], [10, 14], [11, 13], [12, 14], [13, 13]]
[[1, 13], [2, 13], [3, 13], [4, 12], [5, 12], [6, 13], [7, 12], [8, 13], [9, 13], [10, 12], [11, 13], [12, 12], [13, 13]]
[[1, 13], [2, 14], [3, 15], [4, 16], [5, 17], [6, 18], [7, 17], [8, 16], [9, 15], [10, 14], [11, 15], [12, 15], [13, 14], [13, 13]]
[[1, 13], [2, 14], [3, 14], [4, 15], [5, 15], [6, 14], [7, 13], [8, 13], [9, 13], [9, 12], [10, 11], [11, 12], [12, 13], [13, 13]]
[[1, 13], [2, 14], [3, 15], [4, 16], [5, 15], [6, 15], [7, 15], [8, 16], [9, 17], [9, 16], [10, 15], [11, 15], [12, 14], [13, 13]]
[[1, 13], [2, 14], [3, 14], [4, 15], [5, 16], [6, 15], [7, 15], [8, 14], [8, 13], [9, 12], [10, 11], [11, 12], [12, 13], [13, 13]]
[[1, 13], [2, 14], [3, 15], [4, 15], [5, 16], [6, 16], [6, 17], [7, 16], [8, 16], [9, 15], [10, 16], [11, 16], [12, 15], [12, 14], [13, 13]]
[[1, 13], [2, 14], [3, 14], [3, 15], [3, 14], [4, 15], [5, 16], [6, 15], [6, 14], [7, 15], [8, 16], [8, 17], [9, 17], [10, 16], [11, 15], [12, 14], [13, 13]]
[[1, 13], [2, 14], [3, 15], [4, 15], [3, 14], [3, 15], [4, 15], [5, 16], [6, 16], [7, 15], [8, 15], [9, 15], [10, 15], [11, 14], [10, 14], [11, 14], [12, 14], [13, 13]]
[[1, 13], [2, 14], [3, 14], [4, 15], [5, 16], [6, 16], [7, 16], [7, 17], [6, 16], [6, 17], [7, 17], [8, 16], [9, 15], [10, 14], [11, 13], [11, 12], [12, 13], [13, 13]]
[[1, 13], [2, 13], [3, 14], [3, 15], [3, 16], [3, 17], [4, 16], [5, 15], [6, 16], [7, 16], [8, 15], [9, 16], [10, 15], [11, 16], [10, 15], [11, 14], [12, 14], [13, 13]]
[[1, 13], [2, 14], [3, 15], [2, 16], [3, 16], [3, 17], [4, 16], [5, 17], [6, 17], [7, 17], [8, 17], [9, 16], [10, 16], [11, 15], [12, 14], [13, 14], [14, 14], [14, 13], [13, 13], [12, 13], [13, 12], [13, 13]]
