[[20, 5], [19, 6], [18, 7], [17, 7]]
[[20, 5], [19, 6], [18, 7], [17, 7]]
[[20, 5], [19, 6], [18, 6], [17, 7]]
[[20, 5], [19, 6], [18, 7], [17, 7]]
[[20, 5], [19, 6], [18, 6], [17, 7]]
[[20, 5], [19, 6], [18, 7], [17, 7]]
[[20, 5], [19, 5], [18, 6], [17, 7]]
[[20, 5], [19, 5], [18, 6], [17, 7]]
[[20, 5], [19, 5], [18, 6], [17, 7]]
[[20, 5], [19, 6], [19, 7], [18, 8], [17, 7]]
[[20, 5], [21, 5], [20, 6], [19, 5], [18, 6], [17, 7]]
[[20, 5], [19, 5], [20, 6], [21, 5], [22, 5], [23, 6], [23, 7], [22, 8], [23, 9], [24, 9], [25, 8], [24, 8], [24, 7], [24, 6], [25, 5], [25, 4], [24, 4], [24, 3], [25, 2], [25, 1], [24, 1], [24, 0], [23, 1], [22, 1], [21, 2], [21, 3], [22, 2], [23, 3], [22, 3], [23, 4], [24, 4], [25, 3], [26, 2], [27, 1], [27, 0], [26, 1], [27, 2], [28, 2], [28, 1], [29, 2], [29, 3], [28, 4], [28, 3], [27, 4], [28, 5], [27, 5], [26, 5], [26, 4], [25, 5], [24, 5], [23, 6], [22, 6], [21, 5], [21, 4], [20, 4], [19, 3], [19, 4], [20, 4], [19, 3], [18, 4], [18, 3], [17, 4], [16, 4], [17, 3], [17, 2], [16, 3], [15, 4], [14, 4], [15, 5], [14, 5], [13, 5], [13, 6], [12, 7], [13, 7], [14, 8], [15, 7], [15, 8], [14, 7], [14, 6], [15, 6], [16, 6], [17, 7]]
[[20, 5], [21, 4], [21, 5], [22, 6], [22, 5], [23, 4], [22, 3], [21, 3], [21, 2], [22, 2], [21, 1], [21, 0], [20, 0], [20, 1], [19, 1], [18, 0], [19, 0], [18, 1], [17, 0], [17, 1], [16, 1], [15, 2], [15, 1], [15, 0], [14, 1], [13, 1], [14, 2], [15, 3], [16, 3], [15, 4], [16, 5], [16, 4], [15, 5], [15, 6], [16, 7], [16, 6], [15, 7], [14, 8], [14, 7], [13, 8], [14, 9], [14, 10], [15, 11], [15, 12], [16, 13], [15, 14], [14, 14], [13, 13], [12, 12], [12, 13], [13, 12], [12, 11], [12, 10], [11, 10], [12, 9], [11, 8], [11, 9], [12, 8], [11, 7], [12, 7], [13, 8], [14, 9], [15, 10], [16, 11], [15, 12], [15, 13], [16, 12], [17, 11], [18, 10], [19, 9], [18, 9], [17, 10], [16, 10], [17, 9], [18, 8], [19, 8], [20, 8], [21, 7], [22, 8], [23, 9], [23, 8], [24, 8], [25, 9], [26, 10], [25, 11], [24, 11], [23, 11], [23, 10], [22, 10], [21, 10], [22, 10], [22, 11], [23, 12], [24, 13], [25, 12], [26, 11], [27, 12], [26, 13], [25, 14], [25, 13], [24, 14], [24, 15], [23, 15], [22, 16], [23, 17], [24, 18], [24, 19], [23, 19], [22, 18], [21, 17], [21, 16], [22, 17], [21, 18], [20, 18], [19, 19], [20, 19], [19, 18], [18, 18], [18, 19], [17, 18], [16, 18], [17, 17], [16, 16], [17, 15], [16, 15], [17, 14], [18, 14], [19, 13], [18, 13], [17, 12], [17, 11], [18, 10], [17, 9], [16, 8], [15, 7], [14, 8], [13, 7], [14, 6], [14, 5], [14, 4], [13, 5], [12, 4], [12, 5], [13, 6], [14, 7], [13, 8], [12, 9], [13, 10], [14, 11], [15, 10], [16, 9], [15, 8], [16, 7], [17, 7]]
[[20, 5], [20, 6], [19, 6], [18, 5], [17, 5], [16, 6], [17, 6], [18, 7], [19, 7], [19, 8], [20, 9], [20, 8], [20, 7], [20, 6], [19, 6], [18, 6], [19, 5], [20, 4], [19, 3], [18, 3], [17, 4], [16, 4], [15, 4], [14, 5], [15, 5], [14, 4], [13, 3], [12, 4], [11, 5], [11, 6], [12, 6], [13, 7], [14, 6], [14, 7], [13, 8], [14, 8], [15, 7], [15, 8], [14, 9], [14, 10], [13, 10], [12, 9], [12, 10], [12, 11], [11, 12], [12, 13], [13, 14], [13, 13], [14, 14], [15, 14], [14, 15], [13, 16], [13, 17], [14, 16], [15, 16], [16, 17], [16, 16], [15, 17], [14, 17], [13, 18], [12, 17], [11, 17], [11, 16], [10, 17], [11, 18], [10, 19], [9, 19], [8, 19], [7, 18], [6, 17], [5, 16], [4, 16], [5, 15], [6, 14], [6, 15], [7, 15], [8, 16], [7, 17], [8, 18], [7, 19], [6, 19], [5, 18], [5, 19], [4, 19], [4, 18], [3, 17], [3, 18], [3, 19], [2, 18], [1, 18], [0, 17], [0, 18], [1, 17], [0, 16], [1, 15], [2, 14], [2, 15], [1, 14], [0, 15], [1, 16], [2, 17], [3, 16], [4, 15], [3, 15], [4, 14], [5, 14], [6, 13], [5, 13], [5, 12], [6, 11], [7, 11], [6, 10], [6, 9], [7, 9], [7, 10], [8, 9], [9, 10], [10, 9], [11, 8], [12, 7], [13, 6], [13, 5], [13, 4], [12, 5], [11, 4], [11, 3], [11, 2], [12, 1], [13, 0], [12, 0], [13, 1], [14, 1], [15, 1], [15, 2], [16, 1], [17, 2], [17, 1], [16, 0], [17, 0], [18, 1], [19, 2], [19, 1], [19, 0], [20, 1], [21, 2], [21, 1], [22, 0], [22, 1], [22, 2], [21, 3], [21, 4], [21, 5], [22, 5], [22, 6], [21, 7], [22, 8], [22, 7], [21, 8], [21, 9], [22, 10], [22, 11], [22, 12], [23, 12], [24, 11], [25, 11], [24, 12], [24, 13], [24, 14], [23, 15], [24, 16], [25, 16], [26, 16], [25, 17], [24, 18], [23, 18], [22, 19], [22, 18], [23, 19], [24, 19], [25, 19], [26, 18], [26, 17], [25, 18], [24, 17], [23, 17], [22, 16], [21, 16], [21, 17], [20, 18], [21, 18], [20, 19], [19, 19], [18, 18], [19, 17], [18, 17], [17, 16], [18, 15], [19, 14], [18, 14], [17, 15], [16, 15], [17, 14], [18, 13], [17, 13], [18, 12], [18, 11], [18, 10], [17, 9], [18, 8], [17, 7]]
