[[24, 1], [24, 2], [25, 3], [24, 4]]
[[24, 1], [24, 2], [25, 3], [24, 4]]
[[24, 1], [23, 2], [23, 3], [24, 4]]
[[24, 1], [24, 2], [25, 3], [24, 4]]
[[24, 1], [24, 2], [25, 3], [24, 4]]
[[24, 1], [24, 2], [24, 3], [24, 4]]
[[24, 1], [25, 2], [24, 3], [24, 4]]
[[24, 1], [23, 2], [23, 3], [24, 4]]
[[24, 1], [24, 2], [23, 3], [24, 4]]
[[24, 1], [25, 2], [25, 1], [26, 1], [26, 2], [25, 3], [24, 4]]
[[24, 1], [25, 2], [26, 1], [25, 1], [26, 2], [25, 3], [24, 4]]
[[24, 1], [25, 2], [26, 1], [27, 1], [26, 0], [26, 1], [27, 1], [27, 0], [26, 1], [25, 2], [26, 2], [25, 3], [26, 4], [27, 4], [28, 4], [29, 5], [28, 6], [27, 6], [28, 6], [29, 7], [28, 7], [29, 6], [29, 5], [28, 6], [27, 6], [26, 5], [25, 5], [24, 4]]
