[[0, 19], [1, 19], [2, 18], [3, 19], [4, 19], [5, 18], [6, 18], [7, 17], [8, 16], [9, 17], [10, 18], [11, 19], [12, 19], [13, 19], [14, 18], [15, 17], [16, 17], [17, 17], [18, 17], [19, 17], [20, 18], [21, 19], [22, 19], [23, 19], [24, 19], [25, 18], [26, 18], [27, 17], [28, 18], [28, 19]]
[[0, 19], [1, 19], [2, 19], [3, 19], [4, 19], [5, 18], [6, 17], [7, 16], [8, 16], [9, 17], [10, 18], [11, 19], [12, 18], [13, 17], [14, 18], [15, 18], [16, 18], [17, 17], [18, 17], [19, 17], [20, 17], [21, 17], [22, 17], [23, 16], [24, 17], [25, 17], [26, 18], [27, 17], [28, 18], [28, 19]]
[[0, 19], [1, 19], [2, 19], [3, 19], [4, 18], [5, 17], [6, 18], [7, 17], [8, 18], [9, 19], [10, 19], [11, 18], [12, 18], [13, 17], [14, 16], [15, 17], [16, 18], [17, 18], [18, 18], [19, 18], [20, 18], [21, 18], [22, 17], [23, 16], [24, 17], [25, 17], [26, 17], [27, 17], [28, 18], [28, 19]]
[[0, 19], [1, 19], [2, 18], [3, 18], [4, 18], [5, 19], [6, 18], [7, 18], [8, 17], [9, 17], [10, 17], [11, 18], [12, 19], [13, 18], [14, 18], [15, 18], [16, 18], [17, 18], [18, 18], [19, 19], [20, 18], [21, 17], [22, 17], [23, 18], [24, 17], [25, 17], [26, 16], [27, 17], [28, 18], [28, 19]]
[[0, 19], [1, 19], [2, 18], [3, 19], [4, 19], [5, 18], [6, 18], [7, 17], [8, 16], [9, 17], [10, 18], [11, 19], [12, 19], [13, 19], [14, 18], [15, 17], [16, 17], [17, 17], [18, 17], [19, 17], [20, 18], [21, 19], [22, 19], [23, 19], [24, 19], [25, 18], [26, 18], [27, 17], [28, 18], [28, 19]]
[[0, 19], [1, 19], [2, 18], [3, 18], [4, 19], [5, 19], [6, 19], [7, 18], [8, 17], [9, 18], [10, 18], [11, 18], [12, 17], [13, 17], [14, 17], [15, 16], [16, 17], [17, 18], [18, 17], [19, 18], [20, 17], [21, 16], [22, 17], [23, 18], [24, 17], [25, 18], [26, 18], [27, 17], [28, 18], [28, 19]]
[[0, 19], [1, 19], [2, 18], [3, 19], [4, 18], [5, 18], [6, 17], [7, 18], [8, 19], [9, 19], [10, 18], [11, 18], [12, 18], [13, 17], [14, 18], [15, 18], [16, 17], [17, 18], [18, 17], [19, 18], [20, 18], [21, 19], [22, 19], [23, 18], [24, 17], [25, 18], [26, 18], [27, 17], [28, 18], [28, 19]]
[[0, 19], [1, 19], [2, 19], [3, 18], [4, 17], [5, 17], [6, 16], [7, 17], [8, 17], [9, 18], [10, 17], [11, 18], [12, 18], [13, 18], [14, 18], [15, 17], [16, 17], [17, 18], [18, 17], [19, 16], [20, 16], [21, 17], [22, 17], [23, 17], [24, 17], [25, 17], [26, 17], [27, 17], [28, 18], [28, 19]]
[[0, 19], [1, 19], [2, 19], [3, 19], [4, 18], [5, 19], [6, 19], [7, 18], [8, 19], [9, 18], [10, 19], [11, 19], [12, 18], [13, 19], [14, 18], [15, 17], [16, 17], [17, 17], [18, 18], [19, 18], [20, 18], [21, 17], [22, 16], [23, 16], [24, 17], [25, 17], [26, 17], [27, 17], [28, 18], [28, 19]]
[[0, 19], [1, 19], [2, 19], [3, 19], [4, 18], [5, 17], [6, 18], [7, 17], [8, 17], [9, 16], [10, 17], [11, 16], [12, 15], [13, 16], [14, 17], [15, 18], [16, 18], [17, 18], [18, 18], [19, 19], [20, 18], [21, 17], [22, 17], [23, 18], [24, 17], [25, 17], [26, 16], [27, 17], [28, 18], [28, 19]]
[[0, 19], [1, 19], [2, 18], [3, 19], [4, 18], [5, 17], [6, 16], [7, 17], [8, 16], [9, 15], [10, 15], [11, 16], [12, 17], [13, 17], [14, 17], [15, 16], [16, 17], [17, 18], [18, 18], [19, 17], [20, 18], [21, 19], [22, 18], [23, 17], [24, 17], [25, 17], [26, 17], [27, 17], [28, 18], [28, 19]]
[[0, 19], [1, 19], [2, 18], [3, 17], [4, 18], [5, 17], [6, 16], [7, 16], [8, 16], [9, 15], [10, 16], [11, 16], [12, 16], [13, 16], [14, 17], [15, 17], [16, 16], [17, 17], [18, 17], [19, 16], [20, 16], [21, 16], [22, 17], [23, 18], [24, 17], [25, 17], [26, 18], [27, 17], [28, 18], [28, 19]]
[[0, 19], [1, 19], [2, 19], [3, 18], [4, 17], [5, 17], [6, 16], [7, 16], [8, 16], [9, 17], [10, 16], [11, 16], [12, 16], [13, 16], [14, 15], [15, 16], [16, 16], [17, 16], [18, 17], [19, 17], [20, 18], [21, 17], [22, 17], [23, 16], [24, 17], [25, 18], [26, 18], [27, 17], [28, 18], [28, 19]]
[[0, 19], [1, 19], [2, 19], [3, 19], [4, 18], [5, 18], [6, 19], [7, 19], [8, 18], [9, 19], [10, 18], [11, 18], [12, 19], [13, 18], [14, 18], [15, 18], [16, 18], [17, 17], [18, 17], [19, 16], [20, 16], [21, 15], [22, 15], [23, 16], [24, 17], [25, 18], [26, 18], [27, 17], [28, 18], [28, 19]]
[[0, 19], [1, 19], [2, 19], [3, 18], [4, 18], [5, 18], [6, 18], [7, 18], [8, 17], [9, 18], [10, 18], [11, 19], [12, 18], [13, 19], [14, 18], [15, 18], [16, 17], [17, 18], [18, 18], [19, 19], [20, 18], [21, 18], [22, 18], [23, 17], [24, 16], [25, 17], [26, 17], [27, 17], [28, 18], [28, 19]]
[[0, 19], [1, 19], [2, 18], [3, 18], [4, 18], [5, 17], [6, 18], [7, 17], [8, 16], [8, 17], [9, 16], [10, 17], [11, 18], [12, 19], [13, 19], [14, 19], [15, 18], [16, 18], [17, 18], [18, 19], [19, 18], [20, 18], [21, 18], [22, 18], [23, 19], [24, 19], [25, 19], [25, 18], [25, 17], [26, 18], [27, 17], [28, 18], [28, 19]]
[[0, 19], [1, 19], [2, 18], [2, 19], [3, 19], [3, 18], [4, 19], [5, 18], [6, 18], [6, 17], [7, 18], [8, 18], [9, 17], [10, 18], [11, 18], [12, 17], [13, 18], [14, 17], [15, 18], [16, 19], [17, 18], [18, 18], [19, 17], [20, 17], [21, 18], [22, 17], [23, 17], [24, 17], [25, 18], [26, 18], [26, 17], [27, 17], [28, 16], [27, 17], [28, 17], [29, 18], [28, 19]]
[[0, 19], [0, 18], [1, 17], [2, 18], [2, 17], [3, 17], [4, 16], [5, 17], [4, 17], [5, 17], [6, 17], [6, 16], [7, 17], [8, 18], [9, 18], [10, 18], [11, 18], [12, 19], [12, 18], [13, 18], [14, 17], [14, 18], [14, 19], [15, 18], [16, 17], [17, 18], [18, 17], [18, 18], [19, 17], [20, 16], [21, 17], [22, 18], [23, 17], [24, 17], [25, 18], [24, 19], [25, 18], [24, 17], [25, 18], [26, 18], [27, 17], [28, 17], [29, 18], [28, 18], [28, 19]]
[[0, 19], [1, 19], [2, 19], [3, 18], [4, 17], [5, 17], [6, 17], [6, 16], [6, 17], [7, 18], [8, 17], [9, 16], [10, 16], [10, 17], [9, 16], [8, 16], [9, 15], [9, 16], [10, 17], [11, 18], [12, 18], [13, 19], [14, 18], [15, 19], [16, 19], [17, 18], [18, 17], [19, 17], [20, 18], [21, 17], [20, 18], [21, 18], [21, 19], [22, 18], [22, 19], [23, 18], [24, 19], [25, 18], [26, 18], [25, 19], [26, 18], [27, 17], [28, 17], [29, 17], [29, 18], [29, 19], [28, 19]]
[[0, 19], [1, 19], [2, 18], [3, 18], [4, 17], [4, 18], [4, 17], [5, 18], [5, 17], [4, 18], [5, 18], [5, 17], [6, 16], [7, 17], [8, 17], [9, 18], [10, 19], [11, 19], [12, 18], [13, 17], [14, 18], [15, 18], [14, 17], [15, 16], [15, 17], [16, 18], [17, 19], [18, 18], [19, 19], [18, 18], [19, 18], [18, 19], [19, 19], [20, 18], [21, 18], [21, 19], [22, 18], [21, 19], [22, 18], [23, 18], [23, 17], [24, 16], [25, 17], [26, 17], [25, 17], [25, 18], [25, 19], [24, 19], [25, 19], [26, 18], [27, 17], [28, 18], [29, 19], [28, 19]]
