[[4, 10], [5, 9], [6, 10], [7, 11], [8, 11], [9, 12], [10, 13], [11, 14], [12, 15], [13, 15], [14, 16], [15, 17], [16, 18], [17, 18], [18, 19]]
[[4, 10], [5, 9], [6, 9], [7, 10], [8, 11], [9, 12], [10, 13], [11, 14], [12, 15], [13, 16], [14, 17], [15, 16], [16, 17], [17, 18], [18, 19]]
[[4, 10], [5, 11], [6, 11], [7, 11], [8, 12], [9, 13], [10, 14], [11, 15], [12, 15], [13, 16], [14, 17], [15, 16], [16, 17], [17, 18], [18, 19]]
[[4, 10], [5, 11], [6, 11], [7, 11], [8, 12], [9, 13], [10, 13], [11, 14], [12, 15], [13, 16], [14, 16], [15, 17], [16, 18], [17, 18], [18, 19]]
[[4, 10], [5, 9], [6, 10], [7, 11], [8, 11], [9, 12], [10, 13], [11, 14], [12, 15], [13, 15], [14, 16], [15, 17], [16, 18], [17, 18], [18, 19]]
[[4, 10], [5, 9], [6, 9], [7, 10], [8, 11], [9, 12], [10, 13], [11, 14], [12, 15], [13, 16], [14, 17], [15, 18], [16, 17], [17, 18], [18, 19]]
[[4, 10], [5, 10], [6, 10], [7, 11], [8, 11], [9, 12], [10, 13], [11, 14], [12, 15], [13, 16], [14, 16], [15, 17], [16, 17], [17, 18], [18, 19]]
[[4, 10], [5, 9], [6, 10], [7, 11], [8, 12], [9, 13], [10, 14], [11, 15], [12, 16], [13, 16], [14, 15], [15, 16], [16, 17], [17, 18], [18, 19]]
[[4, 10], [5, 10], [6, 11], [7, 12], [8, 11], [9, 12], [10, 13], [11, 14], [12, 15], [13, 16], [14, 15], [15, 16], [16, 17], [17, 18], [18, 19]]
[[4, 10], [5, 10], [6, 10], [7, 11], [8, 11], [9, 12], [10, 13], [11, 14], [12, 15], [13, 16], [14, 17], [15, 18], [16, 18], [17, 19], [18, 19]]
[[4, 10], [5, 11], [6, 12], [7, 11], [8, 12], [9, 12], [10, 13], [11, 14], [12, 15], [13, 15], [14, 16], [15, 16], [16, 17], [17, 18], [18, 19]]
[[4, 10], [5, 10], [6, 11], [7, 12], [8, 11], [9, 12], [10, 13], [11, 14], [12, 14], [13, 15], [14, 16], [15, 16], [16, 17], [17, 18], [18, 19]]
[[4, 10], [5, 9], [6, 10], [7, 11], [8, 12], [9, 13], [10, 14], [11, 15], [12, 15], [13, 16], [14, 16], [15, 17], [16, 17], [17, 18], [18, 19]]
[[4, 10], [5, 11], [6, 12], [7, 13], [8, 14], [9, 13], [10, 14], [11, 15], [12, 16], [13, 17], [14, 17], [15, 17], [16, 18], [17, 19], [18, 19]]
[[4, 10], [5, 11], [6, 10], [7, 11], [8, 11], [9, 12], [10, 13], [11, 14], [12, 15], [13, 16], [14, 15], [15, 16], [16, 17], [17, 18], [18, 19]]
[[4, 10], [5, 11], [6, 10], [7, 10], [8, 11], [9, 12], [10, 13], [11, 14], [12, 15], [12, 16], [13, 17], [14, 17], [15, 17], [16, 17], [17, 18], [18, 19]]
[[4, 10], [5, 11], [6, 11], [7, 11], [8, 12], [9, 13], [10, 13], [11, 12], [10, 13], [11, 14], [12, 15], [13, 16], [14, 16], [15, 16], [16, 17], [17, 17], [17, 18], [18, 19]]
[[4, 10], [5, 11], [6, 10], [7, 10], [8, 11], [9, 12], [10, 11], [9, 12], [10, 13], [11, 14], [12, 13], [13, 14], [14, 15], [15, 15], [15, 14], [16, 15], [17, 16], [18, 17], [17, 18], [18, 18], [18, 19], [19, 18], [18, 19], [17, 19], [18, 18], [18, 19]]
[[4, 10], [5, 10], [5, 11], [6, 11], [7, 11], [6, 12], [6, 11], [7, 12], [8, 12], [8, 13], [9, 13], [10, 14], [10, 13], [9, 13], [10, 13], [11, 12], [12, 11], [12, 12], [13, 13], [12, 13], [12, 14], [13, 13], [14, 13], [14, 14], [14, 15], [14, 16], [15, 17], [16, 18], [17, 18], [17, 19], [18, 19]]
[[4, 10], [5, 11], [5, 12], [6, 13], [6, 12], [7, 13], [8, 12], [8, 13], [7, 13], [6, 13], [7, 12], [8, 12], [8, 13], [9, 12], [10, 13], [9, 12], [8, 11], [9, 12], [10, 11], [11, 11], [12, 12], [13, 13], [12, 14], [13, 14], [13, 15], [12, 15], [11, 15], [12, 16], [12, 15], [11, 16], [12, 17], [13, 17], [13, 18], [12, 18], [13, 17], [14, 16], [13, 16], [14, 15], [15, 16], [16, 17], [16, 18], [17, 18], [18, 19], [19, 18], [20, 18], [21, 17], [20, 17], [21, 16], [20, 17], [19, 18], [18, 19]]
