[[14, 13], [14, 12], [14, 11], [14, 10], [15, 9], [16, 8], [17, 7], [18, 6], [19, 5], [19, 4], [19, 3], [20, 2], [21, 1]]
[[14, 13], [15, 12], [14, 11], [14, 10], [15, 9], [16, 8], [17, 7], [18, 6], [18, 5], [19, 4], [20, 3], [20, 2], [21, 1]]
[[14, 13], [15, 12], [15, 11], [15, 10], [16, 9], [17, 8], [17, 7], [18, 6], [19, 5], [20, 4], [21, 3], [21, 2], [21, 1]]
[[14, 13], [14, 12], [15, 11], [16, 10], [17, 9], [18, 8], [19, 7], [19, 6], [20, 5], [21, 4], [22, 3], [22, 2], [21, 1]]
[[14, 13], [14, 12], [13, 11], [14, 10], [15, 9], [16, 8], [17, 7], [18, 6], [18, 5], [18, 4], [19, 3], [20, 2], [21, 1]]
[[14, 13], [15, 12], [15, 11], [16, 10], [16, 9], [16, 8], [17, 7], [17, 6], [18, 5], [19, 4], [20, 3], [20, 2], [21, 1]]
[[14, 13], [13, 12], [14, 11], [14, 10], [15, 9], [16, 8], [17, 7], [18, 6], [19, 5], [20, 4], [20, 3], [20, 2], [21, 1]]
[[14, 13], [13, 12], [14, 11], [15, 10], [16, 9], [17, 8], [18, 7], [19, 6], [19, 5], [20, 4], [21, 3], [21, 2], [21, 1]]
[[14, 13], [14, 12], [14, 11], [14, 10], [15, 9], [16, 8], [17, 7], [18, 6], [19, 5], [19, 4], [19, 3], [20, 2], [21, 1]]
[[14, 13], [15, 12], [14, 11], [15, 10], [15, 9], [16, 8], [17, 7], [18, 6], [19, 5], [20, 4], [21, 3], [21, 2], [21, 1]]
[[14, 13], [13, 12], [13, 11], [14, 10], [15, 9], [16, 8], [17, 7], [18, 6], [19, 5], [20, 4], [21, 3], [20, 2], [21, 1]]
[[14, 13], [15, 12], [15, 11], [15, 10], [16, 9], [16, 8], [17, 7], [18, 6], [19, 5], [20, 4], [21, 3], [20, 2], [21, 1]]
[[14, 13], [15, 12], [15, 11], [15, 10], [16, 9], [17, 9], [18, 8], [19, 7], [20, 6], [21, 5], [21, 4], [20, 3], [20, 2], [21, 1]]
[[14, 13], [15, 12], [15, 11], [16, 10], [16, 9], [17, 9], [18, 8], [19, 7], [20, 6], [19, 5], [20, 4], [21, 3], [20, 2], [21, 1]]
[[14, 13], [15, 12], [16, 11], [15, 10], [16, 9], [16, 8], [17, 8], [17, 7], [18, 6], [18, 5], [19, 4], [20, 3], [21, 2], [21, 1]]
[[14, 13], [15, 12], [15, 11], [16, 10], [17, 9], [18, 8], [19, 7], [20, 6], [21, 6], [21, 5], [20, 4], [21, 3], [22, 2], [21, 1]]
[[14, 13], [15, 12], [16, 12], [16, 11], [17, 10], [17, 9], [18, 10], [18, 9], [19, 8], [18, 7], [19, 7], [18, 6], [19, 6], [19, 5], [20, 4], [21, 3], [22, 2], [21, 1]]
[[14, 13], [13, 12], [14, 12], [15, 11], [15, 12], [16, 12], [17, 12], [17, 11], [17, 10], [16, 10], [17, 10], [18, 9], [17, 9], [16, 8], [17, 8], [18, 7], [18, 6], [19, 5], [18, 5], [19, 4], [20, 3], [21, 3], [21, 2], [20, 1], [21, 1]]
[[14, 13], [13, 13], [14, 13], [13, 12], [14, 11], [13, 10], [13, 9], [14, 8], [15, 8], [16, 8], [16, 9], [17, 9], [18, 9], [18, 8], [19, 7], [20, 6], [19, 5], [18, 4], [19, 3], [20, 4], [21, 5], [20, 4], [21, 3], [22, 2], [23, 3], [23, 2], [22, 3], [22, 2], [22, 1], [21, 1], [20, 1], [20, 2], [20, 1], [19, 2], [20, 2], [21, 1]]
