[[12, 18], [13, 19], [14, 18], [15, 18], [16, 17], [17, 16], [18, 17], [19, 16], [20, 15], [21, 14], [22, 13], [23, 13], [24, 12], [24, 11]]
[[12, 18], [13, 17], [14, 17], [15, 17], [16, 17], [17, 17], [18, 16], [19, 16], [20, 15], [21, 14], [22, 13], [23, 13], [24, 12], [24, 11]]
[[12, 18], [13, 17], [14, 18], [15, 17], [16, 17], [17, 16], [18, 15], [19, 15], [20, 14], [21, 13], [22, 12], [22, 11], [23, 11], [24, 11]]
[[12, 18], [13, 19], [14, 18], [15, 18], [16, 17], [17, 16], [18, 17], [19, 16], [20, 15], [21, 14], [22, 13], [23, 13], [24, 12], [24, 11]]
[[12, 18], [13, 19], [14, 19], [15, 18], [16, 17], [17, 16], [18, 15], [19, 15], [20, 14], [21, 13], [22, 12], [23, 11], [24, 12], [24, 11]]
[[12, 18], [13, 19], [14, 19], [15, 18], [16, 19], [17, 18], [18, 17], [19, 16], [20, 15], [21, 14], [22, 13], [23, 13], [24, 12], [24, 11]]
[[12, 18], [13, 17], [14, 16], [15, 17], [16, 18], [17, 17], [18, 16], [19, 15], [20, 15], [21, 14], [22, 13], [23, 13], [24, 12], [24, 11]]
[[12, 18], [13, 18], [14, 17], [15, 18], [16, 18], [17, 17], [18, 16], [19, 16], [20, 16], [21, 15], [22, 15], [23, 14], [23, 13], [24, 12], [24, 11]]
[[12, 18], [13, 17], [14, 18], [15, 17], [15, 18], [16, 17], [17, 16], [18, 15], [19, 15], [20, 16], [21, 15], [22, 15], [23, 14], [24, 13], [25, 12], [25, 11], [25, 12], [24, 11]]
[[12, 18], [13, 19], [14, 19], [14, 18], [15, 17], [15, 16], [16, 17], [17, 16], [18, 16], [19, 15], [20, 16], [21, 16], [22, 15], [23, 16], [24, 15], [23, 14], [24, 13], [24, 12], [24, 11]]
[[12, 18], [12, 17], [13, 17], [14, 18], [15, 18], [14, 17], [15, 18], [16, 18], [17, 19], [18, 19], [18, 18], [19, 17], [20, 17], [21, 17], [22, 17], [22, 16], [23, 15], [24, 14], [25, 13], [24, 13], [24, 12], [24, 11]]
[[12, 18], [13, 18], [14, 17], [13, 17], [13, 16], [14, 16], [15, 17], [15, 18], [16, 19], [17, 18], [16, 18], [15, 18], [16, 17], [17, 17], [18, 18], [19, 17], [20, 18], [20, 17], [20, 16], [21, 16], [21, 15], [22, 16], [23, 15], [23, 14], [22, 13], [22, 12], [23, 13], [24, 14], [23, 13], [24, 12], [25, 12], [24, 11]]
[[12, 18], [13, 18], [12, 19], [13, 18], [14, 18], [14, 19], [14, 18], [13, 18], [12, 18], [13, 17], [14, 17], [15, 18], [16, 18], [16, 17], [17, 17], [18, 16], [19, 17], [19, 18], [20, 17], [21, 18], [20, 18], [20, 17], [21, 17], [22, 18], [23, 18], [22, 19], [21, 18], [22, 17], [22, 16], [22, 15], [23, 14], [24, 15], [25, 14], [26, 14], [26, 15], [26, 16], [27, 16], [27, 15], [26, 14], [27, 13], [28, 14], [29, 13], [28, 14], [29, 14], [29, 13], [29, 12], [28, 13], [27, 13], [28, 12], [27, 11], [27, 10], [26, 9], [26, 8], [25, 9], [24, 10], [25, 11], [24, 11]]
[[12, 18], [11, 17], [10, 17], [10, 18], [9, 17], [9, 16], [10, 15], [11, 16], [11, 15], [12, 14], [12, 15], [13, 16], [12, 15], [13, 15], [12, 14], [11, 13], [12, 12], [13, 11], [14, 12], [15, 11], [15, 10], [16, 9], [15, 8], [15, 7], [16, 8], [15, 9], [16, 10], [17, 9], [17, 10], [16, 11], [17, 11], [17, 12], [16, 12], [15, 12], [15, 13], [14, 13], [13, 13], [13, 12], [14, 11], [14, 10], [13, 9], [13, 10], [12, 10], [11, 11], [11, 10], [11, 9], [11, 8], [12, 7], [13, 6], [13, 7], [14, 8], [14, 7], [14, 6], [15, 6], [16, 5], [16, 4], [17, 3], [18, 2], [19, 1], [20, 0], [20, 1], [20, 2], [21, 3], [22, 4], [21, 4], [20, 3], [19, 3], [18, 4], [17, 5], [17, 4], [18, 5], [19, 4], [19, 5], [20, 5], [21, 5], [22, 5], [22, 6], [21, 7], [22, 7], [23, 7], [23, 8], [22, 9], [23, 10], [22, 11], [21, 10], [20, 10], [21, 9], [20, 8], [19, 9], [18, 10], [18, 9], [18, 8], [18, 7], [19, 7], [19, 8], [20, 9], [19, 10], [20, 11], [20, 12], [21, 11], [21, 12], [22, 12], [23, 11], [24, 12], [25, 13], [25, 12], [26, 11], [27, 10], [28, 9], [29, 9], [28, 10], [27, 9], [26, 9], [25, 9], [24, 10], [25, 10], [26, 10], [27, 11], [26, 12], [25, 11], [24, 11]]
