[[13, 16], [12, 16], [11, 17], [10, 18], [9, 19], [8, 19], [7, 19], [6, 18]]
[[13, 16], [12, 17], [11, 18], [10, 18], [9, 18], [8, 19], [7, 18], [6, 18]]
[[13, 16], [12, 16], [11, 17], [10, 17], [9, 17], [8, 17], [7, 18], [6, 18]]
[[13, 16], [12, 17], [11, 16], [10, 16], [9, 17], [8, 16], [7, 17], [6, 18]]
[[13, 16], [12, 17], [11, 18], [10, 17], [9, 18], [8, 19], [7, 18], [6, 18]]
[[13, 16], [12, 17], [11, 17], [10, 18], [9, 19], [8, 19], [7, 18], [6, 18]]
[[13, 16], [12, 17], [11, 18], [10, 18], [9, 19], [8, 19], [7, 18], [6, 18]]
[[13, 16], [12, 17], [11, 18], [10, 18], [9, 18], [8, 17], [7, 18], [6, 18]]
[[13, 16], [12, 16], [11, 17], [10, 18], [9, 19], [8, 19], [7, 19], [6, 18]]
[[13, 16], [12, 17], [11, 18], [10, 18], [9, 17], [8, 16], [8, 17], [7, 18], [6, 17], [6, 18]]
[[13, 16], [12, 17], [13, 18], [12, 18], [12, 19], [11, 18], [10, 18], [9, 19], [8, 19], [7, 18], [6, 18]]
[[13, 16], [13, 17], [12, 17], [11, 18], [10, 18], [9, 18], [9, 17], [8, 16], [7, 16], [6, 17], [6, 18]]
[[13, 16], [12, 17], [12, 16], [11, 17], [10, 17], [11, 16], [10, 16], [9, 17], [10, 18], [9, 18], [8, 17], [9, 18], [8, 19], [7, 19], [6, 18]]
[[13, 16], [13, 17], [13, 18], [13, 19], [14, 18], [13, 19], [13, 18], [12, 17], [12, 18], [11, 17], [10, 18], [9, 18], [8, 19], [7, 18], [7, 19], [6, 18]]
[[13, 16], [12, 16], [12, 17], [11, 17], [10, 18], [9, 18], [10, 18], [11, 18], [12, 17], [11, 17], [10, 16], [9, 17], [10, 18], [10, 19], [9, 18], [8, 19], [7, 18], [6, 18]]
