[[17, 18], [17, 17], [18, 16], [17, 15], [16, 14], [15, 13], [14, 12], [13, 11]]
[[17, 18], [17, 17], [17, 16], [16, 15], [16, 14], [15, 13], [14, 12], [13, 11]]
[[17, 18], [16, 17], [17, 16], [17, 15], [16, 14], [15, 13], [14, 12], [13, 11]]
[[17, 18], [17, 17], [18, 16], [17, 15], [16, 14], [15, 13], [14, 12], [13, 11]]
[[17, 18], [16, 17], [15, 16], [16, 15], [16, 14], [15, 13], [14, 12], [13, 11]]
[[17, 18], [17, 17], [18, 16], [17, 15], [16, 14], [15, 13], [14, 12], [13, 11]]
[[17, 18], [18, 17], [17, 16], [16, 15], [16, 14], [15, 13], [14, 12], [13, 11]]
[[17, 18], [17, 17], [17, 16], [16, 15], [15, 14], [15, 13], [14, 12], [13, 11]]
[[17, 18], [17, 17], [17, 16], [16, 15], [15, 14], [15, 13], [14, 12], [13, 11]]
[[17, 18], [16, 17], [15, 16], [16, 15], [16, 14], [15, 13], [14, 12], [13, 11]]
[[17, 18], [17, 17], [16, 16], [15, 16], [14, 15], [15, 14], [15, 13], [14, 12], [13, 11]]
[[17, 18], [17, 17], [18, 16], [18, 15], [17, 15], [16, 14], [15, 13], [14, 12], [13, 11]]
[[17, 18], [18, 17], [17, 16], [16, 15], [15, 14], [16, 13], [15, 12], [14, 11], [13, 11]]
[[17, 18], [17, 17], [18, 16], [18, 15], [17, 15], [16, 14], [15, 13], [14, 12], [13, 11]]
[[17, 18], [16, 18], [17, 17], [17, 16], [16, 15], [17, 15], [16, 14], [15, 13], [14, 12], [13, 11]]
[[17, 18], [17, 17], [16, 16], [17, 16], [18, 15], [17, 14], [16, 13], [15, 12], [14, 12], [13, 11]]
[[17, 18], [17, 17], [16, 16], [17, 16], [18, 15], [17, 14], [16, 13], [15, 12], [14, 12], [13, 11]]
[[17, 18], [17, 17], [16, 17], [17, 16], [18, 15], [17, 15], [16, 14], [15, 13], [14, 12], [13, 11]]
[[17, 18], [18, 18], [19, 18], [19, 17], [20, 18], [21, 19], [22, 18], [23, 17], [24, 18], [24, 17], [25, 16], [24, 16], [25, 15], [26, 15], [25, 15], [24, 14], [23, 13], [23, 12], [24, 12], [24, 11], [23, 12], [22, 11], [22, 10], [21, 11], [22, 12], [21, 12], [20, 12], [20, 13], [19, 14], [20, 13], [20, 14], [20, 15], [20, 16], [21, 17], [20, 17], [21, 16], [20, 15], [21, 15], [20, 15], [20, 14], [19, 13], [18, 12], [18, 11], [18, 10], [19, 11], [18, 11], [17, 12], [16, 12], [15, 11], [14, 12], [13, 11], [13, 10], [12, 10], [13, 9], [12, 8], [13, 8], [13, 9], [14, 9], [13, 8], [13, 9], [14, 10], [14, 11], [13, 11]]
[[17, 18], [16, 18], [15, 18], [16, 19], [16, 18], [16, 17], [15, 16], [16, 15], [17, 15], [18, 14], [19, 15], [20, 14], [21, 13], [21, 12], [22, 11], [21, 10], [20, 9], [19, 8], [18, 8], [18, 7], [17, 6], [18, 5], [19, 4], [20, 4], [21, 5], [20, 4], [21, 3], [22, 4], [21, 5], [22, 4], [22, 3], [23, 2], [24, 3], [25, 3], [26, 4], [27, 5], [26, 5], [27, 4], [28, 3], [28, 2], [28, 1], [28, 0], [29, 1], [28, 0], [28, 1], [27, 0], [28, 0], [27, 1], [26, 1], [26, 2], [26, 1], [27, 1], [28, 2], [27, 3], [26, 3], [25, 2], [25, 1], [26, 1], [25, 0], [24, 1], [23, 0], [23, 1], [22, 1], [22, 0], [21, 0], [20, 1], [19, 1], [20, 0], [19, 1], [18, 0], [17, 1], [17, 0], [16, 1], [15, 2], [14, 2], [13, 3], [12, 2], [12, 1], [11, 1], [10, 1], [11, 1], [10, 1], [9, 2], [8, 1], [7, 0], [7, 1], [7, 0], [6, 1], [5, 1], [5, 2], [6, 3], [5, 3], [4, 2], [5, 3], [6, 3], [7, 3], [7, 4], [6, 5], [6, 6], [7, 7], [7, 6], [6, 7], [6, 8], [7, 9], [7, 10], [6, 11], [5, 10], [4, 9], [5, 10], [4, 10], [4, 11], [3, 11], [4, 10], [3, 10], [2, 11], [2, 12], [1, 13], [0, 13], [1, 12], [1, 13], [2, 12], [3, 12], [3, 13], [4, 14], [5, 14], [6, 14], [7, 14], [8, 13], [7, 13], [7, 14], [8, 15], [7, 15], [7, 14], [8, 13], [9, 13], [10, 13], [9, 12], [8, 13], [8, 12], [7, 13], [6, 13], [7, 12], [6, 11], [7, 10], [8, 9], [9, 9], [8, 9], [9, 8], [10, 7], [9, 8], [8, 8], [9, 7], [8, 8], [7, 9], [6, 10], [6, 11], [6, 10], [6, 11], [5, 10], [5, 9], [4, 8], [5, 7], [6, 6], [6, 5], [7, 4], [6, 4], [7, 5], [7, 6], [8, 6], [8, 7], [9, 8], [8, 8], [9, 9], [10, 8], [10, 9], [11, 10], [10, 11], [11, 11], [12, 11], [12, 10], [11, 9], [12, 8], [13, 9], [14, 10], [15, 10], [16, 11], [17, 12], [18, 11], [18, 10], [17, 11], [16, 10], [15, 11], [14, 11], [15, 12], [14, 12], [13, 13], [13, 12], [13, 11]]
