[[23, 8], [22, 9], [21, 8], [20, 8], [19, 9], [18, 10], [17, 10], [16, 11], [15, 12], [14, 13], [13, 14], [12, 15], [11, 14]]
[[23, 8], [22, 9], [21, 8], [20, 8], [19, 7], [18, 7], [17, 8], [16, 9], [15, 10], [14, 11], [13, 12], [12, 13], [11, 14]]
[[23, 8], [22, 7], [21, 8], [20, 7], [19, 8], [18, 9], [17, 8], [16, 9], [15, 10], [14, 11], [13, 12], [12, 13], [11, 14]]
[[23, 8], [22, 7], [21, 8], [20, 7], [19, 8], [18, 9], [17, 8], [16, 9], [15, 10], [14, 11], [13, 12], [12, 13], [11, 14]]
[[23, 8], [22, 9], [21, 8], [20, 8], [19, 9], [18, 9], [17, 10], [16, 10], [15, 11], [14, 12], [13, 12], [12, 13], [11, 14]]
[[23, 8], [22, 7], [21, 6], [20, 7], [19, 8], [18, 9], [17, 10], [16, 9], [15, 10], [14, 11], [13, 12], [12, 13], [11, 14]]
[[23, 8], [22, 9], [21, 8], [20, 8], [19, 9], [18, 10], [17, 10], [16, 11], [15, 12], [14, 13], [13, 14], [12, 15], [11, 14]]
[[23, 8], [22, 7], [21, 7], [20, 8], [19, 8], [18, 9], [17, 10], [16, 10], [15, 10], [14, 11], [13, 12], [12, 13], [11, 14]]
[[23, 8], [22, 7], [21, 8], [20, 8], [19, 9], [18, 9], [17, 10], [16, 11], [15, 12], [14, 11], [13, 12], [12, 13], [11, 14]]
[[23, 8], [22, 9], [21, 8], [20, 8], [19, 9], [18, 10], [17, 10], [16, 11], [15, 12], [14, 11], [13, 12], [12, 13], [11, 14]]
[[23, 8], [22, 9], [21, 8], [20, 7], [19, 8], [18, 9], [17, 10], [16, 10], [15, 11], [14, 12], [13, 13], [12, 13], [11, 14]]
[[23, 8], [22, 7], [22, 6], [21, 7], [20, 8], [19, 8], [18, 9], [17, 10], [16, 11], [15, 11], [14, 12], [13, 12], [12, 13], [11, 14]]
[[23, 8], [22, 7], [21, 8], [20, 8], [19, 8], [18, 9], [17, 10], [16, 11], [15, 12], [14, 13], [13, 13], [13, 12], [12, 13], [11, 14]]
[[23, 8], [22, 7], [21, 7], [21, 8], [20, 8], [19, 9], [18, 9], [17, 8], [16, 9], [15, 10], [14, 11], [13, 12], [12, 13], [11, 14]]
[[23, 8], [22, 7], [21, 8], [20, 7], [20, 8], [19, 9], [18, 10], [17, 11], [16, 12], [15, 13], [15, 12], [14, 12], [14, 13], [13, 14], [12, 13], [11, 14]]
[[23, 8], [22, 9], [21, 8], [21, 7], [20, 8], [19, 8], [18, 9], [17, 8], [16, 8], [17, 9], [16, 9], [15, 10], [14, 11], [13, 12], [13, 13], [12, 14], [11, 14]]
[[23, 8], [22, 7], [21, 8], [20, 7], [19, 8], [18, 9], [17, 9], [18, 9], [17, 10], [16, 9], [15, 10], [14, 11], [13, 12], [12, 13], [11, 14], [10, 14], [10, 15], [11, 14]]
[[23, 8], [22, 7], [21, 8], [20, 7], [20, 8], [19, 9], [18, 9], [17, 8], [16, 9], [15, 10], [14, 9], [13, 10], [12, 10], [11, 10], [12, 11], [11, 12], [12, 13], [11, 14]]
[[23, 8], [23, 9], [22, 10], [21, 11], [20, 12], [20, 11], [19, 12], [18, 12], [17, 12], [16, 11], [16, 10], [15, 11], [14, 11], [13, 12], [12, 11], [13, 12], [12, 13], [11, 14]]
[[23, 8], [23, 9], [23, 10], [22, 9], [23, 9], [22, 10], [23, 11], [22, 11], [21, 12], [22, 12], [23, 12], [22, 13], [21, 14], [20, 15], [19, 15], [19, 14], [18, 15], [19, 16], [20, 16], [19, 16], [18, 17], [18, 16], [17, 15], [16, 15], [15, 16], [14, 15], [13, 14], [13, 15], [12, 14], [11, 15], [11, 14]]
