[[8, 15], [9, 16], [10, 15], [11, 14], [12, 13], [13, 12], [14, 11], [15, 10], [16, 9], [17, 8], [18, 7], [19, 8], [20, 8]]
[[8, 15], [9, 15], [10, 14], [11, 13], [12, 12], [13, 12], [14, 11], [15, 10], [16, 9], [17, 9], [18, 8], [19, 9], [20, 8]]
[[8, 15], [9, 15], [10, 14], [11, 13], [12, 12], [13, 11], [14, 10], [15, 9], [16, 8], [17, 7], [18, 7], [19, 7], [20, 8]]
[[8, 15], [9, 15], [10, 14], [11, 13], [12, 12], [13, 11], [14, 10], [15, 10], [16, 9], [17, 8], [18, 8], [19, 8], [20, 8]]
[[8, 15], [9, 15], [10, 14], [11, 13], [12, 12], [13, 12], [14, 11], [15, 11], [16, 12], [17, 11], [18, 10], [19, 9], [20, 8]]
[[8, 15], [9, 15], [10, 14], [11, 13], [12, 12], [13, 12], [14, 11], [15, 10], [16, 9], [17, 9], [18, 10], [19, 9], [20, 8]]
[[8, 15], [9, 15], [10, 14], [11, 14], [12, 13], [13, 12], [14, 11], [15, 10], [16, 9], [17, 8], [18, 8], [19, 8], [20, 8]]
[[8, 15], [9, 15], [10, 14], [11, 14], [12, 13], [13, 12], [14, 11], [15, 11], [16, 10], [17, 9], [18, 10], [19, 9], [20, 8]]
[[8, 15], [9, 16], [10, 15], [11, 14], [12, 13], [13, 12], [14, 11], [15, 10], [16, 9], [17, 8], [18, 7], [19, 8], [20, 8]]
[[8, 15], [9, 15], [10, 15], [11, 14], [12, 13], [13, 12], [14, 11], [15, 10], [16, 10], [17, 10], [17, 9], [18, 10], [19, 9], [20, 8]]
[[8, 15], [9, 16], [9, 15], [10, 14], [11, 13], [12, 12], [13, 11], [14, 11], [15, 10], [16, 10], [17, 9], [18, 10], [19, 9], [20, 8]]
[[8, 15], [9, 15], [10, 14], [11, 13], [12, 12], [13, 12], [14, 12], [15, 13], [15, 12], [16, 11], [15, 10], [16, 9], [17, 8], [18, 8], [19, 7], [20, 8]]
[[8, 15], [9, 15], [10, 14], [10, 13], [10, 12], [11, 12], [11, 13], [12, 13], [12, 12], [13, 11], [14, 11], [13, 11], [14, 10], [15, 10], [16, 9], [17, 8], [18, 7], [19, 8], [19, 7], [20, 6], [21, 6], [22, 7], [21, 7], [20, 8]]
[[8, 15], [8, 14], [9, 15], [10, 14], [10, 13], [11, 13], [12, 12], [13, 12], [13, 13], [14, 13], [14, 12], [15, 11], [16, 12], [17, 13], [16, 13], [17, 12], [18, 12], [17, 11], [18, 11], [19, 11], [18, 10], [19, 9], [19, 10], [20, 11], [21, 10], [21, 9], [20, 9], [19, 8], [20, 8]]
[[8, 15], [7, 16], [6, 17], [6, 18], [5, 19], [5, 18], [4, 19], [4, 18], [4, 19], [5, 18], [6, 17], [6, 16], [6, 15], [7, 16], [6, 16], [5, 17], [4, 17], [3, 17], [2, 16], [1, 15], [2, 15], [2, 14], [3, 14], [4, 13], [5, 13], [5, 14], [5, 15], [6, 14], [7, 13], [7, 14], [6, 15], [5, 16], [6, 17], [6, 18], [6, 19], [7, 19], [7, 18], [8, 17], [9, 18], [10, 19], [11, 18], [12, 18], [11, 17], [11, 16], [11, 15], [12, 15], [13, 14], [13, 13], [12, 12], [13, 11], [13, 12], [14, 12], [14, 13], [15, 13], [14, 14], [15, 14], [16, 14], [17, 14], [17, 13], [18, 14], [19, 13], [20, 12], [20, 11], [19, 10], [20, 9], [21, 8], [20, 8]]
[[8, 15], [7, 16], [6, 15], [5, 15], [4, 14], [5, 14], [6, 13], [7, 14], [7, 13], [8, 14], [7, 15], [6, 14], [5, 13], [6, 12], [6, 11], [6, 10], [5, 11], [5, 10], [4, 11], [4, 12], [3, 13], [2, 13], [1, 13], [1, 14], [0, 13], [1, 12], [0, 13], [0, 12], [1, 13], [1, 14], [0, 14], [1, 15], [0, 16], [1, 17], [2, 16], [3, 16], [4, 17], [5, 16], [4, 15], [5, 14], [6, 13], [7, 14], [6, 14], [5, 15], [4, 14], [3, 15], [3, 14], [3, 13], [2, 12], [3, 11], [3, 12], [4, 12], [4, 11], [5, 12], [6, 12], [7, 11], [8, 11], [9, 10], [8, 9], [7, 8], [7, 9], [7, 10], [6, 9], [6, 10], [5, 10], [4, 9], [3, 8], [2, 8], [3, 7], [4, 8], [5, 9], [4, 10], [3, 10], [2, 9], [2, 10], [1, 11], [0, 11], [1, 10], [1, 9], [0, 8], [1, 8], [2, 7], [1, 6], [0, 7], [1, 7], [2, 6], [3, 5], [2, 5], [1, 4], [2, 4], [1, 3], [2, 2], [1, 1], [0, 1], [0, 0], [1, 0], [2, 0], [3, 0], [4, 1], [4, 0], [5, 0], [6, 0], [6, 1], [7, 2], [8, 1], [9, 0], [10, 1], [10, 0], [11, 1], [10, 2], [9, 1], [8, 0], [7, 0], [7, 1], [6, 2], [5, 2], [5, 3], [4, 4], [3, 3], [2, 3], [3, 2], [4, 3], [3, 4], [4, 5], [4, 6], [3, 6], [4, 7], [5, 7], [6, 6], [5, 5], [6, 4], [6, 3], [7, 4], [8, 3], [8, 2], [9, 2], [10, 3], [11, 2], [11, 3], [12, 2], [13, 2], [14, 1], [13, 1], [14, 2], [13, 3], [13, 4], [12, 4], [12, 3], [11, 4], [10, 4], [9, 5], [8, 4], [8, 5], [7, 6], [8, 7], [9, 7], [10, 6], [11, 7], [12, 7], [13, 7], [12, 6], [13, 6], [14, 7], [15, 6], [14, 5], [15, 4], [16, 3], [15, 2], [15, 3], [16, 4], [17, 5], [18, 6], [19, 5], [19, 4], [20, 3], [19, 3], [19, 2], [20, 1], [21, 0], [22, 1], [23, 2], [22, 2], [21, 1], [22, 0], [23, 0], [24, 0], [25, 0], [26, 1], [26, 0], [27, 1], [27, 2], [28, 2], [28, 3], [28, 4], [29, 5], [29, 4], [28, 5], [27, 5], [28, 6], [29, 7], [28, 7], [27, 8], [26, 9], [25, 9], [24, 10], [23, 9], [22, 9], [21, 8], [22, 8], [22, 7], [22, 6], [23, 7], [24, 7], [24, 6], [25, 7], [26, 8], [25, 8], [24, 9], [23, 10], [22, 11], [21, 12], [20, 13], [19, 13], [20, 14], [21, 14], [22, 15], [23, 16], [24, 17], [25, 16], [25, 17], [24, 16], [24, 15], [25, 14], [25, 15], [24, 14], [24, 13], [23, 14], [23, 13], [22, 14], [21, 15], [22, 16], [23, 17], [23, 18], [24, 19], [25, 18], [25, 19], [26, 19], [27, 19], [28, 18], [27, 18], [27, 17], [27, 16], [28, 15], [28, 14], [28, 13], [29, 12], [29, 13], [28, 12], [29, 11], [28, 11], [27, 11], [27, 10], [26, 11], [25, 11], [25, 10], [24, 11], [25, 12], [26, 13], [25, 13], [24, 12], [23, 11], [22, 10], [21, 10], [20, 9], [19, 10], [20, 11], [19, 12], [18, 13], [18, 14], [19, 15], [19, 16], [20, 16], [19, 17], [19, 18], [19, 19], [20, 18], [20, 17], [21, 16], [20, 15], [19, 14], [18, 15], [17, 14], [17, 15], [16, 14], [15, 13], [14, 13], [14, 14], [13, 15], [12, 15], [11, 14], [10, 14], [11, 13], [11, 12], [10, 13], [9, 12], [9, 11], [10, 10], [10, 9], [11, 9], [12, 9], [13, 8], [14, 8], [15, 8], [16, 8], [17, 9], [16, 10], [16, 11], [17, 12], [16, 13], [15, 12], [16, 12], [17, 13], [18, 12], [18, 11], [18, 10], [19, 9], [20, 8]]
