[[2, 9], [3, 8], [4, 8], [5, 9], [6, 10], [7, 11], [8, 10], [9, 9], [10, 10], [11, 11], [12, 11], [13, 10], [14, 10], [15, 9], [16, 8], [17, 8], [18, 8], [19, 8], [20, 8], [21, 9], [22, 8], [23, 8], [24, 7], [25, 6], [26, 7]]
[[2, 9], [3, 10], [4, 9], [5, 9], [6, 10], [7, 10], [8, 11], [9, 11], [10, 10], [11, 10], [12, 9], [13, 9], [14, 8], [15, 7], [16, 8], [17, 9], [18, 9], [19, 8], [20, 9], [21, 8], [22, 8], [23, 8], [24, 8], [25, 7], [26, 7]]
[[2, 9], [3, 10], [4, 10], [5, 11], [6, 10], [7, 10], [8, 10], [9, 11], [10, 10], [11, 9], [12, 9], [13, 9], [14, 8], [15, 8], [16, 7], [17, 8], [18, 9], [19, 8], [20, 8], [21, 8], [22, 7], [23, 8], [24, 7], [25, 6], [26, 7]]
[[2, 9], [3, 10], [4, 10], [5, 11], [6, 10], [7, 10], [8, 9], [9, 9], [10, 8], [11, 9], [12, 9], [13, 10], [14, 10], [15, 9], [16, 8], [17, 9], [18, 8], [19, 8], [20, 8], [21, 7], [22, 8], [23, 7], [24, 6], [25, 6], [26, 7]]
[[2, 9], [3, 8], [4, 8], [5, 9], [6, 10], [7, 11], [8, 10], [9, 9], [10, 10], [11, 11], [12, 11], [13, 10], [14, 10], [15, 9], [16, 8], [17, 8], [18, 8], [19, 8], [20, 8], [21, 9], [22, 8], [23, 8], [24, 7], [25, 6], [26, 7]]
[[2, 9], [3, 10], [4, 10], [5, 9], [6, 10], [7, 9], [8, 9], [9, 9], [10, 10], [11, 11], [12, 10], [13, 9], [14, 8], [15, 7], [16, 8], [17, 9], [18, 8], [19, 8], [20, 8], [21, 9], [22, 8], [23, 8], [24, 8], [25, 8], [26, 7]]
[[2, 9], [3, 10], [4, 10], [5, 10], [6, 10], [7, 10], [8, 9], [9, 9], [10, 8], [11, 9], [12, 9], [13, 9], [14, 8], [15, 8], [16, 8], [17, 9], [18, 8], [19, 8], [20, 9], [21, 8], [22, 8], [23, 8], [24, 7], [25, 8], [26, 7]]
[[2, 9], [3, 10], [4, 10], [5, 9], [6, 10], [7, 11], [8, 11], [9, 11], [10, 12], [11, 11], [12, 10], [13, 9], [14, 8], [15, 9], [16, 10], [17, 9], [18, 9], [19, 8], [20, 8], [21, 8], [22, 7], [23, 8], [24, 8], [25, 7], [26, 7]]
[[2, 9], [3, 10], [4, 10], [5, 11], [6, 10], [7, 9], [8, 10], [9, 9], [10, 10], [11, 9], [12, 8], [13, 9], [14, 10], [15, 9], [16, 10], [17, 9], [18, 10], [19, 10], [20, 9], [21, 8], [22, 9], [23, 8], [24, 8], [25, 8], [26, 7]]
[[2, 9], [3, 10], [4, 11], [5, 10], [6, 11], [7, 10], [8, 9], [9, 9], [10, 10], [11, 10], [12, 10], [13, 9], [14, 8], [15, 8], [16, 7], [17, 7], [18, 8], [19, 8], [20, 9], [21, 9], [22, 8], [23, 7], [24, 6], [25, 7], [26, 7]]
[[2, 9], [3, 10], [4, 10], [5, 11], [6, 11], [7, 10], [8, 10], [9, 11], [10, 12], [11, 11], [12, 10], [13, 9], [14, 8], [15, 9], [16, 8], [17, 9], [18, 8], [19, 8], [20, 8], [21, 7], [22, 8], [23, 8], [24, 7], [25, 7], [26, 7]]
[[2, 9], [3, 10], [4, 10], [5, 10], [6, 10], [7, 10], [8, 9], [9, 9], [10, 8], [11, 9], [12, 9], [13, 9], [14, 8], [15, 9], [16, 8], [17, 7], [18, 7], [19, 8], [20, 9], [21, 9], [22, 8], [23, 9], [24, 9], [25, 8], [26, 7]]
[[2, 9], [3, 8], [4, 9], [5, 10], [6, 10], [7, 9], [8, 9], [9, 10], [10, 10], [11, 9], [12, 9], [13, 9], [14, 8], [15, 8], [16, 8], [17, 7], [18, 8], [19, 8], [20, 9], [21, 8], [22, 8], [23, 8], [24, 7], [25, 8], [26, 7]]
[[2, 9], [3, 10], [4, 10], [5, 10], [6, 11], [7, 10], [8, 10], [9, 11], [10, 10], [11, 9], [12, 9], [13, 8], [14, 8], [15, 8], [16, 8], [17, 8], [18, 9], [19, 8], [20, 9], [21, 8], [22, 9], [23, 9], [24, 8], [25, 8], [26, 7]]
[[2, 9], [3, 10], [4, 9], [5, 9], [6, 10], [7, 9], [8, 8], [9, 8], [10, 7], [11, 8], [12, 9], [13, 8], [14, 7], [15, 6], [16, 7], [17, 8], [18, 8], [19, 8], [20, 9], [21, 9], [22, 8], [23, 7], [24, 6], [25, 6], [26, 7]]
[[2, 9], [3, 10], [4, 10], [5, 9], [6, 10], [7, 10], [8, 10], [9, 10], [10, 10], [11, 9], [12, 10], [13, 9], [14, 8], [15, 9], [16, 8], [17, 9], [18, 8], [19, 8], [20, 8], [21, 8], [22, 7], [23, 8], [24, 8], [25, 8], [26, 7]]
[[2, 9], [3, 10], [4, 10], [5, 9], [6, 10], [7, 10], [8, 9], [9, 10], [10, 10], [11, 9], [12, 9], [13, 9], [14, 10], [15, 9], [16, 8], [17, 8], [18, 8], [19, 8], [20, 8], [21, 9], [22, 8], [23, 8], [24, 8], [25, 8], [26, 7]]
[[2, 9], [3, 10], [4, 11], [5, 10], [6, 10], [7, 9], [8, 10], [9, 9], [10, 10], [11, 10], [11, 9], [12, 8], [13, 7], [14, 7], [15, 6], [16, 6], [16, 7], [16, 8], [17, 9], [18, 8], [19, 8], [20, 9], [19, 8], [20, 9], [21, 10], [22, 10], [23, 10], [24, 9], [25, 8], [26, 7]]
[[2, 9], [3, 8], [4, 9], [5, 9], [6, 10], [7, 9], [8, 8], [9, 9], [10, 8], [11, 9], [10, 8], [11, 8], [12, 7], [13, 6], [14, 5], [15, 5], [15, 6], [16, 7], [17, 7], [17, 6], [17, 7], [18, 7], [19, 8], [20, 9], [21, 8], [22, 8], [23, 7], [24, 8], [25, 8], [26, 7]]
[[2, 9], [3, 8], [4, 9], [5, 10], [6, 11], [7, 12], [6, 13], [6, 12], [7, 12], [6, 11], [7, 10], [7, 9], [8, 10], [9, 10], [10, 10], [11, 11], [12, 12], [11, 11], [12, 10], [12, 11], [13, 10], [14, 10], [15, 11], [16, 10], [17, 9], [18, 8], [19, 8], [20, 9], [20, 10], [21, 11], [22, 10], [23, 9], [23, 8], [24, 7], [25, 7], [26, 8], [27, 7], [26, 7]]
