[[14, 10], [14, 11], [13, 12], [14, 13], [15, 14], [15, 15], [16, 16]]
[[14, 10], [15, 11], [16, 12], [15, 13], [16, 14], [16, 15], [16, 16]]
[[14, 10], [13, 11], [14, 12], [15, 13], [16, 14], [15, 15], [16, 16]]
[[14, 10], [15, 11], [15, 12], [15, 13], [16, 14], [16, 15], [16, 16]]
[[14, 10], [14, 11], [13, 12], [14, 13], [15, 14], [15, 15], [16, 16]]
[[14, 10], [15, 11], [14, 12], [14, 13], [15, 14], [15, 15], [16, 16]]
[[14, 10], [15, 11], [14, 12], [14, 13], [15, 14], [16, 15], [16, 16]]
[[14, 10], [15, 11], [15, 12], [15, 13], [15, 14], [15, 15], [16, 16]]
[[14, 10], [14, 11], [14, 12], [15, 13], [16, 14], [17, 15], [16, 16]]
[[14, 10], [15, 11], [15, 12], [15, 13], [16, 14], [16, 15], [16, 16]]
[[14, 10], [13, 11], [13, 12], [14, 13], [15, 14], [16, 15], [16, 16]]
[[14, 10], [15, 10], [16, 11], [16, 12], [17, 13], [16, 14], [17, 15], [16, 16]]
[[14, 10], [13, 11], [14, 11], [15, 12], [15, 13], [16, 14], [17, 15], [16, 16]]
[[14, 10], [15, 10], [14, 11], [15, 11], [16, 12], [17, 13], [16, 14], [17, 15], [16, 16]]
[[14, 10], [14, 11], [15, 12], [15, 13], [16, 13], [17, 14], [17, 15], [16, 15], [16, 16]]
[[14, 10], [15, 11], [14, 12], [15, 13], [16, 13], [15, 14], [15, 15], [15, 16], [16, 16]]
[[14, 10], [13, 9], [12, 9], [11, 9], [12, 10], [13, 11], [13, 12], [12, 13], [13, 14], [12, 15], [13, 16], [12, 16], [13, 16], [14, 16], [15, 16], [16, 16]]
[[14, 10], [14, 9], [15, 8], [16, 9], [17, 8], [17, 9], [18, 10], [18, 9], [19, 8], [18, 7], [18, 6], [17, 7], [18, 8], [19, 7], [20, 8], [20, 9], [21, 8], [22, 8], [22, 9], [22, 10], [21, 9], [20, 10], [20, 11], [19, 12], [20, 13], [21, 14], [20, 15], [20, 14], [19, 13], [18, 13], [18, 14], [17, 14], [16, 15], [15, 15], [16, 16]]
