[[20, 0], [20, 1], [20, 2], [19, 3]]
[[20, 0], [19, 1], [20, 2], [19, 3]]
[[20, 0], [20, 1], [19, 2], [19, 3]]
[[20, 0], [20, 1], [20, 2], [19, 3]]
[[20, 0], [19, 1], [18, 2], [19, 3]]
[[20, 0], [19, 1], [19, 2], [19, 3]]
[[20, 0], [19, 1], [20, 2], [19, 3]]
[[20, 0], [20, 1], [20, 2], [19, 3]]
[[20, 0], [19, 1], [19, 2], [18, 3], [17, 3], [18, 4], [19, 3]]
[[20, 0], [19, 0], [20, 1], [19, 2], [20, 1], [21, 2], [20, 3], [19, 3]]
[[20, 0], [19, 0], [18, 0], [18, 1], [19, 2], [20, 2], [20, 3], [21, 2], [21, 1], [22, 0], [21, 0], [20, 1], [19, 1], [18, 2], [19, 3]]
