[[20, 13], [21, 12], [22, 12], [23, 12], [24, 13], [25, 14], [26, 13], [27, 13], [28, 12], [29, 11]]
[[20, 13], [21, 12], [22, 12], [23, 12], [24, 13], [25, 14], [26, 13], [27, 13], [28, 12], [29, 11]]
[[20, 13], [21, 14], [22, 13], [23, 14], [24, 13], [25, 12], [26, 11], [27, 12], [28, 11], [29, 11]]
[[20, 13], [21, 13], [22, 14], [23, 14], [24, 15], [25, 14], [26, 13], [27, 12], [28, 11], [29, 11]]
[[20, 13], [21, 12], [22, 11], [23, 10], [24, 10], [25, 11], [26, 10], [27, 9], [28, 10], [29, 11]]
[[20, 13], [21, 14], [22, 13], [23, 14], [24, 13], [25, 14], [26, 13], [27, 13], [28, 12], [29, 11]]
[[20, 13], [21, 12], [22, 12], [23, 12], [24, 13], [25, 12], [26, 11], [27, 10], [28, 11], [29, 11]]
[[20, 13], [21, 13], [22, 13], [23, 14], [24, 13], [25, 13], [26, 14], [27, 13], [28, 12], [29, 11]]
[[20, 13], [21, 13], [22, 14], [23, 14], [24, 13], [25, 14], [26, 14], [27, 13], [28, 12], [29, 11]]
[[20, 13], [21, 12], [22, 13], [23, 14], [24, 14], [25, 13], [26, 13], [27, 12], [28, 11], [29, 11]]
[[20, 13], [21, 12], [22, 12], [23, 12], [24, 13], [25, 14], [26, 13], [27, 13], [28, 12], [29, 11]]
[[20, 13], [21, 12], [22, 12], [21, 12], [22, 12], [22, 11], [23, 11], [24, 11], [25, 12], [26, 12], [27, 12], [28, 12], [29, 11]]
[[20, 13], [21, 14], [21, 15], [22, 14], [23, 15], [24, 16], [24, 15], [23, 16], [22, 15], [23, 15], [22, 14], [23, 14], [23, 13], [24, 14], [25, 13], [26, 12], [27, 13], [28, 14], [28, 15], [29, 14], [28, 15], [28, 14], [27, 13], [28, 13], [28, 12], [29, 11]]
[[20, 13], [20, 14], [21, 13], [22, 13], [23, 14], [22, 13], [22, 12], [21, 12], [22, 11], [22, 10], [23, 9], [23, 10], [24, 9], [23, 9], [24, 8], [24, 9], [25, 8], [25, 9], [25, 10], [25, 11], [26, 12], [27, 11], [28, 12], [29, 11], [28, 12], [29, 11]]
[[20, 13], [21, 13], [21, 14], [22, 13], [22, 14], [23, 15], [22, 15], [23, 14], [24, 13], [25, 14], [26, 13], [27, 14], [28, 13], [28, 14], [29, 15], [29, 16], [28, 17], [29, 17], [28, 18], [29, 19], [29, 18], [28, 19], [27, 19], [26, 19], [25, 18], [25, 19], [24, 19], [24, 18], [23, 19], [23, 18], [22, 18], [22, 19], [21, 18], [21, 19], [20, 18], [20, 19], [19, 19], [18, 19], [17, 18], [18, 18], [17, 19], [16, 19], [15, 19], [14, 18], [15, 18], [15, 17], [14, 16], [13, 16], [13, 17], [12, 17], [11, 16], [11, 15], [12, 14], [13, 15], [13, 14], [12, 13], [13, 13], [14, 12], [15, 13], [16, 14], [15, 14], [14, 13], [13, 12], [13, 11], [12, 12], [11, 12], [10, 12], [9, 13], [8, 14], [8, 13], [7, 12], [8, 11], [9, 10], [10, 10], [10, 11], [9, 12], [10, 13], [11, 14], [10, 15], [9, 15], [8, 15], [7, 16], [8, 17], [8, 18], [7, 18], [7, 19], [6, 19], [6, 18], [6, 17], [5, 17], [4, 16], [3, 15], [2, 14], [1, 15], [0, 14], [1, 13], [0, 12], [1, 11], [2, 12], [2, 13], [3, 13], [4, 14], [5, 13], [5, 14], [5, 15], [4, 15], [3, 16], [3, 17], [2, 16], [1, 17], [1, 16], [0, 16], [0, 17], [1, 18], [2, 17], [2, 18], [3, 19], [4, 18], [4, 19], [5, 19], [5, 18], [4, 17], [5, 16], [6, 15], [7, 15], [7, 14], [7, 13], [6, 12], [7, 11], [8, 10], [7, 9], [7, 8], [8, 9], [9, 9], [9, 8], [8, 7], [8, 6], [9, 7], [10, 7], [11, 7], [11, 8], [12, 7], [13, 6], [14, 7], [14, 6], [13, 7], [12, 8], [12, 9], [13, 8], [14, 8], [14, 9], [13, 10], [13, 9], [14, 10], [14, 11], [15, 12], [16, 13], [17, 12], [18, 11], [18, 10], [17, 10], [18, 9], [17, 9], [16, 9], [15, 9], [15, 8], [16, 7], [15, 7], [15, 6], [16, 5], [15, 4], [15, 5], [16, 4], [16, 3], [17, 2], [16, 2], [15, 2], [16, 1], [16, 0], [17, 1], [18, 0], [19, 0], [19, 1], [18, 2], [19, 3], [20, 2], [21, 3], [22, 3], [22, 2], [21, 2], [20, 1], [21, 1], [22, 1], [21, 0], [22, 0], [23, 0], [24, 0], [23, 1], [24, 1], [25, 0], [26, 1], [27, 2], [28, 1], [27, 1], [26, 0], [25, 1], [25, 2], [24, 2], [25, 3], [24, 4], [24, 3], [23, 3], [22, 4], [23, 4], [24, 5], [25, 6], [26, 6], [27, 7], [28, 6], [28, 5], [27, 4], [28, 3], [28, 4], [27, 3], [26, 4], [25, 5], [26, 5], [27, 5], [27, 6], [28, 7], [28, 8], [29, 9], [28, 9], [27, 8], [26, 7], [25, 8], [24, 9], [25, 9], [26, 10], [27, 10], [28, 10], [27, 11], [28, 12], [29, 11]]
