[[1, 18], [2, 18], [3, 18], [4, 19], [5, 19], [6, 18], [7, 19], [8, 18], [9, 17], [10, 16], [11, 16], [12, 15], [13, 15], [14, 15], [15, 16], [16, 15], [17, 16], [18, 16], [19, 17], [20, 18], [21, 18], [22, 17], [23, 17], [24, 17], [25, 17], [26, 16], [27, 15], [28, 14]]
[[1, 18], [2, 18], [3, 17], [4, 18], [5, 17], [6, 18], [7, 19], [8, 18], [9, 17], [10, 17], [11, 16], [12, 16], [13, 15], [14, 14], [15, 15], [16, 16], [17, 16], [18, 17], [19, 16], [20, 16], [21, 15], [22, 14], [23, 13], [24, 13], [25, 14], [26, 15], [27, 15], [28, 14]]
[[1, 18], [2, 17], [3, 17], [4, 16], [5, 17], [6, 16], [7, 15], [8, 15], [9, 16], [10, 15], [11, 14], [12, 14], [13, 15], [14, 15], [15, 16], [16, 17], [17, 16], [18, 16], [19, 15], [20, 15], [21, 14], [22, 15], [23, 14], [24, 15], [25, 14], [26, 13], [27, 13], [28, 14]]
[[1, 18], [2, 18], [3, 18], [4, 19], [5, 19], [6, 18], [7, 19], [8, 18], [9, 17], [10, 16], [11, 16], [12, 15], [13, 15], [14, 15], [15, 16], [16, 15], [17, 16], [18, 16], [19, 17], [20, 18], [21, 18], [22, 17], [23, 17], [24, 17], [25, 17], [26, 16], [27, 15], [28, 14]]
[[1, 18], [2, 18], [3, 17], [4, 17], [5, 18], [6, 17], [7, 18], [8, 19], [9, 18], [10, 17], [11, 17], [12, 16], [13, 17], [14, 16], [15, 15], [16, 15], [17, 16], [18, 16], [19, 17], [20, 18], [21, 18], [22, 17], [23, 16], [24, 17], [25, 16], [26, 16], [27, 15], [28, 14]]
[[1, 18], [2, 18], [3, 17], [4, 18], [5, 17], [6, 17], [7, 17], [8, 18], [9, 17], [10, 17], [11, 16], [12, 16], [13, 17], [14, 16], [15, 17], [16, 17], [17, 18], [18, 17], [19, 17], [20, 16], [21, 17], [22, 17], [23, 17], [24, 17], [25, 17], [26, 16], [27, 15], [28, 14]]
[[1, 18], [2, 17], [3, 18], [4, 17], [5, 18], [6, 19], [7, 18], [8, 17], [9, 16], [10, 15], [11, 16], [12, 15], [13, 15], [14, 16], [15, 16], [16, 17], [17, 16], [18, 15], [19, 14], [20, 13], [21, 14], [22, 15], [23, 14], [24, 13], [25, 14], [26, 15], [27, 14], [28, 14]]
[[1, 18], [2, 17], [3, 16], [4, 17], [5, 17], [6, 17], [7, 18], [8, 17], [9, 16], [10, 16], [11, 15], [12, 16], [13, 17], [14, 16], [15, 16], [16, 15], [17, 14], [18, 14], [19, 13], [20, 13], [21, 14], [22, 14], [23, 14], [24, 14], [25, 14], [26, 14], [27, 15], [28, 14]]
[[1, 18], [2, 19], [3, 19], [4, 18], [5, 18], [6, 17], [7, 16], [8, 16], [9, 16], [10, 17], [11, 17], [12, 16], [13, 17], [14, 17], [15, 16], [16, 15], [17, 16], [18, 15], [19, 16], [20, 15], [21, 14], [22, 15], [23, 16], [24, 16], [25, 17], [26, 16], [27, 15], [28, 14]]
[[1, 18], [2, 19], [3, 18], [4, 17], [5, 16], [6, 17], [7, 18], [8, 19], [9, 18], [10, 17], [11, 17], [12, 16], [13, 15], [14, 15], [15, 14], [16, 15], [17, 16], [18, 16], [19, 16], [20, 17], [21, 17], [22, 17], [23, 16], [24, 15], [25, 15], [26, 15], [27, 14], [28, 14]]
[[1, 18], [2, 18], [3, 17], [4, 16], [5, 17], [6, 18], [7, 18], [8, 17], [9, 17], [10, 17], [11, 16], [12, 15], [13, 14], [14, 15], [15, 16], [16, 17], [17, 16], [18, 17], [19, 16], [20, 15], [21, 15], [22, 14], [23, 14], [24, 14], [25, 15], [26, 16], [27, 15], [28, 14]]
[[1, 18], [2, 18], [3, 17], [4, 16], [5, 17], [6, 17], [7, 17], [8, 16], [8, 15], [9, 16], [8, 17], [9, 17], [10, 16], [11, 17], [12, 16], [13, 17], [14, 18], [15, 17], [16, 17], [17, 18], [18, 17], [19, 17], [20, 16], [21, 15], [22, 15], [23, 14], [24, 14], [25, 15], [26, 14], [27, 13], [28, 14]]
[[1, 18], [2, 18], [3, 17], [4, 18], [5, 18], [6, 18], [7, 19], [8, 19], [9, 18], [10, 17], [11, 16], [12, 15], [13, 15], [14, 15], [15, 15], [16, 16], [17, 16], [18, 17], [19, 17], [19, 16], [20, 17], [21, 17], [22, 18], [23, 19], [24, 18], [25, 18], [25, 17], [26, 16], [26, 15], [27, 15], [28, 14]]
[[1, 18], [2, 18], [3, 18], [4, 19], [5, 18], [6, 18], [7, 19], [8, 18], [9, 18], [10, 17], [10, 16], [11, 15], [12, 14], [13, 15], [14, 14], [15, 15], [16, 15], [17, 14], [18, 15], [19, 15], [20, 16], [21, 15], [22, 16], [22, 17], [23, 17], [23, 16], [24, 15], [25, 15], [26, 14], [27, 14], [28, 14]]
[[1, 18], [2, 18], [3, 19], [4, 18], [5, 17], [6, 18], [7, 18], [8, 17], [8, 16], [9, 15], [9, 16], [10, 17], [11, 16], [12, 16], [13, 15], [14, 16], [15, 15], [16, 16], [17, 16], [18, 17], [19, 16], [20, 16], [21, 15], [21, 14], [22, 15], [23, 14], [24, 15], [24, 14], [25, 13], [26, 12], [27, 13], [28, 14]]
[[1, 18], [2, 17], [3, 16], [4, 16], [5, 16], [5, 17], [6, 18], [7, 18], [8, 18], [9, 17], [9, 18], [10, 17], [11, 16], [12, 16], [13, 15], [14, 16], [15, 15], [16, 15], [17, 16], [18, 16], [19, 17], [19, 18], [19, 19], [20, 18], [21, 17], [22, 18], [22, 17], [23, 16], [24, 15], [24, 14], [25, 13], [26, 14], [27, 14], [28, 14], [29, 13], [28, 14]]
[[1, 18], [2, 17], [3, 16], [4, 17], [5, 17], [6, 18], [7, 19], [8, 19], [8, 18], [8, 17], [7, 17], [8, 17], [9, 18], [10, 17], [11, 17], [12, 16], [13, 17], [14, 16], [15, 16], [16, 15], [17, 16], [16, 17], [17, 18], [18, 18], [19, 19], [20, 19], [21, 18], [22, 17], [22, 16], [23, 17], [23, 16], [24, 15], [25, 15], [26, 15], [26, 14], [27, 13], [28, 14]]
[[1, 18], [2, 17], [3, 16], [4, 17], [5, 18], [4, 17], [5, 18], [6, 19], [7, 19], [8, 19], [8, 18], [9, 17], [10, 17], [11, 16], [12, 15], [13, 15], [14, 15], [15, 16], [16, 17], [17, 16], [18, 16], [19, 15], [20, 16], [21, 16], [21, 17], [22, 18], [22, 17], [21, 16], [22, 15], [22, 14], [23, 14], [24, 15], [24, 14], [25, 14], [26, 14], [27, 13], [28, 14]]
[[1, 18], [2, 17], [3, 17], [4, 16], [5, 17], [6, 16], [7, 17], [8, 18], [9, 19], [9, 18], [10, 17], [11, 17], [10, 16], [10, 15], [11, 15], [12, 15], [13, 15], [14, 15], [15, 16], [16, 16], [17, 16], [18, 16], [19, 17], [20, 17], [21, 16], [22, 15], [23, 16], [22, 15], [21, 15], [22, 15], [23, 14], [24, 15], [24, 14], [25, 15], [25, 14], [26, 14], [27, 14], [28, 14]]
[[1, 18], [2, 17], [3, 17], [4, 17], [5, 17], [4, 17], [5, 17], [6, 18], [7, 18], [8, 18], [9, 19], [9, 18], [10, 17], [9, 17], [10, 16], [10, 15], [11, 16], [12, 16], [13, 15], [14, 16], [15, 17], [16, 17], [17, 18], [18, 17], [18, 16], [19, 16], [20, 17], [21, 18], [20, 18], [20, 19], [21, 19], [22, 19], [22, 18], [23, 17], [22, 16], [23, 16], [24, 15], [24, 16], [25, 17], [26, 17], [27, 16], [28, 17], [27, 17], [28, 16], [29, 15], [28, 14]]
