[[26, 0], [26, 1], [25, 2], [25, 3], [24, 4], [24, 5], [23, 6], [22, 7], [21, 8], [20, 9]]
[[26, 0], [26, 1], [26, 2], [25, 3], [25, 4], [24, 5], [23, 6], [22, 7], [21, 8], [20, 9]]
[[26, 0], [27, 1], [26, 2], [25, 3], [25, 4], [24, 5], [23, 6], [22, 7], [21, 8], [20, 9]]
[[26, 0], [27, 1], [26, 2], [25, 3], [25, 4], [24, 5], [23, 6], [22, 7], [21, 8], [20, 9]]
[[26, 0], [26, 1], [25, 2], [25, 3], [25, 4], [24, 5], [23, 6], [22, 7], [21, 8], [20, 9]]
[[26, 0], [27, 1], [26, 2], [25, 3], [25, 4], [24, 5], [23, 6], [22, 7], [21, 8], [20, 9]]
[[26, 0], [26, 1], [25, 2], [25, 3], [24, 4], [24, 5], [23, 6], [22, 7], [21, 8], [20, 9]]
[[26, 0], [26, 1], [25, 2], [24, 3], [25, 4], [24, 5], [23, 6], [22, 7], [21, 8], [20, 9]]
[[26, 0], [26, 1], [25, 2], [24, 3], [25, 4], [24, 5], [23, 6], [22, 7], [21, 8], [20, 9]]
[[26, 0], [26, 1], [26, 2], [25, 3], [24, 4], [24, 5], [23, 6], [22, 7], [21, 8], [20, 9]]
[[26, 0], [26, 1], [26, 2], [25, 3], [24, 4], [24, 5], [23, 6], [22, 7], [21, 8], [20, 9]]
[[26, 0], [26, 1], [25, 2], [24, 3], [23, 4], [22, 5], [22, 6], [21, 7], [20, 8], [20, 9]]
[[26, 0], [26, 1], [25, 2], [25, 3], [25, 4], [24, 5], [23, 6], [22, 7], [21, 8], [20, 9]]
[[26, 0], [26, 1], [26, 2], [25, 3], [25, 4], [24, 5], [23, 6], [22, 7], [21, 8], [20, 9]]
[[26, 0], [27, 1], [26, 2], [25, 3], [25, 4], [24, 5], [24, 6], [23, 7], [22, 8], [21, 8], [20, 9]]
[[26, 0], [26, 1], [26, 2], [25, 3], [24, 4], [25, 5], [24, 6], [23, 6], [22, 7], [21, 8], [20, 9]]
[[26, 0], [27, 0], [26, 1], [25, 2], [24, 3], [24, 4], [24, 5], [24, 6], [24, 5], [23, 6], [22, 7], [21, 8], [20, 9]]
[[26, 0], [27, 1], [28, 2], [29, 2], [28, 3], [27, 4], [26, 4], [26, 5], [25, 6], [24, 7], [23, 7], [22, 8], [21, 8], [20, 8], [21, 8], [20, 9]]
[[26, 0], [27, 1], [28, 2], [28, 3], [29, 4], [29, 5], [28, 6], [27, 6], [26, 7], [25, 6], [24, 7], [23, 7], [22, 7], [22, 6], [23, 7], [22, 6], [23, 6], [22, 7], [21, 8], [20, 9]]
[[26, 0], [27, 0], [26, 1], [25, 2], [25, 3], [25, 4], [25, 5], [25, 4], [24, 5], [23, 4], [22, 5], [22, 4], [22, 5], [21, 6], [21, 7], [20, 6], [20, 7], [20, 8], [19, 9], [20, 9]]
