[[9, 15], [10, 14], [11, 13], [12, 12], [13, 11], [14, 10], [15, 9], [16, 8], [17, 7], [18, 6], [19, 5], [20, 4], [21, 3], [21, 2], [22, 1]]
[[9, 15], [10, 14], [11, 13], [12, 12], [13, 11], [14, 10], [15, 9], [16, 8], [17, 7], [18, 6], [19, 5], [20, 4], [21, 3], [21, 2], [22, 1]]
[[9, 15], [10, 14], [11, 13], [12, 12], [13, 11], [14, 10], [15, 9], [16, 8], [16, 7], [17, 6], [18, 5], [19, 4], [20, 3], [21, 2], [22, 1]]
[[9, 15], [10, 14], [11, 13], [12, 12], [13, 11], [14, 10], [15, 9], [16, 8], [17, 7], [17, 6], [18, 5], [19, 4], [20, 3], [21, 2], [22, 1]]
[[9, 15], [10, 14], [11, 13], [12, 12], [13, 11], [14, 10], [15, 9], [16, 8], [17, 7], [18, 6], [19, 5], [20, 4], [21, 3], [21, 2], [22, 1]]
[[9, 15], [10, 14], [11, 13], [12, 12], [13, 11], [14, 10], [15, 9], [16, 8], [17, 7], [18, 6], [19, 5], [20, 4], [21, 3], [22, 2], [22, 1]]
[[9, 15], [10, 14], [11, 13], [12, 12], [13, 11], [14, 10], [15, 9], [16, 8], [17, 7], [17, 6], [18, 5], [19, 4], [20, 3], [21, 2], [22, 1]]
[[9, 15], [10, 14], [11, 13], [12, 12], [13, 11], [14, 10], [15, 9], [16, 8], [16, 7], [17, 6], [18, 5], [19, 4], [20, 3], [21, 2], [22, 1]]
[[9, 15], [9, 14], [10, 14], [11, 13], [12, 12], [13, 11], [14, 10], [15, 9], [16, 8], [16, 7], [17, 6], [18, 5], [19, 4], [20, 3], [21, 2], [22, 1]]
[[9, 15], [10, 14], [10, 13], [11, 13], [12, 12], [13, 11], [14, 10], [15, 9], [16, 8], [17, 7], [18, 7], [18, 6], [19, 5], [19, 4], [20, 3], [20, 2], [21, 2], [22, 1]]
[[9, 15], [9, 14], [10, 13], [11, 12], [12, 11], [13, 11], [14, 10], [15, 9], [15, 8], [16, 7], [16, 6], [17, 5], [18, 4], [17, 5], [18, 4], [19, 3], [20, 3], [21, 2], [22, 1]]
[[9, 15], [10, 14], [11, 14], [12, 14], [12, 13], [12, 12], [12, 11], [12, 10], [13, 9], [13, 8], [14, 8], [15, 7], [16, 6], [17, 5], [18, 4], [19, 3], [20, 2], [21, 1], [21, 0], [22, 1]]
[[9, 15], [8, 15], [9, 14], [10, 13], [11, 12], [12, 11], [12, 10], [13, 9], [14, 8], [15, 7], [14, 6], [15, 5], [16, 5], [17, 4], [17, 3], [17, 2], [18, 1], [19, 0], [20, 1], [21, 0], [22, 1]]
[[9, 15], [10, 15], [11, 14], [11, 13], [12, 12], [13, 11], [14, 10], [15, 9], [15, 8], [15, 9], [15, 8], [14, 8], [15, 7], [16, 6], [17, 5], [18, 4], [19, 5], [20, 4], [21, 3], [21, 2], [22, 1]]
[[9, 15], [9, 16], [9, 15], [8, 14], [8, 13], [7, 14], [6, 13], [7, 12], [8, 11], [9, 10], [10, 9], [9, 9], [10, 9], [11, 9], [11, 8], [12, 7], [13, 6], [14, 7], [15, 6], [16, 5], [15, 4], [16, 3], [17, 3], [18, 2], [19, 1], [20, 2], [21, 1], [21, 2], [22, 1]]
[[9, 15], [9, 14], [8, 14], [8, 13], [8, 12], [9, 12], [8, 11], [9, 11], [9, 10], [10, 11], [10, 10], [11, 9], [12, 8], [13, 7], [12, 7], [13, 8], [14, 7], [14, 8], [15, 7], [16, 7], [16, 8], [17, 7], [18, 6], [17, 7], [18, 6], [18, 5], [19, 4], [20, 4], [20, 3], [21, 2], [20, 1], [21, 0], [22, 1]]
[[9, 15], [9, 16], [9, 15], [8, 14], [8, 15], [9, 14], [8, 14], [9, 13], [10, 12], [11, 11], [10, 10], [9, 11], [9, 10], [10, 10], [11, 9], [12, 9], [12, 8], [13, 8], [13, 7], [14, 6], [15, 7], [15, 6], [16, 5], [15, 4], [15, 3], [16, 2], [17, 1], [16, 0], [17, 0], [17, 1], [18, 1], [17, 0], [18, 0], [18, 1], [19, 1], [20, 1], [20, 0], [21, 0], [22, 0], [21, 1], [22, 1]]
[[9, 15], [8, 14], [8, 15], [9, 15], [9, 14], [9, 15], [10, 14], [11, 13], [12, 14], [12, 13], [12, 14], [12, 13], [13, 14], [14, 13], [15, 12], [16, 12], [17, 11], [18, 12], [19, 12], [18, 11], [19, 12], [20, 12], [20, 13], [21, 12], [20, 13], [19, 13], [20, 13], [21, 12], [21, 13], [21, 14], [22, 13], [22, 12], [23, 12], [22, 12], [23, 11], [22, 10], [23, 9], [24, 8], [23, 8], [24, 8], [24, 7], [25, 6], [26, 5], [26, 6], [26, 5], [27, 6], [27, 5], [28, 5], [29, 4], [29, 5], [29, 4], [28, 3], [27, 4], [26, 3], [25, 2], [24, 1], [23, 0], [24, 1], [24, 2], [25, 1], [24, 1], [23, 0], [23, 1], [22, 1], [23, 0], [22, 1]]
[[9, 15], [8, 14], [9, 13], [8, 13], [8, 14], [7, 13], [6, 13], [6, 14], [5, 13], [6, 13], [6, 14], [6, 15], [7, 16], [6, 17], [5, 17], [6, 16], [7, 17], [6, 18], [5, 18], [6, 19], [5, 19], [6, 18], [6, 17], [6, 16], [6, 15], [5, 14], [5, 13], [5, 12], [4, 13], [3, 12], [4, 11], [4, 12], [5, 12], [4, 11], [4, 10], [5, 9], [6, 9], [7, 8], [8, 9], [8, 8], [9, 9], [10, 9], [11, 9], [12, 8], [12, 7], [11, 7], [11, 6], [12, 5], [11, 6], [10, 5], [11, 5], [12, 4], [13, 3], [14, 4], [15, 5], [15, 6], [14, 7], [14, 8], [15, 7], [15, 6], [15, 7], [16, 8], [17, 7], [16, 7], [15, 6], [16, 5], [17, 6], [18, 6], [19, 5], [20, 4], [20, 3], [21, 3], [22, 2], [21, 3], [21, 2], [22, 1]]
[[9, 15], [9, 14], [10, 13], [10, 14], [11, 13], [10, 12], [9, 13], [9, 12], [8, 12], [8, 13], [8, 14], [7, 14], [6, 13], [5, 12], [4, 12], [5, 13], [5, 14], [5, 15], [6, 15], [6, 14], [7, 13], [6, 12], [7, 11], [8, 10], [8, 9], [8, 8], [9, 7], [9, 8], [9, 9], [10, 9], [9, 10], [10, 11], [11, 12], [12, 11], [12, 12], [13, 11], [12, 10], [11, 9], [10, 8], [11, 8], [12, 9], [11, 10], [11, 11], [10, 10], [9, 11], [8, 11], [7, 10], [6, 10], [5, 11], [4, 11], [3, 10], [2, 10], [2, 9], [2, 8], [3, 8], [3, 9], [4, 10], [5, 9], [5, 8], [6, 8], [7, 8], [6, 7], [5, 7], [4, 7], [4, 6], [3, 7], [3, 6], [4, 5], [5, 5], [6, 6], [6, 5], [5, 4], [4, 4], [4, 3], [3, 4], [2, 4], [1, 5], [2, 6], [1, 7], [2, 7], [1, 6], [0, 5], [1, 4], [0, 4], [1, 3], [0, 3], [1, 2], [2, 3], [3, 3], [2, 2], [3, 2], [4, 1], [4, 2], [3, 1], [3, 0], [4, 0], [5, 1], [6, 2], [5, 2], [6, 3], [7, 3], [8, 3], [9, 3], [8, 4], [9, 5], [10, 6], [10, 7], [11, 7], [12, 8], [13, 9], [14, 8], [15, 8], [15, 7], [16, 7], [17, 7], [17, 8], [16, 9], [15, 10], [14, 10], [15, 9], [16, 10], [16, 11], [17, 10], [17, 11], [16, 12], [15, 13], [16, 13], [16, 14], [15, 15], [16, 15], [17, 16], [18, 17], [19, 18], [18, 18], [19, 19], [18, 19], [17, 18], [18, 18], [17, 19], [16, 18], [16, 17], [16, 16], [17, 17], [18, 16], [19, 17], [20, 18], [20, 17], [21, 16], [22, 17], [21, 17], [20, 16], [20, 15], [20, 14], [20, 13], [19, 13], [19, 14], [19, 15], [18, 15], [17, 14], [16, 15], [17, 16], [18, 17], [19, 18], [19, 19], [20, 19], [21, 18], [22, 18], [22, 19], [23, 18], [24, 18], [24, 19], [25, 18], [26, 18], [27, 17], [28, 18], [27, 19], [28, 19], [29, 19], [29, 18], [28, 17], [28, 16], [29, 15], [28, 15], [27, 15], [26, 16], [27, 16], [26, 15], [26, 14], [25, 14], [25, 13], [24, 12], [25, 11], [24, 11], [25, 10], [24, 9], [23, 9], [24, 10], [25, 9], [26, 8], [27, 8], [27, 9], [28, 8], [29, 9], [28, 10], [29, 10], [28, 9], [29, 8], [29, 7], [28, 7], [27, 6], [27, 5], [26, 4], [27, 3], [26, 2], [27, 1], [28, 2], [28, 3], [27, 4], [26, 3], [25, 2], [24, 3], [24, 2], [24, 1], [25, 0], [26, 1], [26, 0], [25, 1], [24, 0], [23, 0], [23, 1], [22, 1]]
