[[19, 2], [18, 3], [17, 4], [16, 5], [15, 6], [14, 7], [13, 8], [12, 8], [11, 9], [10, 9]]
[[19, 2], [18, 3], [17, 4], [16, 5], [15, 6], [14, 7], [13, 8], [12, 9], [11, 9], [10, 9]]
[[19, 2], [18, 3], [17, 4], [16, 5], [15, 6], [14, 7], [13, 7], [12, 8], [11, 9], [10, 9]]
[[19, 2], [18, 3], [17, 4], [16, 5], [15, 6], [14, 7], [13, 8], [12, 9], [11, 10], [10, 9]]
[[19, 2], [18, 3], [17, 4], [16, 5], [15, 6], [14, 7], [13, 8], [12, 8], [11, 9], [10, 9]]
[[19, 2], [18, 3], [17, 4], [16, 5], [15, 6], [14, 7], [13, 8], [12, 9], [11, 10], [10, 9]]
[[19, 2], [18, 3], [17, 4], [16, 4], [15, 5], [14, 6], [13, 7], [12, 8], [11, 9], [10, 9]]
[[19, 2], [18, 3], [17, 4], [16, 5], [15, 6], [14, 6], [13, 7], [12, 8], [11, 9], [10, 9]]
[[19, 2], [18, 3], [17, 4], [16, 5], [15, 6], [14, 7], [13, 7], [12, 8], [11, 9], [10, 9]]
[[19, 2], [18, 3], [17, 4], [16, 4], [15, 5], [14, 6], [13, 7], [12, 8], [11, 9], [10, 9]]
[[19, 2], [18, 3], [17, 4], [16, 5], [15, 6], [14, 7], [13, 7], [12, 8], [11, 9], [10, 9]]
[[19, 2], [18, 3], [17, 4], [16, 5], [15, 6], [14, 6], [13, 7], [12, 8], [11, 9], [10, 9]]
[[19, 2], [18, 3], [17, 4], [16, 5], [15, 6], [14, 7], [13, 8], [12, 9], [11, 9], [10, 9]]
[[19, 2], [19, 3], [18, 4], [17, 5], [16, 6], [15, 6], [15, 7], [14, 6], [13, 7], [12, 8], [11, 9], [10, 9]]
[[19, 2], [18, 3], [17, 4], [16, 5], [15, 5], [14, 6], [13, 5], [12, 6], [12, 7], [12, 8], [11, 9], [10, 9]]
[[19, 2], [19, 3], [18, 3], [17, 4], [16, 3], [15, 3], [14, 4], [13, 5], [12, 6], [11, 7], [10, 8], [10, 9]]
[[19, 2], [18, 3], [17, 4], [16, 5], [15, 6], [14, 5], [13, 5], [12, 6], [11, 7], [10, 8], [9, 8], [10, 9]]
[[19, 2], [18, 3], [17, 4], [16, 4], [17, 5], [16, 6], [15, 7], [14, 8], [13, 8], [13, 9], [13, 10], [12, 9], [11, 10], [10, 9]]
[[19, 2], [18, 3], [17, 4], [16, 5], [16, 6], [15, 7], [16, 7], [15, 7], [14, 8], [13, 9], [13, 10], [12, 10], [11, 10], [10, 9]]
[[19, 2], [18, 3], [17, 4], [17, 5], [18, 5], [18, 6], [18, 7], [17, 7], [16, 7], [15, 6], [14, 6], [13, 5], [12, 6], [11, 7], [10, 8], [9, 9], [10, 9]]
