[[23, 13], [24, 12], [23, 11], [23, 10], [22, 9], [23, 8], [24, 7], [24, 6]]
[[23, 13], [22, 12], [22, 11], [23, 10], [24, 9], [23, 8], [24, 7], [24, 6]]
[[23, 13], [23, 12], [24, 11], [23, 10], [24, 9], [25, 8], [25, 7], [24, 6]]
[[23, 13], [22, 12], [23, 11], [24, 10], [24, 9], [24, 8], [25, 7], [24, 6]]
[[23, 13], [22, 12], [22, 11], [22, 10], [22, 9], [23, 8], [24, 7], [24, 6]]
[[23, 13], [23, 12], [23, 11], [24, 10], [24, 9], [24, 8], [24, 7], [24, 6]]
[[23, 13], [22, 12], [23, 11], [24, 10], [24, 9], [25, 8], [24, 7], [24, 6]]
[[23, 13], [24, 12], [24, 11], [24, 10], [25, 9], [26, 8], [25, 7], [24, 6]]
[[23, 13], [23, 12], [24, 11], [25, 10], [26, 9], [26, 8], [25, 7], [24, 6]]
[[23, 13], [24, 12], [23, 11], [23, 10], [22, 9], [23, 8], [24, 7], [24, 6]]
[[23, 13], [23, 12], [23, 11], [23, 10], [24, 9], [24, 8], [24, 7], [25, 7], [24, 6]]
[[23, 13], [23, 12], [24, 11], [23, 10], [24, 9], [25, 8], [24, 7], [23, 6], [24, 6]]
[[23, 13], [22, 12], [23, 12], [24, 11], [24, 10], [25, 9], [25, 8], [25, 7], [24, 6]]
[[23, 13], [22, 13], [22, 12], [21, 11], [22, 10], [21, 9], [20, 9], [20, 8], [21, 9], [22, 8], [22, 7], [22, 6], [23, 6], [24, 6]]
[[23, 13], [22, 13], [23, 12], [24, 11], [24, 10], [24, 9], [25, 8], [25, 9], [24, 8], [24, 7], [25, 8], [26, 7], [26, 6], [27, 5], [27, 6], [26, 5], [26, 4], [27, 3], [26, 3], [25, 3], [26, 2], [26, 1], [25, 2], [24, 2], [23, 2], [22, 2], [23, 3], [24, 4], [25, 5], [24, 6]]
[[23, 13], [24, 12], [23, 11], [24, 10], [25, 10], [24, 10], [25, 9], [24, 9], [24, 8], [23, 8], [24, 7], [24, 6], [25, 5], [24, 5], [24, 6], [25, 5], [24, 4], [25, 3], [24, 3], [25, 2], [25, 3], [26, 3], [26, 4], [26, 5], [27, 6], [26, 6], [25, 7], [26, 6], [26, 5], [25, 6], [25, 5], [24, 6]]
