[[20, 10], [21, 11], [22, 12], [23, 13], [24, 14], [25, 15], [26, 16], [27, 17], [28, 18]]
[[20, 10], [21, 11], [22, 12], [23, 13], [24, 14], [25, 15], [26, 16], [27, 17], [28, 18]]
[[20, 10], [21, 11], [22, 12], [23, 13], [24, 14], [25, 15], [26, 16], [27, 17], [28, 18]]
[[20, 10], [21, 11], [22, 12], [23, 13], [24, 14], [25, 15], [26, 16], [27, 17], [28, 18]]
[[20, 10], [21, 11], [22, 12], [23, 13], [24, 14], [25, 15], [26, 16], [27, 17], [28, 18]]
[[20, 10], [21, 11], [22, 12], [23, 13], [24, 14], [25, 15], [26, 16], [27, 17], [28, 18]]
[[20, 10], [21, 11], [22, 12], [23, 13], [24, 14], [25, 15], [26, 16], [27, 17], [28, 18]]
[[20, 10], [21, 11], [22, 12], [23, 13], [24, 14], [25, 15], [26, 16], [27, 17], [28, 18]]
[[20, 10], [21, 11], [22, 12], [23, 13], [24, 14], [25, 15], [26, 16], [27, 17], [28, 18]]
[[20, 10], [21, 11], [22, 12], [23, 13], [24, 14], [25, 15], [26, 16], [27, 17], [28, 18]]
[[20, 10], [21, 11], [22, 12], [23, 13], [24, 14], [25, 15], [26, 16], [27, 17], [28, 18]]
[[20, 10], [21, 11], [22, 12], [23, 13], [24, 14], [25, 15], [26, 16], [27, 17], [28, 18]]
[[20, 10], [21, 11], [22, 12], [23, 13], [24, 14], [25, 15], [26, 16], [27, 17], [28, 18]]
[[20, 10], [21, 11], [22, 12], [23, 13], [24, 14], [25, 15], [26, 16], [27, 17], [28, 18]]
[[20, 10], [21, 11], [22, 12], [23, 13], [24, 14], [25, 15], [26, 16], [27, 17], [28, 18]]
[[20, 10], [21, 11], [22, 12], [23, 13], [24, 14], [25, 15], [26, 16], [27, 17], [28, 18]]
[[20, 10], [21, 10], [22, 11], [23, 12], [24, 13], [25, 14], [25, 15], [26, 16], [27, 17], [28, 18]]
[[20, 10], [21, 11], [22, 12], [23, 12], [23, 13], [24, 14], [25, 15], [26, 16], [27, 17], [28, 18]]
[[20, 10], [21, 11], [22, 12], [23, 12], [24, 13], [25, 14], [26, 15], [26, 16], [27, 17], [28, 18]]
[[20, 10], [21, 11], [22, 10], [22, 11], [23, 12], [24, 13], [24, 14], [25, 15], [26, 16], [27, 17], [28, 18]]
