[[5, 13], [6, 14], [7, 15], [8, 15], [9, 16], [10, 16], [11, 17], [12, 18], [13, 18], [14, 17], [15, 18], [16, 18], [17, 17], [18, 16], [19, 15], [20, 15], [21, 14], [22, 14], [23, 13], [24, 12]]
[[5, 13], [6, 13], [7, 14], [8, 15], [9, 16], [10, 15], [11, 15], [12, 15], [13, 14], [14, 14], [15, 13], [16, 12], [17, 13], [18, 13], [19, 12], [20, 11], [21, 11], [22, 11], [23, 12], [24, 12]]
[[5, 13], [6, 14], [7, 15], [8, 16], [9, 16], [10, 16], [11, 15], [12, 14], [13, 15], [14, 14], [15, 13], [16, 12], [17, 11], [18, 11], [19, 12], [20, 12], [21, 11], [22, 10], [23, 11], [24, 12]]
[[5, 13], [6, 14], [7, 14], [8, 14], [9, 14], [10, 15], [11, 14], [12, 14], [13, 13], [14, 13], [15, 12], [16, 12], [17, 12], [18, 13], [19, 12], [20, 11], [21, 11], [22, 10], [23, 11], [24, 12]]
[[5, 13], [6, 14], [7, 14], [8, 15], [9, 14], [10, 14], [11, 15], [12, 15], [13, 14], [14, 14], [15, 13], [16, 14], [17, 13], [18, 12], [19, 12], [20, 12], [21, 13], [22, 12], [23, 13], [24, 12]]
[[5, 13], [6, 14], [7, 15], [8, 15], [9, 16], [10, 16], [11, 17], [12, 18], [13, 18], [14, 17], [15, 18], [16, 18], [17, 17], [18, 16], [19, 15], [20, 15], [21, 14], [22, 14], [23, 13], [24, 12]]
[[5, 13], [6, 14], [7, 14], [8, 14], [9, 15], [10, 15], [11, 14], [12, 14], [13, 14], [14, 14], [15, 13], [16, 12], [17, 12], [18, 11], [19, 12], [20, 11], [21, 10], [22, 11], [23, 12], [24, 12]]
[[5, 13], [6, 13], [7, 14], [8, 14], [9, 14], [10, 14], [11, 13], [12, 13], [13, 12], [14, 11], [15, 11], [16, 11], [17, 10], [18, 10], [19, 9], [20, 10], [21, 9], [22, 10], [23, 11], [24, 12]]
[[5, 13], [6, 14], [7, 14], [8, 14], [9, 13], [10, 14], [11, 13], [12, 14], [13, 14], [14, 14], [15, 13], [16, 12], [17, 11], [18, 12], [19, 11], [20, 12], [21, 12], [22, 12], [23, 12], [24, 12]]
[[5, 13], [6, 14], [7, 14], [8, 14], [9, 14], [10, 14], [11, 13], [12, 13], [13, 13], [14, 14], [15, 14], [16, 14], [17, 13], [18, 12], [19, 11], [20, 12], [21, 12], [22, 12], [23, 13], [24, 12]]
[[5, 13], [6, 14], [7, 15], [8, 15], [9, 16], [10, 15], [11, 15], [12, 16], [13, 16], [14, 16], [15, 15], [16, 15], [17, 14], [18, 13], [19, 13], [19, 12], [20, 12], [21, 11], [22, 12], [23, 13], [24, 12]]
[[5, 13], [6, 14], [7, 15], [8, 15], [9, 15], [10, 16], [11, 16], [12, 15], [13, 15], [14, 16], [15, 17], [16, 18], [17, 18], [18, 17], [19, 16], [20, 15], [21, 16], [21, 15], [22, 14], [23, 13], [24, 12]]
[[5, 13], [6, 13], [7, 12], [8, 13], [9, 14], [10, 15], [11, 16], [12, 15], [12, 14], [13, 14], [13, 13], [14, 12], [15, 12], [16, 11], [17, 10], [16, 10], [17, 10], [18, 10], [19, 9], [20, 10], [21, 11], [22, 12], [23, 13], [24, 13], [24, 12]]
[[5, 13], [6, 13], [7, 13], [8, 14], [9, 14], [10, 14], [11, 13], [12, 14], [13, 13], [12, 14], [12, 13], [12, 14], [12, 13], [13, 14], [13, 15], [12, 14], [13, 13], [14, 13], [15, 13], [16, 12], [17, 11], [18, 11], [19, 10], [20, 10], [21, 11], [22, 10], [23, 11], [24, 11], [24, 12]]
[[5, 13], [6, 14], [7, 15], [8, 16], [9, 16], [10, 17], [11, 16], [12, 16], [13, 17], [13, 16], [14, 16], [13, 15], [14, 14], [15, 13], [16, 14], [17, 13], [17, 12], [18, 11], [19, 10], [20, 10], [21, 11], [22, 12], [21, 12], [20, 12], [21, 12], [21, 11], [22, 12], [23, 11], [24, 12]]
[[5, 13], [6, 14], [7, 15], [8, 16], [8, 15], [9, 14], [10, 15], [11, 15], [10, 16], [11, 17], [12, 18], [13, 17], [14, 17], [15, 17], [15, 16], [16, 15], [16, 14], [15, 15], [16, 15], [17, 14], [18, 14], [19, 13], [20, 14], [21, 15], [21, 14], [22, 14], [23, 13], [22, 12], [21, 12], [22, 11], [23, 11], [24, 12]]
[[5, 13], [4, 13], [3, 14], [3, 15], [4, 14], [5, 14], [4, 15], [5, 15], [6, 15], [7, 16], [8, 16], [9, 16], [9, 15], [10, 16], [10, 17], [11, 16], [12, 16], [13, 15], [13, 16], [14, 15], [15, 15], [16, 14], [15, 15], [16, 15], [17, 15], [18, 15], [19, 15], [18, 15], [19, 15], [19, 16], [20, 15], [21, 14], [22, 13], [22, 12], [21, 12], [21, 11], [22, 12], [23, 12], [24, 12]]
[[5, 13], [4, 13], [5, 14], [6, 15], [6, 14], [7, 15], [8, 16], [7, 16], [8, 17], [9, 18], [8, 17], [7, 16], [8, 17], [7, 18], [8, 17], [9, 17], [10, 18], [11, 18], [12, 18], [13, 18], [14, 17], [14, 18], [15, 17], [16, 18], [17, 19], [16, 19], [17, 18], [16, 18], [17, 19], [18, 19], [19, 18], [19, 19], [19, 18], [20, 17], [21, 16], [22, 15], [23, 14], [24, 14], [25, 13], [25, 12], [25, 13], [24, 12]]
[[5, 13], [5, 12], [4, 11], [5, 10], [4, 9], [4, 8], [5, 8], [6, 7], [7, 7], [7, 6], [8, 5], [8, 4], [9, 4], [8, 4], [8, 3], [7, 4], [6, 4], [5, 5], [5, 6], [6, 6], [7, 6], [8, 7], [9, 8], [8, 8], [8, 9], [8, 8], [9, 7], [9, 6], [9, 5], [10, 5], [11, 4], [10, 3], [10, 2], [11, 1], [12, 0], [13, 1], [14, 0], [15, 1], [16, 0], [16, 1], [15, 2], [16, 3], [17, 4], [18, 3], [18, 4], [19, 5], [19, 6], [19, 7], [18, 7], [19, 8], [19, 7], [20, 8], [20, 9], [21, 9], [22, 9], [21, 9], [20, 9], [21, 9], [21, 10], [22, 10], [21, 9], [22, 10], [22, 11], [23, 11], [24, 11], [24, 12]]
[[5, 13], [5, 12], [4, 12], [3, 11], [2, 11], [1, 12], [1, 11], [0, 12], [1, 11], [0, 12], [0, 13], [0, 14], [0, 15], [1, 16], [2, 16], [1, 17], [2, 18], [2, 17], [2, 18], [1, 19], [0, 19], [1, 18], [2, 17], [3, 18], [3, 19], [2, 18], [3, 19], [4, 19], [3, 18], [2, 17], [2, 16], [3, 15], [4, 15], [5, 14], [6, 13], [7, 12], [7, 11], [6, 11], [7, 11], [8, 11], [8, 12], [8, 11], [9, 10], [8, 9], [9, 9], [9, 10], [10, 11], [11, 11], [12, 11], [13, 11], [14, 11], [15, 11], [15, 12], [16, 12], [17, 13], [17, 12], [17, 13], [17, 12], [18, 13], [17, 14], [18, 15], [19, 16], [20, 17], [21, 16], [21, 15], [22, 15], [23, 16], [24, 16], [23, 16], [22, 15], [23, 14], [22, 14], [21, 14], [21, 13], [22, 12], [22, 13], [23, 12], [24, 13], [23, 14], [24, 13], [25, 12], [26, 12], [26, 13], [25, 12], [26, 12], [26, 13], [25, 13], [25, 12], [24, 12]]
