[[22, 19], [21, 18], [20, 17], [21, 16], [21, 15], [20, 14], [19, 13], [18, 12], [17, 11], [17, 10], [16, 9], [15, 8], [14, 7], [14, 6], [13, 5], [12, 4]]
[[22, 19], [23, 18], [23, 17], [22, 16], [21, 15], [20, 14], [19, 13], [18, 12], [17, 11], [16, 10], [15, 9], [15, 8], [14, 7], [13, 6], [12, 5], [12, 4]]
[[22, 19], [22, 18], [22, 17], [22, 16], [21, 15], [20, 14], [19, 13], [18, 12], [18, 11], [17, 10], [16, 9], [16, 8], [15, 7], [14, 6], [13, 5], [12, 4]]
[[22, 19], [22, 18], [21, 17], [20, 16], [19, 15], [19, 14], [18, 13], [18, 12], [17, 11], [16, 10], [15, 9], [14, 8], [13, 7], [14, 6], [13, 5], [12, 4]]
[[22, 19], [21, 18], [21, 17], [21, 16], [20, 15], [20, 14], [19, 13], [19, 12], [18, 11], [17, 10], [16, 9], [15, 8], [14, 7], [14, 6], [13, 5], [12, 4]]
[[22, 19], [22, 18], [22, 17], [21, 16], [20, 15], [19, 14], [18, 13], [17, 12], [18, 11], [17, 10], [16, 9], [15, 8], [14, 7], [13, 6], [13, 5], [12, 4]]
[[22, 19], [21, 18], [20, 17], [19, 16], [19, 15], [19, 14], [18, 13], [17, 12], [16, 11], [17, 10], [16, 9], [15, 8], [15, 7], [14, 6], [13, 5], [12, 4]]
[[22, 19], [22, 18], [21, 17], [20, 16], [19, 15], [20, 14], [19, 13], [18, 12], [18, 11], [17, 10], [16, 9], [15, 8], [14, 7], [13, 6], [13, 5], [12, 4]]
[[22, 19], [21, 18], [20, 17], [21, 16], [21, 15], [20, 14], [19, 13], [18, 12], [17, 11], [17, 10], [16, 9], [15, 8], [14, 7], [14, 6], [13, 5], [12, 4]]
[[22, 19], [21, 18], [20, 17], [19, 16], [19, 15], [18, 14], [17, 13], [16, 12], [17, 11], [16, 10], [15, 9], [15, 8], [14, 7], [14, 6], [13, 5], [12, 4]]
[[22, 19], [21, 18], [20, 17], [19, 16], [19, 15], [19, 14], [19, 13], [19, 12], [18, 11], [17, 10], [16, 9], [15, 8], [15, 7], [14, 6], [13, 5], [12, 4]]
[[22, 19], [21, 18], [22, 17], [22, 16], [21, 15], [20, 14], [19, 13], [18, 12], [18, 11], [17, 10], [16, 9], [15, 8], [14, 7], [13, 6], [12, 5], [11, 5], [12, 4]]
[[22, 19], [22, 18], [21, 17], [21, 16], [21, 15], [21, 14], [20, 13], [19, 12], [20, 11], [19, 10], [18, 9], [18, 10], [17, 9], [16, 9], [15, 8], [14, 7], [13, 6], [12, 5], [12, 4]]
[[22, 19], [23, 18], [22, 17], [22, 16], [22, 15], [21, 15], [20, 14], [19, 13], [18, 12], [17, 11], [17, 10], [17, 9], [16, 9], [15, 8], [14, 7], [13, 6], [13, 5], [12, 5], [12, 4]]
[[22, 19], [21, 18], [20, 17], [21, 16], [21, 15], [20, 14], [19, 13], [19, 12], [18, 11], [17, 10], [17, 9], [16, 9], [15, 9], [14, 9], [13, 8], [13, 7], [14, 6], [13, 5], [12, 4]]
[[22, 19], [22, 18], [21, 17], [20, 16], [19, 15], [20, 14], [20, 13], [19, 12], [18, 12], [17, 11], [16, 10], [16, 9], [17, 9], [16, 8], [15, 8], [14, 7], [14, 6], [13, 6], [12, 6], [12, 5], [12, 4], [12, 5], [11, 4], [12, 4]]
[[22, 19], [23, 19], [23, 18], [22, 17], [22, 18], [22, 17], [21, 16], [20, 15], [21, 14], [21, 13], [22, 13], [23, 12], [23, 11], [22, 10], [21, 9], [21, 8], [22, 7], [22, 6], [22, 5], [21, 4], [21, 5], [21, 4], [20, 5], [19, 6], [18, 5], [17, 5], [16, 4], [15, 5], [14, 5], [13, 4], [12, 4]]
[[22, 19], [23, 19], [22, 18], [21, 19], [22, 18], [22, 17], [21, 17], [20, 16], [21, 15], [22, 14], [21, 13], [22, 12], [22, 11], [22, 10], [21, 9], [22, 8], [22, 7], [23, 6], [22, 5], [21, 5], [20, 6], [20, 5], [20, 6], [19, 6], [18, 7], [17, 8], [16, 8], [15, 8], [15, 9], [14, 8], [13, 7], [13, 8], [12, 7], [12, 6], [13, 6], [12, 6], [11, 5], [12, 4], [11, 3], [12, 4]]
[[22, 19], [21, 19], [20, 19], [21, 18], [21, 17], [22, 16], [21, 15], [22, 14], [22, 13], [21, 12], [22, 11], [22, 10], [21, 9], [21, 8], [21, 7], [21, 6], [22, 6], [21, 5], [20, 6], [20, 5], [19, 6], [19, 5], [18, 5], [17, 6], [16, 7], [15, 7], [14, 8], [14, 9], [13, 9], [13, 8], [12, 7], [13, 6], [13, 7], [14, 6], [14, 7], [15, 8], [16, 9], [17, 8], [17, 7], [16, 6], [17, 5], [16, 4], [17, 4], [18, 4], [17, 3], [17, 2], [16, 3], [16, 2], [16, 1], [17, 2], [16, 2], [17, 3], [18, 3], [18, 4], [18, 3], [17, 4], [16, 5], [15, 5], [14, 6], [13, 5], [12, 4], [12, 5], [13, 5], [12, 4]]
[[22, 19], [22, 18], [23, 18], [22, 17], [21, 17], [20, 17], [19, 18], [20, 18], [21, 18], [22, 18], [23, 19], [23, 18], [23, 17], [22, 16], [22, 15], [23, 16], [24, 16], [24, 17], [24, 18], [25, 18], [26, 19], [27, 19], [28, 18], [27, 18], [28, 17], [29, 16], [28, 16], [27, 17], [26, 16], [26, 17], [25, 16], [26, 15], [25, 15], [24, 15], [25, 14], [24, 14], [23, 14], [23, 13], [22, 12], [23, 11], [22, 10], [21, 11], [20, 12], [21, 13], [22, 13], [21, 12], [20, 11], [20, 10], [21, 9], [21, 8], [20, 7], [19, 6], [19, 5], [20, 4], [21, 5], [22, 6], [21, 7], [22, 7], [23, 8], [22, 8], [22, 9], [23, 10], [23, 9], [24, 10], [24, 11], [25, 12], [25, 13], [24, 13], [23, 12], [24, 12], [25, 11], [25, 10], [26, 10], [26, 9], [25, 8], [25, 7], [24, 8], [24, 7], [23, 6], [24, 6], [24, 5], [24, 4], [23, 5], [22, 5], [21, 4], [20, 3], [19, 3], [18, 3], [19, 2], [19, 1], [19, 0], [18, 1], [17, 0], [16, 0], [17, 1], [16, 1], [17, 2], [16, 2], [15, 2], [14, 1], [13, 2], [14, 2], [13, 1], [12, 1], [13, 0], [12, 0], [11, 0], [11, 1], [11, 2], [11, 3], [10, 3], [11, 4], [12, 4]]
