[[15, 5], [16, 6], [17, 7], [17, 8], [18, 9], [19, 10], [20, 11], [21, 10], [22, 11], [23, 11], [24, 12], [25, 13], [26, 14], [27, 14], [28, 15]]
[[15, 5], [16, 6], [17, 7], [17, 8], [18, 9], [19, 9], [20, 10], [21, 11], [22, 12], [23, 13], [24, 14], [25, 13], [26, 14], [27, 14], [28, 15]]
[[15, 5], [16, 6], [17, 7], [17, 8], [18, 9], [19, 9], [20, 10], [21, 11], [22, 12], [23, 13], [24, 12], [25, 13], [26, 14], [27, 14], [28, 15]]
[[15, 5], [16, 6], [17, 7], [17, 8], [18, 9], [19, 10], [20, 11], [21, 10], [22, 11], [23, 11], [24, 12], [25, 13], [26, 14], [27, 14], [28, 15]]
[[15, 5], [16, 6], [17, 7], [17, 8], [18, 9], [19, 9], [20, 10], [21, 11], [22, 12], [23, 13], [24, 14], [25, 13], [26, 14], [27, 15], [28, 15]]
[[15, 5], [16, 6], [17, 7], [17, 8], [18, 9], [19, 10], [20, 11], [21, 12], [22, 13], [23, 13], [24, 13], [25, 14], [26, 14], [27, 14], [28, 15]]
[[15, 5], [16, 6], [17, 7], [17, 8], [18, 9], [19, 10], [20, 10], [21, 11], [22, 12], [23, 13], [24, 13], [25, 14], [26, 13], [27, 14], [28, 15]]
[[15, 5], [16, 6], [17, 7], [17, 8], [18, 9], [19, 10], [20, 10], [21, 11], [22, 12], [23, 11], [24, 11], [25, 12], [26, 13], [27, 14], [28, 15]]
[[15, 5], [16, 6], [17, 7], [17, 8], [18, 9], [19, 10], [20, 11], [21, 12], [22, 13], [23, 14], [24, 13], [25, 13], [26, 14], [27, 15], [28, 15]]
[[15, 5], [16, 6], [17, 7], [17, 8], [18, 9], [19, 10], [20, 11], [21, 11], [22, 12], [23, 13], [24, 13], [25, 14], [26, 14], [27, 14], [28, 15]]
[[15, 5], [16, 6], [17, 7], [17, 8], [18, 9], [19, 8], [20, 8], [21, 9], [22, 10], [23, 11], [24, 12], [25, 12], [26, 13], [27, 14], [28, 15]]
[[15, 5], [16, 6], [17, 7], [16, 8], [17, 9], [18, 10], [19, 10], [20, 10], [21, 11], [22, 12], [23, 13], [24, 14], [25, 14], [26, 14], [27, 14], [28, 15]]
[[15, 5], [16, 6], [17, 7], [17, 8], [17, 9], [18, 9], [19, 10], [20, 10], [20, 11], [21, 10], [22, 11], [23, 11], [24, 11], [24, 12], [24, 13], [25, 14], [26, 15], [27, 16], [28, 15]]
[[15, 5], [14, 6], [15, 7], [16, 8], [17, 9], [18, 9], [19, 10], [20, 10], [20, 9], [21, 10], [21, 11], [22, 11], [23, 10], [23, 11], [24, 12], [25, 12], [26, 12], [26, 13], [27, 14], [28, 15]]
[[15, 5], [16, 6], [17, 7], [16, 8], [17, 9], [18, 10], [19, 10], [20, 10], [20, 11], [21, 11], [22, 10], [23, 11], [24, 12], [25, 12], [25, 13], [26, 13], [26, 12], [27, 13], [27, 14], [28, 15]]
[[15, 5], [16, 5], [16, 6], [17, 7], [17, 8], [16, 9], [17, 10], [18, 11], [19, 10], [20, 9], [21, 10], [22, 11], [22, 12], [23, 13], [24, 13], [25, 12], [26, 12], [27, 13], [28, 14], [28, 15]]
[[15, 5], [16, 6], [15, 6], [14, 7], [15, 8], [16, 8], [17, 9], [18, 9], [19, 10], [20, 11], [21, 10], [22, 10], [23, 11], [22, 12], [23, 13], [24, 14], [25, 13], [26, 13], [25, 13], [26, 14], [27, 15], [27, 16], [28, 15]]
[[15, 5], [15, 6], [16, 6], [17, 7], [17, 8], [17, 9], [18, 10], [18, 11], [19, 10], [19, 11], [20, 11], [21, 10], [22, 11], [23, 11], [24, 12], [25, 12], [25, 13], [25, 14], [26, 13], [25, 13], [25, 14], [26, 15], [27, 15], [28, 15]]
[[15, 5], [16, 6], [17, 7], [17, 8], [17, 9], [18, 9], [19, 10], [19, 11], [18, 10], [19, 10], [20, 11], [21, 12], [22, 13], [22, 14], [21, 15], [22, 14], [21, 15], [22, 16], [22, 17], [21, 16], [22, 16], [21, 15], [20, 16], [19, 16], [18, 15], [17, 14], [18, 14], [18, 15], [18, 14], [19, 14], [20, 13], [21, 12], [21, 11], [22, 10], [23, 11], [23, 10], [24, 11], [24, 12], [24, 11], [24, 12], [25, 13], [26, 14], [27, 15], [28, 15], [27, 15], [28, 15]]
[[15, 5], [16, 6], [16, 5], [17, 5], [18, 5], [19, 5], [20, 6], [21, 5], [22, 4], [23, 5], [23, 6], [24, 6], [25, 5], [24, 5], [23, 6], [24, 6], [25, 6], [25, 7], [24, 7], [23, 8], [22, 8], [23, 9], [22, 10], [22, 11], [23, 11], [22, 12], [22, 13], [21, 13], [22, 14], [23, 14], [24, 14], [23, 15], [23, 16], [22, 17], [22, 16], [21, 17], [22, 18], [22, 19], [23, 19], [23, 18], [24, 17], [24, 18], [24, 19], [25, 18], [26, 19], [27, 18], [26, 18], [27, 19], [28, 19], [29, 18], [29, 17], [28, 16], [27, 15], [28, 14], [29, 13], [28, 13], [29, 14], [29, 15], [28, 15]]
