[[5, 6], [6, 5], [7, 5], [8, 4], [9, 5], [10, 5], [11, 6], [12, 5], [13, 5], [14, 4], [15, 4], [16, 3], [17, 2], [18, 1], [19, 1], [20, 1], [21, 1], [22, 0]]
[[5, 6], [6, 5], [7, 5], [8, 4], [9, 5], [10, 4], [11, 5], [12, 5], [13, 4], [14, 4], [15, 4], [16, 4], [17, 3], [18, 2], [19, 1], [20, 1], [21, 0], [22, 0]]
[[5, 6], [6, 5], [7, 4], [8, 3], [9, 4], [10, 4], [11, 3], [12, 3], [13, 2], [14, 1], [15, 2], [16, 2], [17, 3], [18, 2], [19, 1], [20, 0], [21, 0], [22, 0]]
[[5, 6], [6, 5], [7, 5], [8, 4], [9, 4], [10, 5], [11, 5], [12, 4], [13, 5], [14, 4], [15, 3], [16, 2], [17, 3], [18, 4], [19, 3], [20, 2], [21, 1], [22, 0]]
[[5, 6], [6, 5], [7, 5], [8, 4], [9, 5], [10, 5], [11, 6], [12, 5], [13, 5], [14, 4], [15, 4], [16, 3], [17, 2], [18, 1], [19, 1], [20, 1], [21, 1], [22, 0]]
[[5, 6], [6, 5], [7, 5], [8, 4], [9, 5], [10, 4], [11, 3], [12, 2], [13, 1], [14, 0], [15, 1], [16, 2], [17, 1], [18, 2], [19, 1], [20, 0], [21, 1], [22, 0]]
[[5, 6], [6, 5], [7, 5], [8, 4], [9, 5], [10, 5], [11, 6], [12, 6], [13, 5], [14, 4], [15, 3], [16, 3], [17, 2], [18, 1], [19, 1], [20, 0], [21, 0], [22, 0]]
[[5, 6], [6, 5], [7, 4], [8, 4], [9, 5], [10, 6], [11, 6], [12, 5], [13, 4], [14, 4], [15, 4], [16, 3], [17, 2], [18, 1], [19, 0], [20, 1], [21, 1], [22, 0]]
[[5, 6], [6, 5], [7, 4], [8, 3], [9, 2], [10, 3], [11, 2], [12, 3], [13, 2], [14, 1], [15, 1], [16, 0], [17, 0], [18, 1], [19, 1], [20, 2], [21, 1], [22, 0]]
[[5, 6], [6, 7], [7, 6], [8, 6], [9, 5], [10, 4], [11, 5], [12, 5], [13, 4], [14, 4], [15, 4], [16, 3], [17, 2], [18, 1], [19, 1], [20, 0], [21, 1], [22, 0]]
[[5, 6], [6, 5], [7, 5], [7, 4], [8, 4], [9, 4], [10, 4], [11, 3], [12, 3], [13, 3], [14, 4], [15, 3], [16, 2], [17, 2], [18, 2], [19, 1], [20, 2], [21, 1], [22, 0]]
[[5, 6], [6, 6], [7, 5], [8, 4], [9, 4], [10, 3], [10, 2], [11, 1], [12, 1], [13, 1], [14, 0], [15, 1], [16, 1], [17, 1], [18, 1], [19, 0], [20, 1], [21, 0], [22, 0]]
[[5, 6], [6, 5], [7, 4], [8, 3], [9, 4], [10, 3], [11, 3], [12, 3], [13, 2], [14, 2], [15, 1], [16, 0], [17, 1], [18, 1], [19, 0], [19, 1], [20, 1], [20, 0], [21, 1], [22, 0]]
[[5, 6], [6, 7], [7, 6], [8, 5], [8, 6], [9, 5], [10, 4], [11, 3], [12, 4], [11, 3], [12, 4], [13, 4], [14, 4], [15, 4], [16, 3], [17, 3], [18, 2], [19, 1], [20, 0], [21, 0], [22, 0], [21, 0], [22, 0]]
[[5, 6], [6, 6], [6, 5], [7, 4], [7, 5], [8, 5], [8, 4], [9, 4], [10, 3], [11, 2], [12, 1], [13, 2], [14, 1], [15, 1], [16, 0], [17, 1], [17, 0], [17, 1], [18, 2], [18, 3], [19, 3], [20, 2], [21, 3], [22, 2], [23, 2], [22, 1], [23, 1], [22, 0]]
[[5, 6], [4, 7], [3, 8], [4, 9], [3, 10], [2, 11], [1, 12], [2, 13], [1, 13], [2, 14], [1, 15], [1, 16], [2, 17], [2, 16], [2, 17], [3, 16], [4, 15], [5, 16], [6, 15], [5, 16], [4, 15], [5, 14], [4, 13], [5, 12], [5, 13], [6, 13], [6, 14], [7, 15], [8, 14], [9, 13], [9, 12], [10, 11], [9, 11], [9, 10], [10, 9], [11, 8], [12, 7], [11, 6], [12, 5], [12, 4], [13, 3], [13, 2], [14, 2], [15, 1], [14, 1], [15, 1], [16, 2], [17, 3], [17, 2], [18, 2], [19, 1], [20, 0], [20, 1], [21, 0], [22, 1], [21, 0], [22, 0]]
[[5, 6], [6, 6], [6, 5], [7, 5], [7, 6], [8, 5], [7, 4], [6, 3], [6, 4], [5, 4], [4, 3], [3, 3], [3, 2], [4, 2], [5, 3], [6, 2], [6, 1], [7, 0], [7, 1], [8, 2], [7, 2], [8, 1], [9, 1], [9, 0], [10, 0], [10, 1], [11, 2], [11, 1], [12, 1], [11, 1], [12, 0], [13, 0], [14, 1], [15, 2], [16, 3], [15, 3], [14, 2], [13, 3], [13, 2], [13, 1], [14, 0], [15, 1], [16, 2], [17, 2], [16, 1], [15, 0], [16, 0], [17, 1], [18, 2], [18, 3], [19, 3], [20, 2], [21, 3], [22, 3], [21, 2], [20, 1], [21, 1], [22, 0]]
[[5, 6], [6, 7], [5, 8], [5, 7], [6, 6], [7, 5], [6, 4], [6, 3], [5, 3], [4, 3], [4, 2], [4, 1], [3, 0], [3, 1], [2, 2], [1, 3], [1, 4], [1, 5], [0, 4], [0, 5], [0, 6], [1, 7], [2, 6], [2, 5], [1, 4], [1, 3], [2, 2], [3, 1], [4, 0], [5, 0], [4, 1], [5, 2], [6, 3], [6, 4], [5, 5], [5, 4], [5, 3], [6, 2], [6, 1], [7, 0], [8, 1], [7, 2], [8, 2], [8, 3], [9, 2], [9, 1], [8, 0], [9, 0], [10, 0], [10, 1], [10, 2], [11, 1], [12, 2], [13, 1], [13, 0], [12, 0], [11, 0], [12, 1], [11, 2], [12, 3], [13, 4], [12, 5], [12, 6], [13, 5], [14, 6], [15, 6], [16, 6], [15, 5], [16, 4], [17, 5], [18, 4], [17, 3], [17, 2], [16, 3], [15, 2], [14, 2], [14, 1], [14, 0], [15, 1], [16, 2], [16, 1], [16, 0], [17, 1], [17, 0], [18, 1], [18, 2], [19, 1], [20, 1], [21, 0], [22, 0]]
