[[13, 10], [14, 11], [15, 12], [16, 11], [17, 12], [18, 13], [19, 12], [20, 13]]
[[13, 10], [14, 11], [15, 10], [16, 11], [17, 12], [18, 13], [19, 14], [20, 13]]
[[13, 10], [14, 11], [15, 10], [16, 11], [17, 12], [18, 13], [19, 14], [20, 13]]
[[13, 10], [14, 11], [15, 11], [16, 12], [17, 12], [18, 13], [19, 14], [20, 13]]
[[13, 10], [14, 11], [15, 12], [16, 11], [17, 12], [18, 13], [19, 12], [20, 13]]
[[13, 10], [14, 11], [15, 11], [16, 12], [17, 12], [18, 13], [19, 14], [20, 13]]
[[13, 10], [14, 11], [15, 11], [16, 10], [17, 10], [18, 11], [19, 12], [20, 13]]
[[13, 10], [14, 11], [15, 12], [16, 12], [17, 12], [18, 13], [19, 12], [20, 13]]
[[13, 10], [14, 11], [15, 12], [16, 12], [17, 12], [18, 12], [19, 13], [20, 13]]
[[13, 10], [14, 11], [15, 11], [16, 12], [17, 12], [18, 13], [19, 14], [20, 13]]
[[13, 10], [14, 11], [15, 10], [16, 11], [17, 10], [18, 11], [19, 12], [20, 13]]
[[13, 10], [14, 11], [15, 10], [16, 11], [17, 12], [18, 11], [19, 12], [20, 13]]
[[13, 10], [14, 11], [15, 10], [16, 11], [17, 12], [18, 13], [18, 12], [19, 13], [20, 13]]
[[13, 10], [14, 11], [14, 12], [15, 12], [16, 13], [17, 14], [18, 13], [19, 12], [20, 13]]
[[13, 10], [14, 11], [14, 12], [15, 12], [16, 11], [17, 12], [18, 13], [18, 12], [19, 12], [20, 13]]
[[13, 10], [14, 11], [14, 12], [15, 12], [16, 13], [17, 14], [18, 13], [19, 13], [19, 12], [20, 13]]
[[13, 10], [14, 11], [15, 11], [16, 12], [16, 11], [17, 12], [18, 13], [18, 12], [19, 12], [20, 13]]
[[13, 10], [13, 11], [14, 11], [15, 12], [16, 11], [17, 10], [17, 11], [18, 11], [19, 12], [20, 13]]
[[13, 10], [13, 11], [14, 12], [15, 13], [16, 13], [17, 12], [18, 13], [19, 14], [20, 14], [20, 13]]
[[13, 10], [13, 11], [14, 12], [15, 13], [16, 13], [17, 12], [18, 13], [18, 12], [19, 13], [19, 12], [20, 12], [21, 13], [20, 13]]
