[[16, 8], [15, 9], [14, 9], [13, 8], [12, 8], [11, 9], [10, 10], [9, 11], [8, 10], [7, 11]]
[[16, 8], [15, 8], [14, 7], [13, 8], [12, 9], [11, 10], [10, 10], [9, 11], [8, 11], [7, 11]]
[[16, 8], [15, 9], [14, 9], [13, 8], [12, 8], [11, 9], [10, 10], [9, 11], [8, 10], [7, 11]]
[[16, 8], [15, 8], [14, 9], [13, 10], [12, 11], [11, 10], [10, 11], [9, 11], [8, 11], [7, 11]]
[[16, 8], [15, 8], [14, 9], [13, 10], [12, 10], [11, 10], [10, 11], [9, 11], [8, 12], [7, 11]]
[[16, 8], [15, 8], [14, 7], [13, 8], [12, 8], [11, 8], [10, 9], [9, 9], [8, 10], [7, 11]]
[[16, 8], [15, 7], [14, 8], [13, 7], [12, 8], [11, 8], [10, 9], [9, 9], [8, 10], [7, 11]]
[[16, 8], [15, 8], [14, 9], [13, 9], [12, 9], [11, 9], [10, 8], [9, 9], [8, 10], [7, 11]]
[[16, 8], [15, 9], [14, 9], [13, 8], [12, 8], [11, 8], [10, 8], [9, 9], [8, 10], [7, 11]]
[[16, 8], [15, 9], [14, 10], [13, 11], [12, 11], [12, 12], [11, 11], [10, 11], [9, 11], [8, 12], [7, 11]]
[[16, 8], [15, 8], [14, 8], [13, 7], [12, 7], [12, 8], [11, 8], [11, 9], [10, 10], [9, 11], [8, 12], [7, 11]]
[[16, 8], [15, 9], [14, 10], [13, 11], [12, 12], [11, 13], [10, 13], [9, 12], [10, 12], [9, 11], [8, 12], [7, 11]]
[[16, 8], [17, 8], [17, 9], [18, 10], [19, 9], [20, 10], [19, 10], [20, 11], [21, 12], [20, 12], [19, 11], [19, 12], [20, 11], [20, 10], [21, 9], [22, 8], [23, 7], [22, 7], [22, 6], [21, 5], [22, 5], [23, 6], [23, 7], [24, 8], [24, 7], [25, 6], [26, 7], [27, 6], [27, 7], [28, 7], [29, 6], [29, 5], [28, 5], [28, 4], [27, 3], [26, 2], [27, 1], [28, 2], [28, 3], [28, 2], [29, 1], [28, 1], [27, 2], [28, 2], [27, 3], [26, 4], [27, 4], [27, 5], [26, 5], [25, 6], [25, 5], [24, 5], [23, 4], [22, 3], [21, 2], [20, 2], [21, 3], [21, 2], [20, 3], [19, 3], [20, 4], [20, 5], [20, 6], [21, 6], [20, 6], [21, 5], [20, 4], [20, 3], [21, 3], [20, 2], [19, 1], [18, 1], [18, 0], [17, 1], [16, 1], [15, 0], [16, 1], [17, 2], [17, 3], [16, 3], [17, 2], [16, 1], [15, 1], [14, 1], [13, 1], [12, 1], [11, 0], [11, 1], [12, 1], [11, 1], [11, 2], [11, 3], [11, 4], [10, 5], [11, 5], [12, 4], [13, 5], [14, 5], [15, 5], [15, 6], [14, 7], [13, 8], [13, 9], [14, 9], [13, 8], [14, 9], [13, 8], [12, 8], [13, 7], [12, 7], [11, 6], [10, 7], [9, 6], [9, 5], [8, 5], [7, 5], [6, 5], [6, 6], [6, 7], [7, 7], [8, 7], [9, 7], [10, 8], [10, 9], [11, 10], [12, 10], [13, 9], [12, 10], [12, 11], [13, 12], [12, 13], [12, 12], [13, 11], [14, 11], [13, 11], [12, 11], [11, 11], [10, 12], [9, 13], [10, 12], [9, 12], [9, 11], [8, 12], [7, 11], [7, 10], [6, 10], [7, 11]]
