[[22, 15], [23, 16], [22, 17], [23, 18]]
[[22, 15], [23, 16], [24, 17], [23, 18]]
[[22, 15], [22, 16], [23, 17], [23, 18]]
[[22, 15], [23, 16], [22, 17], [23, 18]]
[[22, 15], [22, 16], [22, 17], [23, 18]]
[[22, 15], [22, 16], [22, 17], [23, 18]]
[[22, 15], [22, 16], [22, 17], [23, 18]]
[[22, 15], [22, 16], [22, 17], [23, 18]]
[[22, 15], [21, 16], [22, 17], [23, 18]]
[[22, 15], [21, 16], [22, 17], [23, 18]]
[[22, 15], [23, 16], [23, 17], [23, 18]]
[[22, 15], [23, 15], [23, 16], [23, 17], [22, 17], [23, 18]]
[[22, 15], [21, 14], [21, 15], [20, 14], [19, 14], [20, 13], [21, 14], [22, 13], [22, 14], [23, 13], [22, 12], [21, 11], [22, 10], [21, 10], [22, 10], [23, 9], [24, 10], [25, 9], [26, 9], [27, 9], [26, 8], [27, 8], [27, 9], [28, 8], [27, 8], [28, 9], [28, 10], [29, 11], [29, 12], [28, 12], [28, 13], [27, 14], [26, 15], [25, 14], [26, 13], [25, 13], [26, 14], [25, 15], [26, 15], [26, 16], [25, 16], [24, 15], [23, 14], [22, 15], [22, 14], [23, 14], [24, 13], [24, 12], [23, 11], [24, 10], [25, 11], [25, 12], [26, 13], [27, 14], [28, 14], [29, 13], [29, 14], [29, 15], [29, 16], [28, 16], [27, 15], [26, 16], [25, 16], [25, 17], [25, 18], [24, 19], [25, 18], [25, 19], [24, 18], [23, 17], [22, 16], [23, 17], [22, 17], [23, 18]]
