[[6, 0], [6, 1], [7, 2], [6, 3], [7, 4], [8, 5], [9, 6], [10, 7], [11, 8]]
[[6, 0], [7, 1], [7, 2], [8, 3], [8, 4], [9, 5], [10, 6], [10, 7], [11, 8]]
[[6, 0], [6, 1], [7, 2], [8, 3], [9, 4], [10, 5], [11, 6], [11, 7], [11, 8]]
[[6, 0], [6, 1], [6, 2], [7, 3], [8, 4], [9, 5], [9, 6], [10, 7], [11, 8]]
[[6, 0], [6, 1], [7, 2], [6, 3], [7, 4], [8, 5], [9, 6], [10, 7], [11, 8]]
[[6, 0], [7, 1], [8, 2], [8, 3], [9, 4], [10, 5], [10, 6], [11, 7], [11, 8]]
[[6, 0], [6, 1], [6, 2], [7, 3], [8, 4], [8, 5], [9, 6], [10, 7], [11, 8]]
[[6, 0], [7, 1], [7, 2], [8, 3], [9, 4], [9, 5], [9, 6], [10, 7], [11, 8]]
[[6, 0], [6, 1], [6, 2], [6, 3], [7, 4], [8, 5], [9, 6], [10, 7], [11, 8]]
[[6, 0], [7, 1], [6, 2], [7, 3], [8, 4], [9, 5], [10, 6], [11, 7], [11, 8]]
[[6, 0], [7, 1], [8, 2], [8, 3], [9, 4], [10, 5], [11, 6], [11, 7], [11, 8]]
[[6, 0], [5, 1], [6, 2], [7, 3], [8, 4], [9, 5], [9, 6], [10, 7], [11, 8]]
[[6, 0], [7, 1], [8, 2], [9, 3], [10, 4], [10, 5], [11, 6], [11, 7], [11, 8]]
[[6, 0], [6, 1], [7, 2], [8, 3], [8, 4], [9, 5], [9, 6], [10, 7], [11, 8]]
[[6, 0], [7, 1], [7, 2], [8, 3], [7, 4], [8, 5], [9, 6], [10, 7], [11, 8]]
[[6, 0], [7, 1], [8, 2], [8, 3], [7, 4], [8, 5], [9, 6], [10, 7], [11, 8]]
[[6, 0], [6, 1], [6, 2], [7, 3], [8, 4], [9, 5], [9, 6], [10, 7], [11, 8]]
[[6, 0], [5, 0], [6, 1], [6, 2], [7, 3], [8, 4], [9, 5], [9, 6], [10, 7], [11, 8]]
[[6, 0], [6, 1], [6, 2], [7, 3], [8, 4], [8, 5], [9, 5], [9, 6], [10, 7], [11, 8]]
[[6, 0], [6, 1], [6, 2], [7, 3], [7, 4], [8, 5], [9, 5], [10, 6], [10, 7], [11, 8]]
