[[7, 12], [8, 11], [9, 11], [10, 10], [11, 10], [12, 9], [13, 8], [14, 7], [15, 6], [16, 6]]
[[7, 12], [8, 12], [9, 11], [10, 10], [11, 9], [12, 8], [13, 7], [14, 6], [15, 5], [16, 6]]
[[7, 12], [8, 11], [9, 11], [10, 11], [11, 10], [12, 9], [13, 8], [14, 7], [15, 6], [16, 6]]
[[7, 12], [8, 11], [9, 10], [10, 10], [11, 9], [12, 8], [13, 7], [14, 6], [15, 5], [16, 6]]
[[7, 12], [8, 13], [9, 12], [10, 11], [11, 10], [12, 9], [13, 8], [14, 7], [15, 6], [16, 6]]
[[7, 12], [8, 12], [9, 12], [10, 11], [11, 10], [12, 9], [13, 8], [14, 7], [15, 6], [16, 6]]
[[7, 12], [8, 11], [9, 10], [10, 9], [11, 9], [12, 8], [13, 7], [14, 6], [15, 6], [16, 6]]
[[7, 12], [8, 11], [9, 11], [10, 10], [11, 9], [12, 9], [13, 8], [14, 7], [15, 6], [16, 6]]
[[7, 12], [8, 11], [9, 11], [10, 10], [11, 10], [12, 9], [13, 8], [14, 7], [15, 6], [16, 6]]
[[7, 12], [8, 12], [9, 11], [10, 10], [11, 9], [12, 8], [13, 7], [14, 6], [15, 6], [16, 6]]
[[7, 12], [8, 11], [9, 10], [10, 9], [11, 8], [12, 8], [13, 7], [14, 6], [15, 5], [16, 6]]
[[7, 12], [8, 11], [9, 10], [10, 9], [11, 9], [12, 8], [13, 7], [14, 6], [15, 6], [16, 6]]
[[7, 12], [8, 11], [9, 10], [10, 10], [11, 9], [12, 8], [13, 7], [14, 6], [15, 5], [16, 6]]
[[7, 12], [8, 11], [9, 12], [10, 11], [11, 10], [12, 9], [13, 8], [13, 7], [14, 7], [15, 6], [16, 6]]
[[7, 12], [7, 11], [8, 10], [9, 9], [10, 8], [11, 8], [12, 8], [13, 8], [14, 7], [15, 6], [16, 6]]
[[7, 12], [8, 11], [9, 11], [10, 11], [11, 10], [11, 9], [12, 8], [11, 9], [12, 8], [12, 7], [13, 6], [14, 5], [15, 6], [16, 6]]
[[7, 12], [7, 11], [7, 10], [8, 9], [8, 8], [8, 7], [9, 8], [10, 9], [11, 8], [12, 9], [13, 8], [14, 8], [15, 8], [16, 7], [16, 6], [17, 7], [18, 6], [18, 5], [17, 5], [16, 6]]
[[7, 12], [8, 12], [8, 11], [7, 10], [7, 9], [8, 9], [8, 10], [9, 9], [10, 9], [10, 8], [11, 7], [11, 8], [12, 8], [13, 7], [14, 8], [15, 8], [16, 8], [17, 7], [18, 6], [17, 5], [17, 6], [16, 6]]
[[7, 12], [8, 11], [9, 11], [8, 12], [8, 11], [8, 10], [7, 10], [7, 9], [7, 8], [8, 9], [9, 10], [10, 10], [11, 9], [12, 8], [13, 8], [12, 9], [13, 9], [14, 8], [13, 7], [14, 6], [15, 6], [16, 6]]
[[7, 12], [8, 11], [9, 11], [8, 10], [7, 9], [6, 9], [5, 8], [4, 7], [5, 8], [4, 8], [4, 9], [3, 9], [3, 10], [3, 9], [2, 8], [1, 8], [0, 8], [1, 9], [0, 10], [0, 11], [1, 11], [1, 12], [2, 11], [3, 12], [4, 12], [4, 13], [3, 12], [3, 13], [2, 13], [1, 14], [2, 14], [1, 13], [1, 14], [0, 15], [0, 16], [1, 16], [2, 16], [2, 15], [1, 16], [1, 17], [2, 16], [3, 17], [2, 18], [2, 19], [3, 18], [3, 17], [3, 18], [4, 18], [5, 17], [4, 18], [4, 17], [5, 16], [4, 17], [5, 17], [4, 16], [3, 15], [4, 15], [5, 14], [4, 14], [5, 13], [6, 12], [7, 12], [8, 11], [8, 12], [9, 13], [9, 12], [8, 13], [9, 13], [10, 12], [9, 12], [9, 11], [10, 10], [9, 9], [8, 9], [7, 8], [8, 9], [7, 8], [7, 7], [8, 6], [7, 5], [8, 4], [9, 3], [10, 4], [11, 5], [11, 4], [12, 3], [13, 3], [14, 2], [13, 2], [13, 1], [14, 0], [14, 1], [15, 0], [16, 0], [17, 0], [18, 1], [19, 1], [20, 2], [19, 2], [19, 3], [18, 3], [18, 2], [17, 3], [16, 4], [15, 5], [16, 6]]
