[[13, 8], [14, 7], [15, 6], [16, 5], [17, 5], [18, 4], [19, 3], [20, 3], [21, 2], [22, 1], [23, 1], [24, 1]]
[[13, 8], [14, 8], [15, 8], [16, 7], [17, 6], [18, 5], [19, 4], [20, 3], [21, 2], [22, 1], [23, 1], [24, 1]]
[[13, 8], [14, 9], [15, 8], [16, 7], [17, 6], [18, 5], [19, 4], [20, 3], [21, 2], [22, 1], [23, 0], [24, 1]]
[[13, 8], [14, 7], [15, 6], [16, 5], [17, 5], [18, 4], [19, 3], [20, 3], [21, 2], [22, 1], [23, 1], [24, 1]]
[[13, 8], [14, 7], [15, 7], [16, 6], [17, 5], [18, 4], [19, 3], [20, 3], [21, 2], [22, 1], [23, 1], [24, 1]]
[[13, 8], [14, 9], [15, 8], [16, 7], [17, 6], [18, 5], [19, 5], [20, 4], [21, 3], [22, 2], [23, 1], [24, 1]]
[[13, 8], [14, 8], [15, 7], [16, 6], [17, 5], [18, 4], [19, 4], [20, 4], [21, 3], [22, 2], [23, 1], [24, 1]]
[[13, 8], [14, 7], [15, 6], [16, 5], [17, 4], [18, 3], [19, 3], [20, 3], [21, 2], [22, 1], [23, 0], [24, 1]]
[[13, 8], [14, 8], [15, 7], [16, 6], [17, 5], [18, 4], [19, 3], [20, 4], [21, 3], [22, 2], [23, 1], [24, 1]]
[[13, 8], [14, 7], [15, 6], [16, 5], [17, 4], [18, 5], [19, 4], [20, 3], [21, 2], [22, 1], [23, 0], [24, 1]]
[[13, 8], [14, 7], [15, 6], [16, 6], [17, 5], [18, 5], [19, 4], [20, 3], [21, 2], [22, 2], [23, 1], [24, 1]]
[[13, 8], [14, 7], [15, 7], [16, 7], [17, 6], [18, 5], [19, 4], [20, 3], [21, 2], [22, 1], [23, 1], [24, 1]]
[[13, 8], [13, 7], [14, 6], [15, 6], [16, 5], [17, 4], [18, 4], [19, 3], [20, 3], [21, 2], [22, 1], [23, 1], [24, 1]]
[[13, 8], [14, 8], [15, 7], [16, 6], [17, 5], [18, 4], [19, 3], [20, 2], [20, 3], [21, 2], [22, 2], [23, 1], [24, 1]]
[[13, 8], [14, 7], [15, 8], [16, 9], [17, 8], [18, 7], [19, 6], [20, 5], [21, 4], [22, 3], [22, 2], [23, 1], [24, 1]]
[[13, 8], [14, 7], [15, 6], [15, 5], [16, 6], [17, 5], [18, 5], [19, 4], [20, 3], [21, 2], [22, 1], [23, 0], [24, 1]]
[[13, 8], [14, 7], [15, 7], [16, 6], [17, 5], [17, 4], [18, 5], [19, 4], [20, 3], [21, 3], [22, 2], [23, 1], [24, 1]]
[[13, 8], [14, 7], [15, 7], [16, 7], [17, 7], [17, 6], [18, 5], [19, 4], [20, 3], [21, 2], [22, 2], [23, 1], [24, 1]]
[[13, 8], [13, 7], [14, 8], [15, 8], [16, 9], [17, 8], [18, 7], [19, 6], [19, 5], [20, 4], [21, 3], [22, 2], [23, 1], [24, 1]]
[[13, 8], [14, 7], [15, 6], [16, 5], [17, 5], [18, 5], [19, 4], [18, 3], [19, 2], [20, 1], [21, 0], [22, 0], [23, 1], [24, 1]]
