[[29, 4], [28, 4], [27, 5], [26, 6], [25, 7], [24, 6], [23, 7], [22, 8], [21, 8], [20, 9], [19, 9], [18, 8], [17, 9], [16, 9], [15, 10], [14, 11], [13, 12], [12, 13], [11, 14]]
[[29, 4], [28, 4], [27, 5], [26, 6], [25, 7], [24, 6], [23, 7], [22, 8], [21, 8], [20, 9], [19, 9], [18, 8], [17, 9], [16, 9], [15, 10], [14, 11], [13, 12], [12, 13], [11, 14]]
[[29, 4], [28, 4], [27, 5], [26, 6], [25, 7], [24, 8], [23, 8], [22, 9], [21, 10], [20, 11], [19, 12], [18, 11], [17, 12], [16, 13], [15, 14], [14, 15], [13, 14], [12, 13], [11, 14]]
[[29, 4], [28, 4], [27, 5], [26, 6], [25, 6], [24, 6], [23, 7], [22, 8], [21, 8], [20, 9], [19, 9], [18, 10], [17, 10], [16, 11], [15, 12], [14, 12], [13, 13], [12, 14], [11, 14]]
[[29, 4], [28, 4], [27, 5], [26, 6], [25, 6], [24, 6], [23, 7], [22, 8], [21, 8], [20, 9], [19, 10], [18, 11], [17, 11], [16, 12], [15, 13], [14, 14], [13, 14], [12, 13], [11, 14]]
[[29, 4], [28, 4], [27, 5], [26, 5], [25, 4], [24, 5], [23, 4], [22, 5], [21, 6], [20, 7], [19, 8], [18, 9], [17, 10], [16, 11], [15, 12], [14, 12], [13, 13], [12, 13], [11, 14]]
[[29, 4], [28, 4], [27, 5], [26, 5], [25, 5], [24, 6], [23, 7], [22, 8], [21, 8], [20, 9], [19, 9], [18, 9], [17, 10], [16, 9], [15, 10], [14, 11], [13, 12], [12, 13], [11, 14]]
[[29, 4], [29, 5], [28, 6], [27, 7], [26, 8], [25, 9], [24, 9], [23, 8], [22, 9], [21, 10], [20, 10], [19, 10], [18, 11], [17, 11], [16, 11], [15, 10], [14, 11], [13, 12], [12, 13], [11, 14]]
[[29, 4], [29, 5], [28, 6], [27, 7], [26, 8], [25, 9], [24, 9], [23, 10], [22, 11], [21, 11], [20, 11], [19, 12], [18, 13], [17, 13], [16, 14], [15, 15], [14, 16], [13, 15], [12, 15], [11, 14]]
[[29, 4], [29, 5], [28, 6], [27, 6], [26, 7], [25, 8], [24, 8], [23, 8], [22, 9], [21, 10], [20, 9], [19, 10], [18, 11], [17, 11], [16, 12], [15, 12], [14, 12], [13, 13], [12, 14], [11, 14]]
[[29, 4], [29, 5], [29, 6], [28, 6], [27, 7], [26, 8], [25, 9], [24, 8], [23, 7], [22, 8], [21, 8], [20, 9], [19, 9], [18, 10], [17, 11], [16, 11], [15, 10], [14, 9], [15, 9], [14, 9], [14, 10], [13, 11], [12, 12], [11, 13], [10, 12], [11, 13], [11, 14]]
[[29, 4], [29, 5], [29, 6], [28, 7], [27, 8], [26, 8], [25, 9], [24, 8], [23, 8], [22, 9], [21, 8], [20, 9], [20, 10], [19, 11], [18, 11], [17, 12], [16, 11], [15, 12], [14, 11], [13, 11], [12, 12], [13, 12], [12, 13], [13, 13], [12, 14], [12, 15], [11, 14]]
[[29, 4], [29, 5], [29, 6], [28, 7], [27, 8], [26, 8], [25, 9], [24, 8], [23, 8], [22, 9], [21, 8], [20, 9], [19, 10], [18, 9], [17, 8], [16, 8], [15, 7], [14, 7], [15, 7], [14, 8], [13, 9], [12, 10], [13, 11], [12, 12], [11, 11], [11, 12], [11, 13], [11, 14]]
[[29, 4], [29, 3], [28, 4], [27, 5], [26, 6], [25, 6], [24, 5], [24, 6], [23, 7], [23, 8], [23, 9], [22, 9], [21, 10], [20, 10], [19, 11], [18, 10], [17, 11], [16, 10], [15, 10], [16, 10], [15, 9], [14, 10], [13, 9], [13, 8], [12, 9], [12, 10], [13, 11], [13, 12], [12, 13], [11, 14]]
[[29, 4], [29, 5], [28, 6], [27, 7], [26, 8], [25, 9], [24, 9], [23, 9], [22, 9], [21, 8], [20, 7], [19, 8], [18, 8], [18, 7], [17, 8], [16, 8], [16, 9], [17, 9], [16, 8], [15, 7], [14, 7], [13, 8], [12, 8], [11, 9], [12, 10], [12, 11], [11, 12], [10, 12], [10, 13], [11, 14]]
[[29, 4], [28, 4], [27, 5], [27, 6], [26, 7], [25, 8], [24, 9], [25, 8], [24, 9], [23, 8], [22, 9], [21, 10], [20, 9], [19, 9], [19, 10], [18, 10], [17, 10], [16, 11], [16, 10], [15, 10], [16, 9], [15, 10], [14, 10], [13, 10], [13, 9], [12, 10], [11, 10], [12, 11], [12, 12], [11, 13], [11, 14]]
[[29, 4], [28, 4], [27, 5], [26, 5], [26, 6], [25, 7], [24, 8], [23, 8], [24, 9], [23, 8], [22, 9], [21, 10], [20, 10], [19, 11], [19, 10], [18, 10], [17, 9], [16, 9], [15, 9], [15, 8], [14, 8], [15, 7], [15, 8], [14, 7], [13, 7], [12, 8], [11, 9], [12, 10], [11, 11], [10, 12], [10, 13], [11, 14]]
[[29, 4], [29, 3], [28, 4], [27, 5], [26, 4], [25, 5], [25, 6], [24, 6], [23, 7], [22, 8], [21, 8], [20, 9], [19, 8], [18, 9], [17, 9], [18, 10], [17, 10], [16, 9], [16, 10], [16, 9], [15, 8], [16, 8], [15, 8], [14, 8], [13, 9], [12, 10], [11, 11], [12, 12], [13, 13], [12, 12], [11, 13], [11, 14]]
[[29, 4], [29, 5], [28, 6], [27, 6], [26, 5], [25, 4], [25, 5], [24, 6], [23, 7], [24, 8], [23, 9], [22, 9], [21, 8], [20, 9], [19, 9], [19, 10], [18, 11], [17, 11], [16, 11], [15, 10], [16, 10], [16, 9], [15, 9], [15, 8], [14, 7], [13, 8], [12, 8], [13, 9], [12, 10], [11, 10], [12, 9], [13, 10], [14, 11], [14, 12], [15, 13], [15, 14], [14, 15], [14, 16], [13, 15], [12, 15], [12, 16], [11, 17], [10, 18], [9, 17], [8, 18], [9, 18], [9, 17], [10, 18], [10, 17], [9, 16], [8, 16], [9, 15], [9, 14], [10, 13], [11, 14], [12, 14], [12, 15], [11, 14]]
[[29, 4], [29, 3], [28, 4], [27, 5], [26, 5], [25, 5], [24, 5], [24, 6], [23, 7], [22, 8], [23, 8], [22, 9], [21, 10], [20, 9], [19, 9], [18, 9], [18, 10], [17, 10], [16, 10], [15, 10], [14, 9], [15, 9], [15, 8], [14, 8], [14, 7], [15, 6], [15, 7], [16, 8], [17, 9], [16, 10], [17, 10], [18, 11], [19, 10], [18, 10], [17, 11], [17, 12], [16, 11], [16, 12], [16, 13], [16, 14], [17, 15], [18, 15], [17, 16], [16, 17], [17, 18], [18, 18], [17, 17], [16, 18], [17, 19], [16, 19], [15, 19], [15, 18], [15, 17], [14, 16], [13, 16], [13, 15], [12, 16], [11, 17], [11, 18], [10, 18], [10, 17], [9, 18], [9, 17], [8, 16], [8, 15], [7, 15], [7, 14], [8, 14], [9, 15], [9, 14], [9, 13], [10, 14], [10, 13], [11, 14]]
