[[10, 0], [9, 1], [8, 2], [7, 3], [6, 4], [6, 5], [7, 6], [6, 7], [5, 8], [6, 9], [7, 10]]
[[10, 0], [11, 1], [11, 2], [11, 3], [10, 4], [10, 5], [11, 6], [10, 7], [9, 8], [8, 9], [7, 10]]
[[10, 0], [9, 1], [8, 2], [7, 3], [6, 4], [6, 5], [7, 6], [6, 7], [5, 8], [6, 9], [7, 10]]
[[10, 0], [11, 1], [11, 2], [12, 3], [11, 4], [10, 5], [11, 6], [10, 7], [9, 8], [8, 9], [7, 10]]
[[10, 0], [9, 1], [8, 2], [7, 3], [6, 4], [6, 5], [7, 6], [6, 7], [5, 8], [6, 9], [7, 10]]
[[10, 0], [10, 1], [11, 2], [10, 3], [9, 4], [10, 5], [11, 6], [10, 7], [9, 8], [8, 9], [7, 10]]
[[10, 0], [9, 1], [8, 2], [7, 3], [8, 4], [7, 5], [7, 6], [6, 7], [6, 8], [6, 9], [7, 10]]
[[10, 0], [11, 1], [11, 2], [11, 3], [10, 4], [10, 5], [11, 6], [10, 7], [9, 8], [8, 9], [7, 10]]
[[10, 0], [9, 1], [8, 2], [8, 3], [8, 4], [7, 5], [6, 6], [6, 7], [7, 8], [8, 9], [7, 10]]
[[10, 0], [11, 1], [11, 2], [10, 3], [10, 4], [10, 5], [11, 6], [10, 7], [9, 8], [8, 9], [7, 10]]
[[10, 0], [11, 1], [12, 2], [11, 3], [11, 4], [12, 5], [11, 6], [10, 7], [9, 8], [8, 9], [7, 10]]
[[10, 0], [11, 1], [11, 2], [12, 3], [13, 4], [12, 4], [11, 5], [11, 6], [10, 7], [9, 8], [8, 9], [7, 10]]
[[10, 0], [11, 1], [11, 2], [12, 3], [13, 4], [12, 5], [11, 6], [10, 7], [9, 7], [9, 8], [8, 9], [7, 10]]
[[10, 0], [9, 1], [8, 2], [8, 3], [7, 4], [8, 4], [7, 5], [8, 4], [7, 5], [7, 6], [6, 7], [7, 8], [6, 9], [7, 10]]
[[10, 0], [9, 1], [8, 1], [7, 2], [8, 3], [7, 4], [6, 4], [7, 5], [7, 4], [7, 5], [6, 6], [6, 7], [7, 8], [6, 9], [7, 10]]
[[10, 0], [11, 1], [12, 2], [12, 3], [11, 3], [12, 3], [12, 4], [12, 5], [13, 6], [12, 5], [11, 6], [10, 7], [10, 8], [9, 8], [8, 9], [7, 10]]
[[10, 0], [9, 1], [8, 0], [8, 1], [7, 2], [7, 3], [7, 4], [7, 5], [7, 6], [8, 7], [7, 8], [8, 8], [7, 8], [8, 7], [8, 8], [8, 9], [7, 10]]
[[10, 0], [11, 1], [12, 2], [13, 3], [12, 3], [12, 4], [13, 4], [12, 5], [11, 5], [12, 6], [11, 6], [10, 7], [11, 8], [10, 8], [10, 7], [9, 7], [9, 8], [8, 9], [7, 10]]
[[10, 0], [11, 1], [12, 2], [13, 2], [14, 2], [13, 3], [12, 4], [12, 5], [11, 4], [10, 5], [11, 6], [11, 7], [12, 8], [11, 8], [11, 9], [10, 10], [9, 10], [8, 10], [8, 9], [7, 10]]
[[10, 0], [10, 1], [9, 1], [8, 2], [9, 1], [10, 1], [9, 2], [10, 3], [9, 3], [8, 4], [7, 3], [8, 2], [7, 2], [6, 3], [7, 3], [8, 4], [9, 4], [10, 4], [10, 5], [10, 4], [10, 3], [9, 4], [10, 5], [11, 6], [11, 7], [10, 7], [9, 7], [8, 8], [9, 8], [8, 7], [8, 8], [8, 9], [9, 8], [10, 8], [11, 9], [10, 10], [9, 9], [8, 9], [7, 10]]
