[[24, 13], [23, 13], [22, 13], [21, 14], [20, 13], [19, 14], [18, 14], [17, 14], [16, 15], [15, 14], [14, 15], [13, 14], [12, 15], [11, 16], [10, 17], [9, 17], [8, 18], [7, 19], [6, 18], [5, 17], [4, 17], [3, 17]]
[[24, 13], [23, 12], [22, 13], [21, 14], [20, 14], [19, 15], [18, 16], [17, 16], [16, 16], [15, 17], [14, 16], [13, 17], [12, 18], [11, 18], [10, 19], [9, 19], [8, 19], [7, 19], [6, 19], [5, 18], [4, 18], [3, 17]]
[[24, 13], [23, 13], [22, 14], [21, 13], [20, 14], [19, 15], [18, 16], [17, 16], [16, 15], [15, 14], [14, 15], [13, 16], [12, 17], [11, 16], [10, 16], [9, 17], [8, 18], [7, 17], [6, 17], [5, 18], [4, 18], [3, 17]]
[[24, 13], [23, 13], [22, 13], [21, 14], [20, 13], [19, 14], [18, 14], [17, 14], [16, 15], [15, 14], [14, 15], [13, 14], [12, 15], [11, 16], [10, 17], [9, 17], [8, 18], [7, 19], [6, 18], [5, 17], [4, 17], [3, 17]]
[[24, 13], [23, 13], [22, 14], [21, 13], [20, 12], [19, 11], [18, 12], [17, 13], [16, 13], [15, 14], [14, 14], [13, 15], [12, 16], [11, 16], [10, 17], [9, 18], [8, 19], [7, 19], [6, 19], [5, 19], [4, 18], [3, 17]]
[[24, 13], [23, 12], [22, 13], [21, 13], [20, 14], [19, 15], [18, 14], [17, 15], [16, 15], [15, 15], [14, 16], [13, 17], [12, 17], [11, 17], [10, 17], [9, 17], [8, 18], [7, 19], [6, 18], [5, 19], [4, 18], [3, 17]]
[[24, 13], [23, 12], [22, 13], [21, 13], [20, 14], [19, 15], [18, 14], [17, 14], [16, 13], [15, 14], [14, 14], [13, 15], [12, 15], [11, 15], [10, 16], [9, 17], [8, 17], [7, 16], [6, 17], [5, 16], [4, 17], [3, 17]]
[[24, 13], [23, 13], [22, 14], [21, 15], [20, 16], [19, 17], [18, 16], [17, 15], [16, 15], [15, 16], [14, 17], [13, 16], [12, 17], [11, 18], [10, 18], [9, 17], [8, 18], [7, 17], [6, 17], [5, 16], [4, 16], [3, 17]]
[[24, 13], [23, 14], [22, 15], [21, 15], [20, 16], [19, 15], [18, 15], [17, 16], [16, 15], [15, 14], [14, 15], [13, 15], [12, 16], [11, 16], [10, 17], [9, 16], [8, 17], [7, 17], [6, 16], [5, 17], [4, 18], [3, 17]]
[[24, 13], [23, 14], [22, 14], [21, 13], [20, 14], [19, 14], [18, 14], [17, 15], [16, 15], [15, 15], [14, 15], [13, 14], [12, 15], [11, 16], [10, 17], [9, 17], [8, 18], [7, 17], [6, 18], [5, 18], [4, 18], [3, 17]]
[[24, 13], [23, 14], [22, 14], [21, 15], [20, 15], [19, 16], [18, 15], [17, 14], [16, 15], [15, 15], [14, 14], [13, 15], [12, 16], [11, 16], [10, 17], [9, 18], [8, 19], [7, 19], [6, 18], [5, 17], [4, 16], [3, 17]]
[[24, 13], [23, 14], [22, 13], [21, 14], [20, 13], [19, 14], [18, 15], [17, 14], [16, 15], [15, 15], [14, 14], [13, 15], [12, 16], [11, 16], [10, 17], [9, 18], [8, 19], [7, 19], [6, 19], [5, 19], [4, 18], [3, 17]]
[[24, 13], [23, 14], [22, 15], [21, 15], [20, 15], [19, 14], [18, 14], [18, 15], [17, 15], [16, 16], [15, 16], [14, 16], [13, 17], [12, 17], [11, 18], [10, 19], [9, 19], [8, 19], [8, 18], [7, 17], [6, 17], [5, 17], [4, 16], [3, 17]]
[[24, 13], [23, 14], [22, 14], [21, 14], [20, 13], [19, 14], [19, 15], [18, 16], [17, 15], [16, 16], [15, 16], [14, 17], [13, 17], [12, 16], [11, 17], [10, 18], [9, 17], [8, 17], [8, 18], [7, 19], [6, 19], [5, 18], [4, 18], [3, 17]]
[[24, 13], [23, 12], [22, 13], [21, 13], [20, 14], [19, 15], [19, 16], [18, 17], [17, 18], [16, 19], [15, 18], [14, 18], [13, 17], [12, 17], [11, 18], [10, 18], [9, 17], [8, 17], [8, 18], [7, 19], [6, 18], [5, 17], [4, 16], [3, 17]]
[[24, 13], [23, 13], [24, 13], [23, 14], [22, 13], [21, 14], [20, 14], [19, 14], [18, 14], [17, 14], [16, 13], [15, 14], [14, 15], [13, 15], [13, 16], [12, 17], [11, 18], [10, 19], [9, 18], [8, 18], [7, 17], [6, 18], [5, 19], [4, 18], [3, 17]]
[[24, 13], [23, 13], [22, 14], [23, 14], [22, 15], [21, 15], [20, 16], [19, 17], [18, 16], [17, 16], [16, 15], [15, 15], [14, 15], [13, 16], [12, 17], [11, 18], [10, 17], [9, 17], [9, 18], [8, 19], [7, 19], [6, 18], [5, 18], [4, 17], [3, 17]]
[[24, 13], [23, 12], [22, 12], [21, 13], [20, 13], [20, 14], [20, 15], [19, 16], [18, 17], [17, 16], [16, 17], [15, 17], [15, 16], [14, 17], [13, 18], [13, 17], [12, 17], [11, 18], [10, 18], [10, 17], [9, 18], [8, 18], [7, 17], [6, 17], [5, 17], [4, 18], [3, 17]]
[[24, 13], [23, 13], [22, 14], [21, 14], [22, 14], [21, 15], [20, 16], [19, 16], [18, 16], [17, 16], [16, 16], [15, 16], [14, 16], [14, 17], [13, 18], [12, 17], [12, 16], [12, 17], [11, 17], [10, 16], [9, 16], [8, 17], [7, 16], [6, 17], [5, 18], [4, 17], [3, 18], [2, 17], [1, 16], [1, 17], [2, 16], [2, 17], [3, 17]]
[[24, 13], [23, 13], [22, 14], [23, 14], [22, 13], [21, 14], [22, 14], [22, 15], [21, 15], [20, 16], [19, 16], [18, 16], [19, 17], [18, 18], [18, 19], [17, 19], [16, 19], [15, 18], [14, 18], [13, 19], [12, 19], [11, 18], [10, 17], [9, 16], [9, 17], [9, 18], [10, 18], [9, 17], [8, 18], [8, 19], [7, 19], [6, 19], [5, 18], [5, 19], [6, 18], [6, 17], [5, 17], [4, 18], [3, 17]]
