[[16, 8], [16, 9], [15, 10], [16, 11], [15, 12], [14, 13], [15, 14], [14, 15], [13, 16]]
[[16, 8], [16, 9], [17, 10], [16, 11], [15, 12], [16, 13], [15, 14], [14, 15], [13, 16]]
[[16, 8], [16, 9], [17, 10], [17, 11], [16, 12], [15, 13], [14, 14], [13, 15], [13, 16]]
[[16, 8], [17, 9], [17, 10], [18, 11], [17, 12], [16, 13], [15, 14], [14, 15], [13, 16]]
[[16, 8], [16, 9], [15, 10], [14, 11], [15, 12], [14, 13], [15, 14], [14, 15], [13, 16]]
[[16, 8], [16, 9], [17, 10], [17, 11], [17, 12], [16, 13], [15, 14], [14, 15], [13, 16]]
[[16, 8], [16, 9], [15, 10], [16, 11], [15, 12], [14, 13], [15, 14], [14, 15], [13, 16]]
[[16, 8], [16, 9], [15, 10], [14, 11], [13, 12], [13, 13], [13, 14], [14, 15], [13, 16]]
[[16, 8], [15, 9], [15, 10], [16, 11], [15, 12], [14, 13], [13, 14], [13, 15], [13, 16]]
[[16, 8], [16, 9], [15, 10], [14, 11], [14, 12], [15, 13], [14, 14], [13, 15], [13, 16]]
[[16, 8], [16, 9], [16, 10], [16, 11], [16, 12], [16, 13], [15, 14], [14, 15], [13, 16]]
[[16, 8], [16, 9], [15, 10], [14, 11], [14, 12], [14, 13], [14, 14], [14, 15], [13, 16]]
[[16, 8], [15, 9], [14, 10], [13, 11], [14, 12], [15, 13], [14, 14], [13, 15], [13, 16]]
[[16, 8], [17, 9], [16, 10], [16, 11], [15, 12], [14, 13], [15, 14], [14, 15], [13, 16]]
[[16, 8], [16, 9], [15, 10], [14, 11], [13, 12], [14, 12], [13, 13], [12, 14], [13, 15], [13, 16]]
[[16, 8], [16, 9], [15, 10], [16, 11], [15, 12], [14, 13], [15, 14], [14, 15], [13, 15], [13, 16]]
[[16, 8], [15, 9], [16, 10], [16, 11], [15, 12], [16, 13], [15, 14], [14, 14], [13, 15], [13, 16]]
[[16, 8], [16, 9], [15, 10], [14, 11], [14, 12], [13, 13], [14, 14], [13, 14], [14, 15], [13, 16]]
[[16, 8], [16, 9], [15, 10], [14, 11], [14, 12], [15, 13], [16, 12], [16, 13], [16, 14], [15, 15], [15, 16], [14, 16], [13, 16]]
[[16, 8], [15, 9], [14, 8], [15, 9], [16, 10], [16, 11], [17, 12], [18, 13], [17, 14], [16, 14], [15, 14], [14, 15], [15, 15], [14, 16], [13, 16]]
