[[1, 5], [2, 6], [3, 7], [4, 8], [5, 8], [6, 9], [7, 10], [8, 9], [9, 10], [10, 10]]
[[1, 5], [2, 6], [3, 7], [4, 8], [5, 9], [6, 10], [7, 10], [8, 11], [9, 10], [10, 10]]
[[1, 5], [2, 6], [3, 7], [4, 8], [5, 9], [6, 10], [7, 10], [8, 9], [9, 10], [10, 10]]
[[1, 5], [2, 6], [3, 7], [4, 8], [5, 9], [6, 10], [7, 9], [8, 10], [9, 9], [10, 10]]
[[1, 5], [2, 6], [3, 7], [4, 8], [5, 8], [6, 9], [7, 10], [8, 9], [9, 10], [10, 10]]
[[1, 5], [2, 6], [3, 7], [4, 8], [5, 9], [6, 10], [7, 11], [8, 10], [9, 10], [10, 10]]
[[1, 5], [2, 6], [3, 7], [4, 8], [5, 7], [6, 8], [7, 8], [8, 9], [9, 9], [10, 10]]
[[1, 5], [2, 6], [3, 7], [4, 8], [5, 9], [6, 8], [7, 9], [8, 10], [9, 11], [10, 10]]
[[1, 5], [2, 6], [3, 7], [4, 7], [5, 8], [6, 9], [7, 10], [8, 10], [9, 11], [10, 10]]
[[1, 5], [2, 6], [3, 7], [4, 8], [5, 9], [6, 8], [7, 9], [8, 10], [9, 9], [10, 10]]
[[1, 5], [2, 6], [3, 7], [4, 8], [5, 8], [6, 8], [7, 9], [8, 9], [9, 10], [10, 10]]
[[1, 5], [2, 6], [3, 7], [4, 8], [5, 8], [6, 8], [7, 8], [8, 9], [9, 10], [10, 10]]
[[1, 5], [2, 6], [3, 7], [4, 7], [5, 8], [6, 8], [7, 8], [8, 9], [9, 9], [10, 10]]
[[1, 5], [2, 6], [3, 7], [3, 8], [4, 9], [5, 8], [6, 9], [7, 10], [8, 11], [9, 10], [10, 9], [10, 10]]
[[1, 5], [0, 6], [0, 7], [1, 7], [1, 8], [1, 9], [2, 8], [3, 9], [4, 8], [5, 9], [6, 10], [7, 11], [7, 10], [8, 9], [9, 10], [10, 10]]
[[1, 5], [2, 6], [1, 6], [2, 6], [3, 5], [4, 5], [4, 6], [4, 7], [3, 7], [4, 8], [3, 9], [2, 10], [2, 11], [2, 12], [3, 13], [2, 12], [3, 11], [3, 12], [4, 11], [4, 12], [5, 13], [6, 13], [6, 12], [7, 12], [8, 13], [7, 13], [6, 12], [5, 13], [4, 14], [4, 15], [5, 16], [4, 16], [3, 16], [2, 15], [1, 16], [1, 17], [0, 17], [1, 17], [2, 18], [3, 18], [2, 18], [3, 19], [4, 19], [3, 18], [4, 18], [4, 19], [5, 18], [4, 17], [5, 17], [5, 16], [6, 17], [7, 17], [8, 18], [9, 19], [8, 18], [8, 17], [9, 17], [10, 17], [11, 16], [12, 16], [12, 17], [13, 18], [14, 18], [15, 18], [15, 19], [15, 18], [16, 17], [16, 16], [17, 15], [16, 14], [15, 13], [16, 12], [17, 13], [18, 14], [18, 13], [19, 14], [20, 14], [21, 15], [22, 14], [21, 14], [22, 13], [22, 14], [23, 14], [23, 15], [22, 15], [23, 14], [24, 14], [24, 15], [24, 14], [24, 13], [25, 12], [26, 13], [27, 12], [26, 11], [27, 11], [28, 10], [28, 11], [27, 11], [28, 11], [27, 12], [26, 13], [25, 14], [26, 13], [27, 13], [26, 14], [27, 15], [26, 16], [26, 17], [26, 18], [25, 17], [24, 17], [23, 17], [23, 18], [23, 17], [23, 18], [22, 17], [21, 16], [20, 16], [19, 16], [20, 16], [19, 16], [18, 16], [19, 17], [19, 16], [19, 17], [19, 16], [19, 17], [20, 18], [21, 18], [21, 19], [22, 19], [23, 18], [24, 18], [25, 17], [25, 18], [26, 17], [27, 18], [27, 19], [27, 18], [26, 17], [26, 16], [27, 16], [28, 16], [28, 15], [28, 14], [28, 13], [29, 14], [28, 13], [28, 14], [28, 13], [28, 12], [29, 11], [29, 10], [29, 9], [28, 9], [28, 8], [27, 9], [26, 9], [26, 8], [27, 7], [26, 6], [27, 6], [27, 5], [26, 5], [25, 4], [25, 5], [24, 5], [24, 4], [23, 4], [23, 5], [22, 5], [21, 5], [22, 4], [23, 5], [22, 6], [23, 6], [23, 7], [22, 8], [21, 9], [22, 10], [23, 11], [22, 11], [22, 10], [23, 9], [22, 8], [23, 9], [22, 8], [21, 8], [22, 9], [21, 8], [20, 7], [19, 6], [20, 5], [19, 5], [18, 4], [18, 3], [19, 2], [19, 1], [18, 2], [18, 1], [17, 1], [17, 2], [17, 1], [18, 2], [17, 1], [16, 1], [15, 1], [15, 2], [16, 2], [16, 3], [17, 2], [18, 3], [18, 4], [18, 5], [19, 6], [18, 7], [18, 8], [17, 8], [18, 9], [17, 9], [18, 9], [19, 8], [19, 9], [19, 10], [18, 11], [17, 10], [16, 11], [15, 11], [14, 10], [15, 9], [14, 9], [14, 8], [14, 9], [13, 9], [13, 10], [12, 11], [11, 10], [11, 9], [10, 10]]
