[[26, 5], [25, 6], [24, 6], [23, 6], [22, 5], [21, 6], [20, 5], [19, 4], [18, 4], [17, 4], [16, 3], [15, 2], [14, 1], [13, 2], [12, 2], [11, 2], [10, 1], [9, 2], [8, 2], [7, 1], [6, 1], [5, 0], [4, 0]]
[[26, 5], [25, 6], [24, 6], [23, 6], [22, 5], [21, 5], [20, 5], [19, 4], [18, 3], [17, 2], [16, 2], [15, 2], [14, 3], [13, 2], [12, 2], [11, 2], [10, 1], [9, 2], [8, 3], [7, 2], [6, 1], [5, 1], [4, 0]]
[[26, 5], [25, 4], [24, 4], [23, 3], [22, 4], [21, 3], [20, 4], [19, 4], [18, 3], [17, 4], [16, 3], [15, 2], [14, 1], [13, 1], [12, 2], [11, 1], [10, 2], [9, 2], [8, 2], [7, 2], [6, 1], [5, 1], [4, 0]]
[[26, 5], [25, 6], [24, 6], [23, 6], [22, 5], [21, 6], [20, 5], [19, 4], [18, 4], [17, 4], [16, 3], [15, 2], [14, 1], [13, 2], [12, 2], [11, 2], [10, 1], [9, 2], [8, 2], [7, 1], [6, 1], [5, 0], [4, 0]]
[[26, 5], [25, 5], [24, 6], [23, 7], [22, 6], [21, 6], [20, 6], [19, 6], [18, 5], [17, 5], [16, 4], [15, 3], [14, 4], [13, 3], [12, 2], [11, 1], [10, 0], [9, 1], [8, 1], [7, 1], [6, 0], [5, 1], [4, 0]]
[[26, 5], [25, 4], [24, 4], [23, 5], [22, 4], [21, 4], [20, 3], [19, 2], [18, 2], [17, 2], [16, 1], [15, 2], [14, 1], [13, 2], [12, 3], [11, 3], [10, 2], [9, 1], [8, 1], [7, 2], [6, 1], [5, 1], [4, 0]]
[[26, 5], [25, 4], [24, 3], [23, 3], [22, 4], [21, 3], [20, 4], [19, 4], [18, 3], [17, 3], [16, 4], [15, 3], [14, 3], [13, 2], [12, 2], [11, 1], [10, 1], [9, 1], [8, 1], [7, 2], [6, 2], [5, 1], [4, 0]]
[[26, 5], [25, 4], [24, 3], [23, 3], [22, 4], [21, 4], [20, 4], [19, 3], [18, 2], [17, 1], [16, 2], [15, 3], [14, 4], [13, 4], [12, 5], [11, 4], [10, 4], [9, 3], [8, 3], [7, 2], [6, 2], [5, 1], [4, 0]]
[[26, 5], [25, 5], [24, 5], [23, 6], [22, 5], [21, 5], [20, 5], [19, 5], [18, 4], [17, 3], [16, 3], [15, 4], [14, 3], [13, 3], [12, 3], [11, 3], [10, 2], [9, 1], [8, 1], [7, 0], [6, 0], [5, 0], [4, 0]]
[[26, 5], [25, 6], [24, 5], [23, 5], [22, 6], [21, 5], [20, 6], [19, 6], [18, 7], [17, 6], [16, 5], [15, 5], [14, 4], [13, 3], [12, 2], [11, 1], [10, 0], [9, 0], [8, 1], [7, 2], [6, 2], [5, 1], [4, 0]]
[[26, 5], [25, 4], [24, 3], [23, 2], [22, 2], [21, 2], [20, 3], [19, 3], [18, 3], [17, 2], [16, 2], [15, 3], [14, 3], [13, 2], [12, 3], [11, 3], [10, 4], [9, 3], [8, 2], [7, 2], [6, 1], [5, 1], [4, 0]]
[[26, 5], [25, 5], [24, 4], [23, 5], [22, 4], [21, 3], [20, 3], [19, 2], [18, 1], [17, 2], [16, 1], [15, 2], [14, 2], [13, 3], [12, 2], [11, 1], [10, 2], [9, 3], [8, 2], [7, 1], [6, 2], [5, 1], [4, 0]]
[[26, 5], [25, 5], [24, 4], [23, 5], [22, 4], [21, 5], [20, 6], [19, 7], [18, 6], [17, 6], [16, 5], [15, 4], [14, 4], [13, 3], [12, 2], [11, 1], [10, 2], [9, 3], [8, 3], [7, 2], [6, 1], [5, 0], [4, 0]]
[[26, 5], [25, 4], [24, 4], [23, 3], [22, 4], [21, 4], [20, 4], [19, 3], [18, 2], [17, 2], [16, 2], [16, 1], [15, 2], [14, 1], [13, 1], [12, 1], [11, 1], [10, 2], [9, 3], [8, 4], [7, 3], [6, 2], [5, 1], [4, 0]]
[[26, 5], [25, 4], [24, 3], [23, 2], [23, 3], [22, 4], [21, 4], [20, 4], [20, 5], [19, 4], [18, 4], [17, 3], [16, 3], [16, 2], [15, 1], [14, 2], [13, 1], [12, 1], [11, 1], [10, 2], [9, 2], [8, 1], [7, 0], [6, 0], [5, 1], [4, 0]]
[[26, 5], [25, 5], [24, 6], [24, 7], [24, 6], [23, 7], [22, 6], [22, 5], [21, 4], [20, 4], [19, 4], [18, 3], [17, 2], [16, 3], [15, 2], [14, 1], [13, 0], [12, 1], [11, 2], [10, 1], [9, 2], [8, 1], [7, 2], [6, 1], [5, 0], [5, 1], [4, 0]]
[[26, 5], [25, 5], [25, 4], [24, 3], [23, 2], [23, 1], [22, 2], [21, 3], [20, 3], [19, 4], [20, 4], [19, 3], [18, 3], [17, 4], [16, 3], [15, 4], [14, 4], [14, 3], [13, 2], [12, 2], [11, 3], [10, 3], [9, 2], [8, 2], [7, 2], [6, 1], [5, 1], [4, 0]]
[[26, 5], [25, 5], [24, 5], [23, 5], [22, 4], [21, 3], [20, 4], [19, 3], [19, 2], [18, 1], [17, 1], [16, 1], [15, 0], [14, 1], [14, 0], [15, 1], [14, 0], [14, 1], [13, 2], [12, 1], [11, 1], [11, 2], [10, 3], [9, 2], [8, 3], [7, 3], [6, 2], [5, 1], [4, 0]]
[[26, 5], [27, 6], [26, 6], [26, 5], [25, 4], [24, 4], [23, 3], [22, 4], [21, 3], [20, 3], [19, 3], [18, 3], [17, 3], [16, 3], [16, 2], [15, 1], [14, 0], [13, 1], [13, 2], [12, 1], [11, 0], [12, 1], [13, 2], [12, 3], [11, 3], [10, 3], [11, 4], [10, 3], [11, 3], [10, 2], [9, 3], [8, 2], [7, 1], [6, 2], [5, 1], [4, 0]]
[[26, 5], [25, 5], [24, 4], [23, 3], [22, 4], [21, 4], [21, 3], [20, 3], [21, 2], [20, 3], [19, 2], [19, 3], [18, 2], [17, 2], [17, 1], [16, 1], [15, 1], [14, 2], [15, 1], [16, 2], [16, 1], [15, 0], [14, 1], [13, 1], [12, 1], [11, 1], [10, 1], [10, 2], [9, 2], [8, 1], [7, 0], [6, 0], [6, 1], [6, 0], [7, 0], [6, 0], [5, 0], [4, 0]]
