[[25, 1], [24, 0], [23, 1], [22, 1], [21, 2], [20, 3], [19, 3], [18, 4], [17, 5], [16, 6], [15, 5], [14, 4], [13, 4], [12, 4], [11, 5], [10, 5], [9, 6], [8, 7], [7, 7], [6, 8]]
[[25, 1], [24, 0], [23, 0], [22, 0], [21, 1], [20, 2], [19, 3], [18, 4], [17, 5], [16, 4], [15, 3], [14, 4], [13, 4], [12, 4], [11, 5], [10, 4], [9, 5], [8, 6], [7, 7], [6, 8]]
[[25, 1], [24, 0], [23, 1], [22, 1], [21, 2], [20, 3], [19, 3], [18, 4], [17, 5], [16, 6], [15, 5], [14, 4], [13, 4], [12, 4], [11, 5], [10, 5], [9, 6], [8, 7], [7, 7], [6, 8]]
[[25, 1], [24, 0], [23, 1], [22, 2], [21, 2], [20, 2], [19, 3], [18, 4], [17, 5], [16, 4], [15, 4], [14, 4], [13, 5], [12, 4], [11, 5], [10, 6], [9, 6], [8, 7], [7, 8], [6, 8]]
[[25, 1], [24, 0], [23, 1], [22, 2], [21, 2], [20, 2], [19, 3], [18, 4], [17, 5], [16, 4], [15, 4], [14, 3], [13, 2], [12, 3], [11, 4], [10, 5], [9, 6], [8, 7], [7, 7], [6, 8]]
[[25, 1], [24, 0], [23, 1], [22, 1], [21, 2], [20, 2], [19, 3], [18, 4], [17, 5], [16, 5], [15, 4], [14, 4], [13, 5], [12, 4], [11, 5], [10, 6], [9, 7], [8, 8], [7, 9], [6, 8]]
[[25, 1], [24, 0], [23, 1], [22, 2], [21, 1], [20, 2], [19, 3], [18, 4], [17, 5], [16, 4], [15, 3], [14, 4], [13, 3], [12, 3], [11, 3], [10, 4], [9, 5], [8, 6], [7, 7], [6, 8]]
[[25, 1], [24, 0], [23, 1], [22, 1], [21, 1], [20, 2], [19, 3], [18, 4], [17, 5], [16, 5], [15, 6], [14, 7], [13, 7], [12, 7], [11, 7], [10, 6], [9, 7], [8, 8], [7, 9], [6, 8]]
[[25, 1], [24, 0], [23, 1], [22, 1], [21, 2], [20, 3], [19, 4], [18, 4], [17, 5], [16, 4], [15, 3], [14, 4], [13, 3], [12, 4], [11, 5], [10, 6], [9, 5], [8, 6], [7, 7], [6, 8]]
[[25, 1], [24, 0], [23, 0], [22, 0], [21, 1], [20, 2], [19, 3], [18, 4], [17, 5], [16, 4], [15, 5], [14, 5], [13, 4], [12, 3], [11, 4], [10, 5], [9, 6], [8, 6], [7, 7], [6, 8]]
[[25, 1], [24, 0], [23, 1], [22, 1], [21, 2], [20, 3], [19, 4], [18, 4], [17, 5], [16, 5], [15, 5], [14, 4], [13, 3], [12, 3], [11, 4], [10, 5], [9, 5], [8, 6], [7, 7], [6, 8]]
[[25, 1], [24, 0], [23, 1], [22, 2], [21, 3], [20, 4], [19, 4], [18, 4], [17, 5], [16, 5], [15, 6], [14, 7], [13, 7], [12, 7], [11, 7], [10, 6], [9, 5], [8, 6], [7, 7], [6, 8]]
[[25, 1], [24, 0], [23, 1], [22, 1], [21, 2], [20, 3], [19, 4], [18, 4], [17, 5], [16, 6], [15, 6], [14, 7], [13, 7], [12, 8], [11, 8], [10, 8], [9, 7], [8, 6], [7, 7], [6, 8]]
[[25, 1], [24, 0], [23, 1], [22, 2], [21, 3], [20, 4], [19, 3], [18, 4], [17, 5], [16, 5], [15, 4], [14, 3], [13, 3], [12, 3], [11, 3], [10, 4], [9, 5], [8, 6], [7, 7], [6, 8]]
[[25, 1], [24, 0], [23, 1], [22, 1], [21, 2], [20, 3], [19, 4], [18, 4], [17, 5], [16, 6], [15, 7], [14, 7], [13, 7], [12, 7], [11, 7], [12, 8], [11, 7], [10, 6], [9, 5], [8, 6], [7, 7], [6, 8]]
[[25, 1], [24, 0], [23, 1], [22, 2], [21, 3], [20, 4], [19, 4], [18, 4], [17, 5], [16, 6], [15, 6], [14, 7], [13, 6], [12, 7], [11, 8], [10, 8], [9, 9], [9, 8], [9, 7], [8, 7], [7, 7], [6, 8]]
[[25, 1], [24, 0], [23, 1], [22, 2], [21, 3], [20, 4], [19, 4], [18, 4], [17, 5], [16, 6], [15, 6], [14, 7], [13, 6], [12, 7], [12, 8], [11, 8], [10, 8], [10, 7], [9, 7], [8, 7], [7, 8], [6, 8]]
[[25, 1], [24, 0], [23, 1], [22, 1], [21, 2], [20, 3], [19, 4], [18, 4], [17, 5], [17, 6], [16, 5], [15, 4], [14, 4], [13, 5], [12, 5], [11, 5], [10, 5], [9, 6], [8, 6], [7, 7], [7, 8], [6, 8]]
[[25, 1], [25, 0], [24, 0], [23, 1], [22, 2], [21, 2], [20, 3], [19, 3], [18, 4], [17, 5], [16, 4], [16, 5], [15, 5], [14, 5], [13, 6], [13, 7], [12, 7], [11, 6], [10, 5], [9, 6], [9, 7], [9, 8], [9, 7], [8, 8], [7, 9], [6, 8]]
[[25, 1], [25, 0], [24, 0], [23, 1], [22, 2], [21, 3], [20, 4], [19, 3], [18, 4], [17, 5], [16, 6], [15, 7], [16, 7], [15, 6], [15, 7], [14, 8], [13, 9], [12, 8], [12, 7], [11, 6], [10, 7], [9, 6], [8, 7], [7, 8], [8, 7], [7, 7], [6, 8]]
