[[14, 9], [13, 9], [12, 9], [11, 9], [10, 8], [9, 8], [8, 8], [7, 9], [6, 9], [5, 9], [4, 9]]
[[14, 9], [13, 9], [12, 10], [11, 9], [10, 9], [9, 8], [8, 7], [7, 8], [6, 9], [5, 9], [4, 9]]
[[14, 9], [13, 9], [12, 9], [11, 9], [10, 9], [9, 8], [8, 8], [7, 9], [6, 9], [5, 8], [4, 9]]
[[14, 9], [13, 9], [12, 9], [11, 9], [10, 10], [9, 10], [8, 10], [7, 10], [6, 9], [5, 10], [4, 9]]
[[14, 9], [13, 8], [12, 8], [11, 7], [10, 7], [9, 8], [8, 8], [7, 8], [6, 8], [5, 8], [4, 9]]
[[14, 9], [13, 9], [12, 9], [11, 9], [10, 8], [9, 8], [8, 8], [7, 9], [6, 9], [5, 9], [4, 9]]
[[14, 9], [13, 8], [12, 9], [11, 10], [10, 9], [9, 9], [8, 8], [7, 9], [6, 8], [5, 8], [4, 9]]
[[14, 9], [13, 9], [12, 9], [11, 9], [10, 10], [9, 10], [8, 10], [7, 10], [6, 9], [5, 10], [4, 9]]
[[14, 9], [13, 9], [12, 8], [11, 9], [10, 9], [9, 9], [8, 8], [7, 7], [6, 7], [5, 8], [4, 9]]
[[14, 9], [13, 8], [12, 8], [11, 7], [10, 7], [9, 6], [8, 7], [7, 8], [6, 9], [5, 9], [4, 9]]
[[14, 9], [13, 9], [12, 9], [11, 9], [10, 8], [9, 8], [8, 7], [7, 7], [6, 7], [5, 8], [4, 9]]
[[14, 9], [13, 9], [12, 8], [11, 7], [10, 7], [9, 6], [8, 7], [7, 8], [6, 9], [5, 9], [4, 9]]
[[14, 9], [13, 8], [12, 8], [11, 7], [10, 8], [9, 9], [8, 8], [7, 8], [6, 8], [5, 9], [4, 9]]
[[14, 9], [13, 8], [12, 8], [11, 7], [10, 7], [9, 8], [8, 7], [7, 8], [6, 8], [5, 9], [4, 9]]
[[14, 9], [13, 8], [12, 8], [11, 7], [10, 8], [9, 9], [8, 8], [7, 8], [6, 8], [5, 8], [4, 9]]
[[14, 9], [13, 9], [12, 10], [11, 10], [10, 9], [9, 9], [8, 8], [7, 9], [6, 8], [5, 9], [4, 8], [4, 9]]
[[14, 9], [13, 8], [12, 8], [11, 7], [10, 8], [9, 8], [8, 7], [8, 8], [7, 8], [6, 8], [5, 9], [4, 9]]
[[14, 9], [13, 9], [12, 8], [11, 9], [10, 8], [10, 7], [9, 6], [8, 5], [7, 6], [6, 6], [6, 7], [5, 8], [4, 9]]
[[14, 9], [14, 8], [13, 8], [12, 9], [11, 9], [10, 10], [9, 11], [8, 11], [7, 10], [7, 9], [6, 8], [5, 8], [4, 9], [5, 9], [4, 9]]
[[14, 9], [13, 9], [13, 8], [12, 7], [11, 6], [10, 7], [10, 8], [9, 9], [8, 8], [7, 8], [6, 9], [7, 10], [6, 9], [5, 10], [4, 10], [3, 10], [2, 9], [3, 9], [4, 9]]
