[[3, 13], [4, 12], [5, 11], [6, 11], [7, 10], [8, 11], [9, 10], [10, 11], [11, 10], [12, 11], [13, 10], [14, 9], [15, 8], [16, 7], [17, 6], [18, 5], [19, 4], [20, 3]]
[[3, 13], [4, 13], [5, 13], [6, 13], [7, 13], [8, 12], [9, 12], [10, 11], [11, 11], [12, 10], [13, 10], [14, 9], [15, 8], [16, 7], [17, 6], [18, 5], [19, 4], [20, 3]]
[[3, 13], [4, 12], [5, 11], [6, 11], [7, 10], [8, 11], [9, 10], [10, 11], [11, 10], [12, 11], [13, 10], [14, 9], [15, 8], [16, 7], [17, 6], [18, 5], [19, 4], [20, 3]]
[[3, 13], [4, 14], [5, 14], [6, 14], [7, 14], [8, 13], [9, 12], [10, 11], [11, 10], [12, 10], [13, 9], [14, 8], [15, 8], [16, 7], [17, 6], [18, 5], [19, 4], [20, 3]]
[[3, 13], [4, 14], [5, 13], [6, 12], [7, 13], [8, 12], [9, 11], [10, 12], [11, 11], [12, 10], [13, 10], [14, 9], [15, 8], [16, 7], [17, 6], [18, 5], [19, 4], [20, 3]]
[[3, 13], [4, 14], [5, 15], [6, 14], [7, 13], [8, 12], [9, 12], [10, 11], [11, 10], [12, 9], [13, 8], [14, 7], [15, 6], [16, 6], [17, 5], [18, 5], [19, 4], [20, 3]]
[[3, 13], [4, 12], [5, 12], [6, 11], [7, 11], [8, 10], [9, 11], [10, 11], [11, 12], [12, 11], [13, 10], [14, 9], [15, 8], [16, 7], [17, 6], [18, 5], [19, 4], [20, 3]]
[[3, 13], [4, 14], [5, 13], [6, 14], [7, 13], [8, 12], [9, 12], [10, 12], [11, 12], [12, 11], [13, 10], [14, 9], [15, 8], [16, 7], [17, 6], [18, 5], [19, 4], [20, 3]]
[[3, 13], [4, 12], [5, 11], [6, 11], [7, 10], [8, 9], [9, 9], [10, 9], [11, 9], [12, 9], [13, 9], [14, 8], [15, 8], [16, 7], [17, 6], [18, 5], [19, 4], [20, 3]]
[[3, 13], [4, 12], [5, 12], [6, 13], [7, 13], [8, 12], [9, 11], [10, 10], [11, 11], [12, 10], [13, 9], [14, 8], [15, 7], [16, 6], [17, 6], [18, 5], [19, 4], [20, 3]]
[[3, 13], [4, 14], [5, 14], [6, 14], [7, 14], [8, 13], [9, 12], [10, 12], [11, 11], [12, 10], [13, 10], [14, 9], [15, 8], [16, 7], [17, 6], [18, 5], [19, 4], [20, 3]]
[[3, 13], [4, 12], [5, 13], [6, 13], [7, 14], [8, 13], [9, 12], [10, 11], [11, 11], [12, 10], [13, 9], [14, 9], [15, 8], [16, 7], [17, 6], [18, 5], [19, 4], [20, 3]]
[[3, 13], [4, 12], [5, 11], [6, 12], [7, 11], [8, 10], [9, 11], [10, 10], [11, 9], [12, 9], [13, 10], [14, 9], [15, 8], [16, 7], [17, 6], [18, 5], [19, 4], [20, 3]]
[[3, 13], [4, 13], [5, 14], [6, 13], [7, 14], [8, 13], [9, 12], [10, 12], [11, 12], [12, 11], [12, 10], [13, 9], [14, 8], [15, 8], [16, 7], [17, 6], [18, 5], [19, 4], [20, 3]]
[[3, 13], [4, 13], [5, 12], [6, 11], [7, 10], [8, 11], [9, 10], [9, 11], [10, 11], [11, 10], [12, 9], [13, 9], [14, 8], [15, 7], [16, 7], [17, 6], [18, 5], [19, 4], [20, 3]]
[[3, 13], [4, 12], [5, 13], [6, 12], [7, 11], [8, 11], [9, 10], [10, 10], [11, 10], [12, 9], [13, 10], [13, 9], [14, 9], [15, 8], [16, 7], [17, 6], [18, 5], [19, 4], [20, 3]]
[[3, 13], [4, 12], [5, 11], [6, 12], [7, 11], [8, 12], [9, 11], [10, 11], [11, 10], [12, 9], [13, 9], [14, 8], [14, 7], [15, 6], [16, 6], [17, 6], [18, 6], [17, 5], [18, 5], [19, 4], [20, 3]]
[[3, 13], [4, 12], [5, 13], [6, 12], [7, 13], [8, 12], [9, 12], [10, 13], [11, 13], [12, 12], [13, 11], [12, 10], [13, 10], [12, 9], [13, 8], [14, 7], [15, 8], [16, 7], [17, 6], [18, 7], [19, 6], [18, 5], [19, 5], [20, 4], [20, 3]]
[[3, 13], [4, 14], [5, 13], [6, 14], [7, 14], [8, 13], [9, 12], [10, 11], [11, 11], [12, 10], [13, 9], [13, 8], [13, 7], [14, 6], [14, 5], [15, 4], [15, 3], [15, 2], [16, 2], [17, 3], [18, 3], [19, 2], [20, 1], [19, 0], [20, 0], [20, 1], [20, 2], [21, 2], [20, 1], [21, 1], [20, 2], [20, 3]]
[[3, 13], [3, 14], [3, 13], [3, 14], [4, 13], [3, 14], [4, 15], [5, 15], [6, 16], [7, 15], [8, 14], [9, 14], [10, 14], [9, 13], [10, 12], [10, 11], [11, 10], [12, 10], [13, 9], [14, 8], [14, 7], [14, 8], [15, 7], [16, 6], [16, 7], [17, 6], [18, 7], [18, 6], [18, 5], [19, 4], [20, 4], [20, 3]]
