[[16, 15], [17, 14], [18, 13], [19, 12], [20, 11], [21, 10], [22, 9], [23, 8], [23, 7], [23, 6], [23, 5]]
[[16, 15], [17, 14], [18, 13], [19, 12], [20, 11], [21, 10], [21, 9], [22, 8], [22, 7], [23, 6], [23, 5]]
[[16, 15], [17, 14], [18, 13], [19, 12], [20, 11], [21, 10], [22, 9], [22, 8], [22, 7], [23, 6], [23, 5]]
[[16, 15], [17, 14], [18, 13], [19, 12], [20, 11], [21, 10], [21, 9], [22, 8], [23, 7], [24, 6], [23, 5]]
[[16, 15], [17, 14], [18, 13], [19, 12], [20, 11], [21, 10], [22, 9], [23, 8], [23, 7], [23, 6], [23, 5]]
[[16, 15], [17, 14], [18, 13], [19, 12], [20, 11], [21, 10], [22, 9], [23, 8], [22, 7], [23, 6], [23, 5]]
[[16, 15], [17, 14], [18, 13], [19, 12], [20, 11], [21, 10], [22, 9], [23, 8], [23, 7], [23, 6], [23, 5]]
[[16, 15], [17, 14], [18, 13], [19, 12], [20, 11], [21, 10], [22, 9], [22, 8], [23, 7], [23, 6], [23, 5]]
[[16, 15], [17, 14], [18, 13], [19, 12], [20, 11], [20, 10], [21, 9], [22, 8], [22, 7], [23, 6], [23, 5]]
[[16, 15], [17, 14], [18, 13], [19, 12], [20, 11], [21, 10], [22, 9], [23, 8], [23, 7], [23, 6], [23, 5]]
[[16, 15], [17, 14], [18, 13], [19, 12], [20, 11], [21, 10], [22, 9], [22, 8], [22, 7], [23, 6], [23, 5]]
[[16, 15], [17, 14], [18, 13], [19, 12], [20, 11], [21, 10], [22, 9], [23, 8], [23, 7], [23, 6], [23, 5]]
[[16, 15], [17, 14], [18, 13], [19, 12], [20, 11], [21, 10], [22, 9], [23, 8], [24, 7], [23, 6], [23, 5]]
[[16, 15], [17, 14], [18, 13], [19, 12], [20, 11], [21, 10], [22, 9], [22, 8], [22, 7], [23, 6], [23, 5]]
[[16, 15], [17, 14], [18, 13], [19, 12], [20, 11], [20, 10], [21, 9], [22, 8], [22, 7], [23, 6], [23, 5]]
[[16, 15], [17, 14], [18, 13], [19, 12], [20, 11], [21, 10], [22, 9], [22, 8], [22, 7], [23, 6], [23, 5]]
[[16, 15], [17, 14], [17, 13], [17, 12], [17, 11], [17, 10], [18, 9], [19, 8], [20, 7], [20, 6], [21, 5], [22, 4], [23, 5]]
[[16, 15], [17, 14], [18, 13], [19, 12], [20, 12], [21, 11], [22, 12], [23, 11], [23, 10], [24, 9], [24, 8], [23, 7], [24, 6], [23, 5]]
[[16, 15], [17, 15], [18, 14], [19, 13], [20, 12], [21, 11], [20, 10], [19, 9], [20, 9], [20, 8], [19, 8], [20, 8], [21, 7], [20, 7], [21, 6], [22, 5], [23, 5]]
[[16, 15], [16, 14], [17, 13], [18, 13], [19, 12], [20, 12], [20, 11], [19, 10], [19, 9], [18, 10], [18, 9], [19, 9], [18, 8], [17, 8], [18, 8], [19, 7], [19, 6], [19, 5], [19, 4], [20, 5], [21, 6], [22, 7], [21, 6], [22, 5], [23, 5]]
