[[16, 5], [17, 5], [18, 4], [19, 3], [20, 2], [20, 1], [21, 0], [22, 0], [23, 0]]
[[16, 5], [17, 5], [18, 4], [19, 3], [20, 2], [20, 1], [21, 0], [22, 0], [23, 0]]
[[16, 5], [17, 5], [18, 4], [18, 3], [19, 2], [20, 1], [21, 0], [22, 0], [23, 0]]
[[16, 5], [17, 5], [18, 4], [19, 3], [20, 2], [20, 1], [21, 0], [22, 0], [23, 0]]
[[16, 5], [17, 5], [18, 4], [18, 3], [19, 2], [20, 1], [21, 0], [22, 0], [23, 0]]
[[16, 5], [17, 5], [18, 4], [19, 3], [19, 2], [20, 1], [21, 0], [22, 0], [23, 0]]
[[16, 5], [17, 5], [18, 4], [19, 3], [20, 2], [20, 1], [21, 0], [22, 0], [23, 0]]
[[16, 5], [17, 5], [18, 4], [19, 3], [19, 2], [20, 1], [21, 0], [22, 0], [23, 0]]
[[16, 5], [17, 5], [18, 4], [18, 3], [19, 2], [20, 1], [21, 0], [22, 0], [23, 0]]
[[16, 5], [17, 5], [18, 4], [19, 3], [20, 2], [20, 1], [21, 0], [22, 0], [23, 0]]
[[16, 5], [16, 4], [17, 3], [18, 4], [18, 3], [19, 2], [20, 1], [21, 0], [22, 0], [23, 0]]
[[16, 5], [16, 4], [17, 3], [18, 4], [18, 3], [19, 2], [20, 1], [21, 0], [22, 0], [23, 0]]
[[16, 5], [17, 5], [18, 6], [17, 6], [18, 7], [19, 6], [19, 5], [20, 4], [21, 5], [22, 4], [21, 3], [22, 2], [22, 3], [23, 3], [24, 2], [23, 1], [24, 1], [24, 0], [25, 1], [24, 0], [23, 0]]
[[16, 5], [15, 6], [14, 5], [14, 6], [13, 5], [13, 4], [14, 3], [13, 2], [14, 2], [15, 1], [14, 1], [15, 0], [16, 0], [17, 0], [18, 0], [19, 0], [19, 1], [20, 0], [21, 0], [20, 1], [21, 2], [22, 2], [22, 3], [23, 4], [22, 5], [21, 4], [20, 5], [21, 5], [21, 6], [21, 7], [20, 8], [20, 9], [21, 10], [22, 10], [21, 9], [22, 8], [21, 8], [22, 9], [23, 8], [24, 7], [24, 6], [25, 7], [26, 6], [26, 7], [27, 6], [28, 6], [29, 7], [29, 6], [28, 7], [28, 6], [28, 5], [28, 4], [28, 3], [29, 2], [29, 1], [28, 1], [29, 0], [28, 0], [27, 1], [27, 0], [26, 1], [27, 1], [26, 2], [25, 1], [25, 2], [24, 1], [25, 1], [24, 0], [23, 1], [23, 0]]
[[16, 5], [16, 4], [15, 4], [14, 4], [13, 5], [14, 6], [15, 5], [16, 6], [17, 7], [16, 8], [17, 9], [18, 10], [18, 9], [19, 9], [19, 8], [19, 7], [19, 8], [18, 7], [17, 7], [17, 6], [18, 6], [17, 5], [16, 4], [17, 3], [18, 4], [19, 3], [20, 3], [20, 2], [20, 3], [20, 2], [21, 2], [20, 3], [20, 4], [21, 4], [20, 5], [19, 6], [20, 6], [21, 5], [21, 6], [22, 7], [22, 8], [22, 9], [21, 9], [22, 10], [22, 11], [22, 12], [21, 11], [21, 12], [22, 13], [23, 13], [23, 14], [24, 14], [25, 15], [26, 15], [27, 14], [28, 13], [28, 12], [29, 11], [28, 10], [28, 11], [27, 11], [26, 10], [26, 9], [27, 8], [27, 7], [27, 6], [28, 5], [29, 5], [28, 5], [27, 4], [26, 3], [27, 3], [28, 2], [28, 3], [27, 2], [26, 3], [25, 3], [26, 3], [25, 2], [24, 1], [23, 2], [23, 1], [24, 0], [24, 1], [25, 0], [24, 0], [23, 0]]
