[[8, 13], [9, 12], [9, 11], [10, 10], [10, 9], [10, 8], [11, 7], [12, 6], [12, 5], [13, 4], [13, 3], [13, 2], [14, 1], [15, 0]]
[[8, 13], [8, 12], [9, 11], [10, 10], [10, 9], [11, 8], [12, 7], [13, 6], [13, 5], [14, 4], [13, 3], [14, 2], [15, 1], [15, 0]]
[[8, 13], [8, 12], [8, 11], [9, 10], [10, 9], [10, 8], [11, 7], [12, 6], [12, 5], [13, 4], [13, 3], [13, 2], [14, 1], [15, 0]]
[[8, 13], [9, 12], [9, 11], [10, 10], [10, 9], [10, 8], [11, 7], [12, 6], [12, 5], [13, 4], [13, 3], [13, 2], [14, 1], [15, 0]]
[[8, 13], [9, 12], [9, 11], [10, 10], [9, 9], [10, 8], [10, 7], [11, 6], [12, 5], [12, 4], [13, 3], [13, 2], [14, 1], [15, 0]]
[[8, 13], [8, 12], [9, 11], [9, 10], [10, 9], [10, 8], [11, 7], [12, 6], [12, 5], [13, 4], [13, 3], [13, 2], [14, 1], [15, 0]]
[[8, 13], [8, 12], [9, 11], [10, 10], [10, 9], [10, 8], [11, 7], [10, 6], [11, 5], [11, 4], [12, 3], [13, 2], [14, 1], [15, 0]]
[[8, 13], [9, 12], [9, 11], [10, 10], [11, 9], [11, 8], [11, 7], [10, 6], [11, 5], [12, 4], [13, 3], [14, 2], [15, 1], [15, 0]]
[[8, 13], [8, 12], [9, 11], [10, 10], [11, 9], [12, 8], [12, 7], [13, 6], [13, 5], [14, 4], [15, 3], [16, 2], [15, 1], [15, 0]]
[[8, 13], [7, 12], [8, 11], [8, 10], [9, 9], [10, 8], [10, 7], [11, 6], [12, 5], [13, 4], [13, 3], [14, 2], [14, 1], [15, 0]]
[[8, 13], [8, 12], [9, 11], [10, 10], [11, 9], [11, 8], [12, 7], [13, 6], [14, 5], [14, 4], [15, 3], [14, 2], [15, 1], [15, 0]]
[[8, 13], [7, 12], [8, 11], [9, 10], [9, 9], [10, 8], [10, 7], [10, 6], [10, 5], [11, 4], [12, 3], [13, 2], [14, 1], [15, 0]]
[[8, 13], [9, 12], [9, 11], [10, 10], [10, 9], [11, 9], [10, 8], [11, 7], [12, 6], [12, 5], [11, 4], [12, 3], [13, 2], [14, 1], [14, 0], [15, 0]]
[[8, 13], [8, 12], [9, 11], [9, 10], [10, 9], [11, 8], [12, 7], [12, 6], [11, 5], [12, 4], [13, 3], [12, 4], [13, 3], [14, 2], [14, 1], [15, 0], [16, 0], [15, 0], [14, 0], [15, 0]]
[[8, 13], [9, 13], [10, 12], [9, 12], [9, 11], [10, 12], [11, 11], [11, 10], [11, 9], [12, 8], [11, 8], [12, 7], [12, 6], [13, 6], [14, 5], [15, 4], [16, 3], [16, 2], [15, 1], [15, 0]]
[[8, 13], [9, 13], [9, 12], [10, 12], [9, 13], [10, 12], [11, 11], [11, 10], [11, 9], [12, 8], [11, 7], [11, 6], [11, 5], [12, 5], [13, 4], [14, 4], [15, 3], [16, 3], [16, 2], [16, 1], [15, 0]]
[[8, 13], [9, 12], [10, 13], [9, 13], [10, 13], [10, 12], [11, 11], [11, 10], [12, 10], [12, 9], [13, 8], [12, 7], [12, 6], [12, 5], [13, 4], [14, 5], [15, 4], [16, 3], [17, 2], [16, 1], [15, 0]]
[[8, 13], [9, 13], [10, 13], [11, 12], [11, 11], [11, 10], [11, 9], [12, 8], [13, 9], [13, 8], [14, 8], [13, 9], [14, 8], [15, 7], [16, 6], [16, 5], [15, 4], [14, 3], [15, 2], [16, 1], [15, 1], [15, 0]]
[[8, 13], [7, 14], [6, 13], [6, 12], [7, 13], [6, 12], [7, 12], [8, 11], [9, 10], [10, 9], [9, 8], [9, 7], [9, 8], [10, 7], [11, 7], [10, 7], [11, 6], [12, 6], [13, 5], [14, 4], [14, 3], [15, 3], [15, 2], [16, 1], [16, 0], [17, 1], [16, 1], [15, 0]]
[[8, 13], [8, 12], [9, 11], [10, 10], [10, 9], [9, 10], [10, 9], [9, 8], [8, 8], [9, 7], [10, 8], [11, 8], [10, 7], [11, 7], [12, 6], [13, 5], [12, 4], [13, 3], [13, 2], [14, 3], [15, 3], [14, 2], [14, 3], [13, 2], [12, 1], [13, 0], [14, 0], [15, 0]]
