[[22, 11], [22, 10], [22, 9], [22, 8], [21, 7], [21, 6], [20, 5]]
[[22, 11], [23, 10], [24, 9], [23, 8], [22, 7], [21, 6], [20, 5]]
[[22, 11], [22, 10], [21, 9], [21, 8], [22, 7], [21, 6], [20, 5]]
[[22, 11], [23, 10], [22, 9], [22, 8], [21, 7], [21, 6], [20, 5]]
[[22, 11], [23, 10], [22, 9], [23, 8], [22, 7], [21, 6], [20, 5]]
[[22, 11], [21, 10], [21, 9], [21, 8], [21, 7], [21, 6], [20, 5]]
[[22, 11], [23, 10], [24, 9], [23, 8], [22, 7], [21, 6], [20, 5]]
[[22, 11], [23, 10], [24, 9], [23, 8], [22, 7], [21, 6], [20, 5]]
[[22, 11], [22, 10], [22, 9], [21, 8], [21, 7], [21, 6], [20, 5]]
[[22, 11], [22, 10], [22, 9], [22, 8], [21, 7], [21, 6], [20, 5]]
[[22, 11], [23, 10], [22, 9], [21, 8], [21, 7], [21, 6], [20, 5]]
[[22, 11], [21, 10], [20, 9], [21, 8], [22, 7], [21, 6], [20, 5]]
[[22, 11], [21, 10], [21, 9], [22, 8], [22, 7], [21, 6], [20, 5]]
[[22, 11], [21, 10], [22, 9], [23, 8], [22, 7], [21, 7], [21, 6], [20, 5]]
[[22, 11], [22, 10], [21, 10], [22, 10], [22, 9], [21, 8], [22, 7], [21, 6], [20, 5]]
[[22, 11], [21, 10], [22, 11], [23, 11], [24, 10], [25, 9], [24, 8], [23, 8], [22, 8], [21, 7], [21, 6], [20, 5]]
[[22, 11], [23, 10], [24, 11], [24, 10], [24, 9], [23, 8], [22, 7], [21, 7], [21, 8], [20, 7], [20, 8], [19, 8], [18, 7], [18, 6], [17, 6], [18, 5], [19, 5], [19, 4], [20, 5]]
[[22, 11], [23, 11], [22, 12], [23, 13], [24, 12], [25, 13], [25, 14], [26, 14], [26, 13], [27, 13], [28, 12], [28, 13], [28, 14], [27, 14], [28, 15], [28, 16], [27, 17], [26, 17], [25, 16], [25, 15], [26, 16], [26, 15], [27, 15], [27, 16], [28, 17], [29, 16], [29, 15], [29, 14], [29, 13], [28, 12], [27, 12], [26, 11], [27, 10], [28, 9], [27, 10], [27, 9], [26, 9], [25, 8], [26, 8], [25, 7], [24, 8], [25, 8], [25, 9], [24, 9], [23, 8], [22, 9], [22, 10], [23, 10], [22, 10], [21, 11], [20, 11], [21, 10], [20, 9], [19, 9], [20, 9], [21, 8], [20, 7], [19, 7], [20, 7], [19, 7], [19, 6], [18, 5], [17, 5], [18, 4], [17, 3], [18, 4], [18, 5], [19, 6], [20, 5]]
[[22, 11], [23, 11], [22, 12], [23, 13], [24, 12], [25, 13], [25, 14], [26, 14], [26, 13], [27, 13], [28, 12], [28, 13], [28, 14], [27, 14], [28, 15], [28, 16], [27, 17], [26, 17], [25, 16], [25, 15], [26, 16], [26, 15], [27, 15], [27, 16], [28, 17], [29, 16], [29, 15], [29, 14], [29, 13], [29, 12], [29, 11], [29, 10], [28, 9], [27, 10], [28, 11], [28, 10], [29, 9], [29, 8], [28, 8], [27, 7], [26, 6], [25, 7], [24, 7], [23, 8], [24, 8], [25, 9], [26, 8], [27, 9], [26, 9], [25, 8], [26, 7], [27, 6], [26, 5], [26, 4], [25, 5], [24, 5], [24, 4], [24, 3], [23, 3], [23, 4], [23, 5], [22, 6], [21, 6], [21, 5], [21, 4], [21, 3], [21, 2], [20, 2], [20, 1], [19, 2], [18, 1], [17, 2], [16, 2], [15, 2], [14, 1], [14, 0], [15, 0], [15, 1], [14, 2], [15, 3], [16, 3], [17, 3], [18, 4], [18, 5], [17, 5], [17, 4], [18, 3], [18, 2], [19, 3], [20, 4], [20, 5]]
