[[5, 6], [6, 7], [7, 8], [8, 9], [9, 10], [10, 11], [11, 11], [12, 12], [13, 13], [13, 14]]
[[5, 6], [6, 7], [7, 8], [8, 9], [9, 10], [10, 11], [11, 12], [12, 12], [13, 13], [13, 14]]
[[5, 6], [6, 7], [7, 8], [8, 9], [9, 9], [10, 10], [11, 11], [12, 12], [13, 13], [13, 14]]
[[5, 6], [6, 7], [7, 8], [8, 9], [9, 10], [10, 11], [11, 11], [12, 12], [13, 13], [13, 14]]
[[5, 6], [6, 7], [7, 8], [8, 9], [9, 10], [10, 10], [11, 11], [12, 12], [13, 13], [13, 14]]
[[5, 6], [6, 7], [7, 8], [8, 9], [9, 10], [10, 11], [11, 11], [12, 12], [13, 13], [13, 14]]
[[5, 6], [6, 7], [7, 8], [8, 9], [9, 10], [10, 11], [11, 12], [12, 12], [13, 13], [13, 14]]
[[5, 6], [6, 7], [7, 8], [8, 9], [9, 10], [10, 11], [11, 11], [12, 12], [13, 13], [13, 14]]
[[5, 6], [6, 7], [7, 8], [8, 9], [9, 10], [10, 11], [11, 12], [12, 12], [13, 13], [13, 14]]
[[5, 6], [6, 7], [7, 8], [8, 9], [9, 9], [10, 10], [11, 11], [12, 12], [13, 13], [13, 14]]
[[5, 6], [6, 7], [7, 8], [8, 9], [9, 10], [10, 11], [11, 11], [12, 12], [13, 13], [13, 14]]
[[5, 6], [6, 7], [7, 8], [8, 9], [9, 10], [10, 9], [11, 10], [12, 11], [13, 12], [13, 13], [13, 14]]
[[5, 6], [6, 7], [7, 8], [8, 9], [9, 10], [9, 11], [10, 12], [11, 12], [12, 12], [13, 13], [13, 14]]
[[5, 6], [6, 7], [7, 8], [8, 9], [9, 10], [10, 11], [11, 11], [12, 11], [12, 12], [13, 13], [12, 14], [13, 14]]
[[5, 6], [6, 7], [5, 8], [6, 8], [7, 9], [8, 9], [9, 10], [9, 11], [10, 12], [11, 12], [12, 12], [13, 13], [14, 14], [13, 14]]
[[5, 6], [6, 6], [7, 7], [8, 7], [7, 8], [7, 9], [8, 9], [9, 10], [10, 10], [11, 10], [11, 11], [12, 12], [13, 13], [13, 14]]
[[5, 6], [6, 7], [5, 8], [6, 9], [7, 8], [7, 9], [8, 9], [9, 10], [10, 10], [11, 10], [11, 11], [12, 12], [13, 13], [13, 14]]
[[5, 6], [6, 6], [6, 7], [7, 7], [6, 7], [6, 8], [7, 8], [8, 9], [9, 8], [10, 8], [11, 9], [12, 9], [11, 10], [12, 11], [12, 12], [13, 11], [14, 11], [15, 12], [15, 13], [15, 12], [14, 12], [13, 13], [13, 14]]
[[5, 6], [6, 6], [7, 7], [6, 8], [6, 9], [7, 9], [8, 10], [9, 9], [10, 8], [11, 9], [10, 9], [9, 10], [10, 11], [10, 12], [10, 13], [11, 14], [11, 15], [12, 14], [11, 14], [12, 14], [11, 15], [12, 16], [13, 15], [13, 14]]
[[5, 6], [5, 5], [6, 6], [6, 7], [7, 7], [7, 8], [6, 9], [6, 10], [7, 9], [8, 9], [8, 10], [9, 9], [8, 10], [9, 11], [8, 12], [7, 13], [8, 14], [9, 15], [9, 14], [10, 15], [11, 16], [11, 15], [12, 15], [13, 16], [14, 16], [15, 17], [16, 17], [15, 17], [14, 16], [14, 15], [13, 14]]
