[[11, 3], [12, 2], [13, 3], [14, 3], [15, 2], [16, 2], [17, 2], [18, 1], [19, 0]]
[[11, 3], [12, 3], [13, 3], [14, 2], [15, 2], [16, 1], [17, 1], [18, 1], [19, 0]]
[[11, 3], [12, 3], [13, 4], [14, 3], [15, 2], [16, 3], [17, 2], [18, 1], [19, 0]]
[[11, 3], [12, 2], [13, 3], [14, 3], [15, 2], [16, 2], [17, 2], [18, 1], [19, 0]]
[[11, 3], [12, 2], [13, 3], [14, 2], [15, 2], [16, 1], [17, 2], [18, 1], [19, 0]]
[[11, 3], [12, 2], [13, 3], [14, 2], [15, 3], [16, 3], [17, 2], [18, 1], [19, 0]]
[[11, 3], [12, 3], [13, 3], [14, 3], [15, 3], [16, 3], [17, 2], [18, 1], [19, 0]]
[[11, 3], [12, 2], [13, 3], [14, 2], [15, 1], [16, 2], [17, 1], [18, 0], [19, 0]]
[[11, 3], [12, 2], [13, 3], [14, 3], [15, 2], [16, 2], [17, 1], [18, 0], [19, 0]]
[[11, 3], [12, 2], [13, 1], [14, 1], [15, 2], [16, 1], [17, 1], [18, 0], [19, 0]]
[[11, 3], [12, 2], [13, 3], [14, 2], [15, 1], [16, 2], [17, 1], [18, 1], [19, 0]]
[[11, 3], [12, 2], [13, 1], [14, 1], [15, 1], [16, 2], [17, 2], [17, 1], [18, 1], [19, 0]]
[[11, 3], [12, 3], [13, 3], [14, 2], [15, 2], [16, 1], [16, 0], [17, 1], [18, 0], [19, 0]]
[[11, 3], [12, 2], [13, 3], [14, 2], [15, 1], [16, 2], [17, 1], [18, 1], [18, 0], [19, 0]]
[[11, 3], [12, 2], [13, 3], [14, 3], [15, 2], [16, 1], [17, 2], [18, 1], [18, 0], [19, 0]]
[[11, 3], [10, 2], [11, 1], [12, 1], [13, 1], [13, 0], [14, 1], [15, 0], [16, 1], [17, 2], [18, 2], [19, 2], [20, 1], [21, 0], [20, 1], [19, 0]]
[[11, 3], [11, 4], [12, 3], [13, 3], [14, 3], [15, 4], [14, 5], [15, 5], [15, 4], [16, 3], [17, 3], [18, 3], [17, 2], [18, 1], [19, 1], [20, 1], [20, 0], [19, 0], [20, 1], [19, 1], [19, 0]]
[[11, 3], [12, 2], [13, 1], [14, 2], [15, 2], [16, 1], [17, 2], [18, 3], [19, 3], [18, 3], [18, 4], [19, 4], [18, 3], [18, 4], [19, 5], [19, 4], [19, 3], [18, 2], [19, 1], [18, 1], [19, 0]]
[[11, 3], [12, 2], [12, 1], [11, 0], [12, 0], [13, 1], [14, 1], [15, 2], [16, 2], [16, 3], [17, 4], [18, 3], [17, 2], [18, 3], [18, 4], [19, 3], [19, 4], [20, 4], [21, 5], [22, 4], [22, 3], [21, 2], [22, 2], [23, 1], [22, 2], [21, 1], [20, 2], [19, 1], [20, 2], [20, 1], [19, 0], [18, 1], [19, 1], [19, 0]]
[[11, 3], [10, 3], [10, 2], [9, 1], [8, 0], [7, 1], [8, 0], [7, 1], [8, 0], [9, 0], [10, 0], [11, 1], [12, 0], [12, 1], [13, 1], [13, 0], [14, 1], [14, 2], [15, 3], [16, 3], [17, 2], [18, 3], [18, 2], [18, 3], [19, 3], [20, 3], [20, 2], [21, 2], [21, 1], [22, 1], [22, 2], [23, 1], [24, 2], [24, 3], [25, 3], [26, 4], [25, 4], [24, 3], [25, 4], [26, 4], [27, 3], [28, 2], [29, 2], [28, 1], [27, 1], [26, 0], [27, 1], [27, 2], [26, 1], [25, 0], [24, 1], [25, 2], [24, 3], [25, 4], [24, 5], [23, 6], [22, 7], [22, 8], [23, 9], [24, 10], [25, 11], [26, 12], [27, 13], [26, 14], [25, 13], [24, 14], [24, 13], [23, 13], [22, 14], [21, 14], [20, 14], [21, 15], [22, 16], [22, 15], [22, 14], [22, 15], [22, 16], [23, 17], [24, 18], [23, 18], [22, 18], [21, 19], [20, 18], [21, 19], [21, 18], [21, 19], [20, 18], [19, 19], [18, 18], [17, 17], [18, 17], [19, 16], [18, 15], [19, 15], [18, 14], [19, 13], [20, 14], [21, 13], [22, 12], [22, 11], [23, 11], [22, 10], [22, 9], [23, 10], [22, 10], [21, 9], [21, 8], [22, 7], [23, 6], [22, 7], [22, 6], [22, 5], [23, 4], [22, 4], [22, 3], [21, 2], [22, 3], [21, 2], [22, 1], [21, 1], [20, 1], [19, 0]]
