[[20, 2], [21, 2], [22, 3], [21, 4], [22, 5], [23, 6], [24, 7], [25, 8], [26, 9]]
[[20, 2], [21, 2], [22, 3], [23, 4], [24, 5], [25, 6], [26, 7], [25, 8], [26, 9]]
[[20, 2], [21, 2], [22, 3], [23, 4], [24, 5], [25, 6], [26, 7], [26, 8], [26, 9]]
[[20, 2], [21, 3], [22, 3], [23, 4], [24, 5], [24, 6], [25, 7], [25, 8], [26, 9]]
[[20, 2], [21, 2], [22, 3], [21, 4], [22, 5], [23, 6], [24, 7], [25, 8], [26, 9]]
[[20, 2], [21, 3], [22, 3], [23, 4], [24, 5], [25, 6], [25, 7], [26, 8], [26, 9]]
[[20, 2], [21, 3], [22, 3], [23, 4], [24, 5], [24, 6], [24, 7], [25, 8], [26, 9]]
[[20, 2], [21, 2], [22, 3], [23, 4], [24, 5], [25, 6], [24, 7], [25, 8], [26, 9]]
[[20, 2], [21, 2], [22, 3], [23, 4], [24, 5], [24, 6], [25, 7], [25, 8], [26, 9]]
[[20, 2], [21, 3], [22, 3], [23, 4], [23, 5], [24, 6], [25, 7], [26, 8], [26, 9]]
[[20, 2], [21, 2], [22, 3], [23, 4], [24, 5], [25, 6], [26, 7], [26, 8], [26, 9]]
[[20, 2], [21, 2], [20, 3], [21, 4], [22, 5], [23, 6], [24, 7], [25, 8], [26, 9]]
[[20, 2], [21, 3], [22, 3], [23, 4], [24, 5], [25, 6], [24, 7], [25, 8], [26, 9]]
[[20, 2], [21, 2], [22, 3], [23, 4], [24, 5], [25, 6], [25, 7], [24, 7], [25, 8], [26, 9]]
[[20, 2], [21, 3], [22, 2], [22, 3], [23, 4], [24, 5], [25, 6], [26, 7], [25, 8], [26, 9]]
[[20, 2], [21, 2], [22, 2], [23, 3], [24, 4], [23, 5], [24, 6], [25, 7], [25, 8], [26, 9]]
[[20, 2], [21, 3], [22, 3], [23, 4], [24, 5], [24, 6], [25, 6], [26, 7], [25, 8], [26, 9]]
[[20, 2], [21, 3], [22, 3], [23, 4], [24, 4], [24, 5], [25, 6], [26, 7], [26, 8], [26, 9]]
[[20, 2], [21, 3], [22, 3], [23, 4], [24, 4], [24, 5], [23, 6], [24, 7], [25, 8], [26, 9]]
[[20, 2], [21, 1], [22, 2], [23, 3], [23, 4], [24, 5], [23, 5], [24, 5], [25, 6], [25, 7], [25, 8], [26, 9]]
