[[28, 14], [29, 13], [29, 12], [28, 11], [27, 10], [27, 9], [27, 8], [26, 7], [27, 6], [27, 5], [28, 4]]
[[28, 14], [28, 13], [27, 12], [28, 11], [29, 10], [28, 9], [28, 8], [27, 7], [28, 6], [28, 5], [28, 4]]
[[28, 14], [29, 13], [29, 12], [28, 11], [28, 10], [28, 9], [28, 8], [27, 7], [28, 6], [29, 5], [28, 4]]
[[28, 14], [29, 13], [29, 12], [29, 11], [29, 10], [28, 9], [28, 8], [28, 7], [28, 6], [29, 5], [28, 4]]
[[28, 14], [29, 13], [29, 12], [28, 11], [27, 10], [27, 9], [27, 8], [26, 7], [27, 6], [27, 5], [28, 4]]
[[28, 14], [27, 13], [28, 12], [28, 11], [28, 10], [29, 9], [28, 8], [27, 7], [27, 6], [28, 5], [28, 4]]
[[28, 14], [27, 13], [27, 12], [28, 11], [28, 10], [29, 9], [28, 8], [28, 7], [29, 6], [29, 5], [28, 4]]
[[28, 14], [27, 13], [28, 12], [28, 11], [27, 10], [28, 9], [29, 8], [28, 7], [28, 6], [27, 5], [28, 4]]
[[28, 14], [28, 13], [28, 12], [29, 11], [28, 10], [27, 9], [27, 8], [26, 7], [27, 6], [27, 5], [28, 4]]
[[28, 14], [28, 13], [28, 12], [29, 11], [29, 10], [28, 9], [27, 8], [26, 7], [27, 6], [27, 5], [28, 4]]
[[28, 14], [29, 13], [28, 12], [29, 11], [28, 10], [27, 9], [28, 8], [27, 7], [26, 6], [27, 5], [28, 4]]
[[28, 14], [27, 13], [27, 12], [26, 11], [27, 10], [27, 9], [28, 8], [27, 7], [27, 6], [28, 5], [28, 4]]
[[28, 14], [27, 13], [27, 12], [26, 11], [26, 10], [27, 9], [27, 8], [26, 7], [26, 6], [27, 5], [28, 4]]
[[28, 14], [27, 13], [28, 12], [28, 11], [27, 10], [28, 9], [28, 8], [28, 7], [28, 6], [28, 5], [28, 4]]
[[28, 14], [27, 13], [26, 12], [26, 11], [26, 10], [27, 9], [27, 8], [26, 7], [27, 6], [27, 5], [28, 4]]
[[28, 14], [28, 13], [29, 12], [28, 11], [29, 10], [28, 9], [27, 8], [27, 7], [27, 6], [28, 7], [28, 6], [29, 5], [28, 4]]
[[28, 14], [27, 13], [28, 12], [29, 11], [29, 10], [29, 9], [28, 8], [27, 7], [27, 6], [27, 5], [28, 5], [29, 5], [28, 4]]
[[28, 14], [27, 13], [28, 12], [28, 11], [28, 10], [28, 9], [27, 8], [26, 8], [27, 8], [28, 7], [29, 6], [29, 5], [28, 4]]
[[28, 14], [29, 13], [29, 12], [28, 11], [28, 10], [29, 10], [28, 9], [29, 8], [29, 9], [28, 8], [27, 7], [27, 6], [28, 5], [28, 4]]
[[28, 14], [27, 13], [28, 12], [28, 11], [29, 10], [29, 11], [29, 12], [28, 13], [27, 12], [26, 13], [25, 13], [24, 14], [24, 13], [23, 12], [24, 11], [23, 11], [23, 10], [24, 9], [23, 8], [24, 8], [25, 7], [26, 6], [26, 5], [27, 5], [28, 4]]
