[[25, 15], [24, 14], [24, 13], [23, 12], [22, 11], [21, 10]]
[[25, 15], [24, 14], [23, 13], [23, 12], [22, 11], [21, 10]]
[[25, 15], [24, 14], [23, 13], [22, 12], [22, 11], [21, 10]]
[[25, 15], [24, 14], [24, 13], [23, 12], [22, 11], [21, 10]]
[[25, 15], [24, 14], [23, 13], [23, 12], [22, 11], [21, 10]]
[[25, 15], [24, 14], [23, 13], [22, 12], [21, 11], [21, 10]]
[[25, 15], [24, 14], [23, 13], [22, 12], [21, 11], [21, 10]]
[[25, 15], [24, 14], [23, 13], [22, 12], [22, 11], [21, 10]]
[[25, 15], [24, 14], [23, 13], [22, 12], [21, 11], [21, 10]]
[[25, 15], [24, 14], [23, 14], [23, 15], [23, 14], [24, 13], [23, 12], [23, 11], [22, 11], [21, 10]]
[[25, 15], [24, 15], [25, 16], [24, 15], [25, 14], [24, 13], [23, 13], [22, 13], [21, 12], [20, 11], [21, 10]]
[[25, 15], [25, 14], [24, 13], [25, 13], [24, 13], [23, 14], [24, 15], [25, 16], [24, 17], [23, 16], [22, 16], [23, 17], [24, 17], [25, 18], [26, 18], [27, 19], [28, 19], [28, 18], [29, 17], [28, 17], [28, 16], [29, 16], [28, 16], [27, 15], [27, 14], [28, 13], [29, 13], [28, 12], [27, 13], [28, 13], [28, 12], [27, 12], [27, 11], [26, 10], [26, 9], [25, 8], [25, 9], [25, 8], [26, 7], [27, 6], [26, 5], [27, 5], [26, 4], [25, 5], [24, 4], [23, 3], [22, 3], [23, 2], [22, 1], [21, 2], [22, 2], [23, 2], [24, 2], [23, 3], [24, 4], [23, 5], [22, 5], [21, 4], [20, 5], [21, 6], [22, 7], [22, 8], [22, 9], [21, 10]]
