[[15, 14], [14, 14], [13, 13], [12, 12], [11, 12], [10, 12], [9, 12], [8, 12], [7, 12], [6, 11]]
[[15, 14], [14, 14], [13, 13], [12, 13], [11, 12], [10, 12], [9, 13], [8, 12], [7, 11], [6, 11]]
[[15, 14], [14, 14], [13, 13], [12, 12], [11, 12], [10, 12], [9, 12], [8, 12], [7, 12], [6, 11]]
[[15, 14], [14, 14], [13, 13], [12, 13], [11, 13], [10, 13], [9, 12], [8, 11], [7, 11], [6, 11]]
[[15, 14], [14, 13], [13, 13], [12, 12], [11, 12], [10, 12], [9, 13], [8, 12], [7, 11], [6, 11]]
[[15, 14], [14, 14], [13, 13], [12, 12], [11, 12], [10, 11], [9, 11], [8, 12], [7, 11], [6, 11]]
[[15, 14], [14, 14], [13, 13], [12, 13], [11, 12], [10, 11], [9, 12], [8, 11], [7, 12], [6, 11]]
[[15, 14], [14, 13], [13, 14], [12, 14], [11, 13], [10, 12], [9, 12], [8, 11], [7, 10], [6, 11]]
[[15, 14], [14, 13], [13, 14], [12, 13], [11, 12], [10, 12], [9, 12], [8, 11], [7, 10], [7, 11], [6, 11]]
[[15, 14], [14, 14], [13, 13], [14, 12], [13, 11], [12, 11], [11, 12], [10, 11], [9, 11], [8, 11], [7, 12], [6, 11]]
[[15, 14], [15, 15], [14, 14], [13, 13], [14, 13], [15, 13], [14, 12], [13, 11], [12, 12], [11, 12], [10, 11], [9, 11], [8, 12], [7, 12], [6, 11]]
[[15, 14], [16, 13], [16, 14], [17, 13], [16, 12], [17, 13], [17, 12], [17, 13], [17, 12], [16, 12], [17, 13], [18, 14], [17, 13], [18, 14], [19, 15], [18, 16], [19, 16], [20, 17], [21, 18], [22, 19], [23, 19], [23, 18], [23, 17], [24, 17], [23, 16], [22, 16], [23, 15], [24, 14], [23, 15], [24, 16], [24, 17], [25, 18], [24, 19], [23, 18], [22, 18], [21, 18], [21, 19], [20, 19], [19, 18], [18, 18], [18, 17], [17, 18], [16, 18], [15, 17], [15, 18], [16, 19], [16, 18], [15, 17], [14, 18], [13, 19], [13, 18], [14, 17], [14, 16], [14, 15], [13, 14], [12, 15], [12, 16], [13, 17], [14, 16], [13, 16], [12, 16], [11, 15], [12, 14], [11, 15], [10, 16], [9, 16], [10, 16], [9, 15], [8, 16], [8, 15], [9, 14], [8, 15], [8, 14], [7, 15], [7, 16], [7, 15], [6, 15], [6, 16], [5, 17], [4, 18], [5, 17], [6, 17], [7, 16], [7, 15], [6, 14], [6, 13], [5, 13], [6, 12], [6, 11]]
[[15, 14], [15, 13], [14, 12], [13, 13], [12, 13], [11, 13], [12, 14], [12, 15], [13, 14], [14, 15], [14, 14], [13, 15], [12, 16], [11, 16], [10, 15], [11, 15], [10, 16], [9, 16], [9, 17], [8, 18], [7, 17], [6, 18], [5, 17], [6, 16], [6, 17], [7, 18], [7, 19], [6, 19], [5, 19], [4, 18], [3, 17], [4, 17], [4, 16], [3, 15], [3, 14], [4, 13], [3, 12], [3, 11], [4, 10], [3, 10], [4, 9], [5, 10], [5, 9], [6, 8], [7, 8], [8, 7], [9, 7], [9, 8], [9, 9], [10, 9], [10, 8], [11, 9], [11, 10], [12, 11], [11, 12], [10, 12], [9, 13], [9, 14], [8, 13], [7, 13], [8, 12], [9, 11], [8, 11], [7, 10], [7, 9], [8, 9], [9, 10], [10, 10], [10, 11], [9, 12], [10, 13], [10, 14], [11, 15], [10, 16], [10, 15], [9, 16], [9, 15], [9, 14], [8, 15], [7, 16], [6, 16], [7, 17], [6, 18], [6, 17], [5, 17], [4, 18], [4, 17], [4, 16], [5, 16], [6, 15], [6, 14], [7, 13], [6, 13], [6, 12], [6, 11]]
