[[18, 13], [17, 12], [16, 12], [15, 13], [14, 12], [13, 13], [12, 12], [11, 11], [10, 10]]
[[18, 13], [17, 12], [16, 12], [15, 12], [14, 12], [13, 11], [12, 11], [11, 11], [10, 10]]
[[18, 13], [17, 13], [16, 13], [15, 13], [14, 14], [13, 13], [12, 12], [11, 11], [10, 10]]
[[18, 13], [17, 12], [16, 11], [15, 10], [14, 10], [13, 10], [12, 11], [11, 10], [10, 10]]
[[18, 13], [17, 12], [16, 12], [15, 13], [14, 12], [13, 13], [12, 12], [11, 11], [10, 10]]
[[18, 13], [17, 12], [16, 13], [15, 13], [14, 12], [13, 12], [12, 12], [11, 11], [10, 10]]
[[18, 13], [17, 12], [16, 11], [15, 10], [14, 9], [13, 10], [12, 11], [11, 10], [10, 10]]
[[18, 13], [17, 12], [16, 11], [15, 12], [14, 11], [13, 10], [12, 11], [11, 10], [10, 10]]
[[18, 13], [17, 12], [16, 11], [15, 10], [14, 9], [13, 10], [12, 11], [11, 10], [10, 10]]
[[18, 13], [17, 12], [16, 13], [15, 12], [14, 12], [13, 13], [12, 12], [11, 11], [10, 10]]
[[18, 13], [17, 12], [16, 12], [15, 12], [14, 11], [13, 11], [12, 10], [11, 9], [10, 10]]
[[18, 13], [18, 12], [17, 11], [16, 10], [15, 10], [14, 10], [13, 9], [12, 10], [11, 11], [10, 10]]
[[18, 13], [17, 12], [16, 12], [16, 11], [16, 12], [15, 12], [14, 11], [13, 11], [12, 11], [11, 11], [10, 10]]
[[18, 13], [19, 12], [19, 13], [18, 14], [17, 15], [17, 16], [16, 16], [17, 17], [16, 16], [15, 17], [15, 18], [14, 17], [13, 16], [12, 15], [11, 15], [10, 14], [10, 13], [10, 14], [9, 13], [10, 12], [11, 11], [10, 10]]
[[18, 13], [19, 12], [20, 12], [20, 11], [19, 11], [19, 10], [20, 11], [19, 12], [20, 13], [21, 12], [20, 13], [19, 14], [18, 15], [18, 16], [17, 17], [17, 16], [16, 16], [17, 15], [16, 14], [16, 15], [15, 14], [14, 14], [14, 13], [14, 12], [13, 11], [12, 12], [11, 11], [10, 10]]
[[18, 13], [18, 12], [19, 11], [20, 12], [20, 11], [21, 10], [21, 11], [20, 10], [21, 9], [22, 10], [23, 11], [24, 10], [23, 10], [23, 9], [22, 8], [22, 9], [23, 8], [24, 9], [25, 10], [26, 10], [27, 9], [28, 10], [27, 11], [27, 12], [28, 12], [29, 12], [28, 11], [29, 10], [29, 9], [29, 8], [28, 8], [28, 7], [28, 6], [28, 5], [28, 4], [27, 5], [26, 6], [26, 7], [25, 8], [24, 7], [25, 7], [24, 6], [23, 5], [23, 6], [22, 6], [21, 5], [22, 4], [21, 3], [20, 4], [19, 5], [18, 4], [18, 3], [17, 4], [17, 3], [18, 2], [18, 1], [18, 0], [17, 1], [17, 0], [16, 1], [15, 1], [14, 1], [13, 0], [13, 1], [12, 0], [11, 0], [12, 1], [12, 2], [11, 3], [12, 4], [11, 5], [12, 5], [12, 6], [11, 7], [12, 8], [12, 9], [13, 8], [13, 9], [12, 10], [11, 10], [10, 11], [10, 12], [11, 13], [10, 14], [11, 15], [12, 15], [13, 15], [12, 14], [12, 15], [11, 14], [11, 13], [10, 12], [11, 11], [11, 10], [11, 9], [12, 10], [12, 11], [11, 12], [10, 11], [10, 10]]
