[[16, 11], [17, 11], [18, 12], [19, 13], [20, 14], [21, 14], [22, 15], [23, 16]]
[[16, 11], [17, 11], [18, 12], [19, 13], [20, 13], [21, 14], [22, 15], [23, 16]]
[[16, 11], [17, 11], [18, 12], [19, 13], [20, 14], [21, 14], [22, 15], [23, 16]]
[[16, 11], [17, 11], [18, 11], [19, 12], [20, 13], [21, 14], [22, 15], [23, 16]]
[[16, 11], [17, 11], [18, 12], [19, 13], [20, 14], [21, 14], [22, 15], [23, 16]]
[[16, 11], [17, 12], [18, 13], [19, 13], [20, 14], [21, 14], [22, 15], [23, 16]]
[[16, 11], [17, 12], [18, 13], [19, 13], [20, 13], [21, 14], [22, 15], [23, 16]]
[[16, 11], [17, 12], [18, 11], [19, 12], [20, 13], [21, 14], [22, 15], [23, 16]]
[[16, 11], [17, 12], [18, 11], [19, 12], [20, 13], [21, 14], [22, 15], [23, 16]]
[[16, 11], [16, 12], [17, 12], [18, 13], [19, 12], [20, 13], [21, 14], [22, 15], [23, 16]]
[[16, 11], [17, 11], [18, 12], [19, 13], [20, 12], [21, 13], [22, 14], [22, 15], [23, 16]]
[[16, 11], [17, 12], [18, 12], [18, 13], [19, 14], [20, 14], [21, 14], [22, 15], [22, 16], [23, 16]]
[[16, 11], [16, 10], [17, 11], [18, 10], [19, 11], [20, 11], [20, 12], [19, 12], [20, 12], [21, 12], [21, 13], [22, 14], [23, 15], [23, 16]]
[[16, 11], [17, 11], [18, 12], [19, 13], [18, 14], [18, 15], [19, 16], [19, 17], [20, 16], [21, 17], [22, 16], [23, 17], [22, 17], [23, 16]]
[[16, 11], [17, 12], [18, 11], [18, 12], [19, 13], [18, 14], [17, 14], [18, 15], [17, 16], [18, 16], [17, 17], [16, 16], [16, 17], [17, 16], [18, 17], [18, 16], [19, 15], [20, 14], [19, 14], [20, 15], [21, 16], [22, 16], [21, 17], [21, 18], [22, 17], [23, 16]]
[[16, 11], [16, 12], [17, 11], [16, 12], [15, 13], [16, 14], [17, 15], [17, 14], [16, 14], [15, 14], [16, 15], [15, 16], [16, 17], [17, 17], [18, 17], [18, 16], [17, 17], [18, 18], [18, 17], [19, 16], [20, 16], [20, 17], [21, 16], [22, 15], [21, 16], [22, 16], [23, 16], [22, 17], [22, 16], [23, 16]]
[[16, 11], [16, 10], [15, 9], [14, 9], [13, 10], [12, 10], [11, 10], [10, 10], [10, 9], [11, 9], [12, 9], [13, 9], [12, 8], [13, 7], [12, 6], [11, 7], [10, 7], [11, 6], [12, 7], [13, 6], [14, 6], [15, 6], [15, 7], [16, 8], [17, 8], [16, 9], [16, 10], [17, 11], [18, 10], [19, 10], [20, 11], [19, 11], [20, 12], [21, 13], [21, 14], [20, 15], [21, 16], [22, 17], [23, 16]]
[[16, 11], [17, 11], [18, 12], [17, 12], [18, 11], [19, 11], [19, 12], [19, 11], [18, 12], [18, 13], [19, 13], [18, 13], [19, 13], [20, 13], [21, 12], [20, 11], [20, 12], [21, 11], [22, 11], [23, 11], [22, 10], [21, 9], [22, 9], [22, 8], [23, 7], [24, 8], [23, 7], [24, 7], [24, 8], [25, 8], [26, 9], [27, 9], [28, 9], [27, 9], [26, 8], [27, 7], [26, 7], [27, 6], [27, 5], [26, 5], [27, 4], [28, 3], [28, 4], [28, 3], [28, 2], [28, 1], [29, 2], [28, 3], [29, 2], [28, 2], [28, 1], [27, 1], [27, 0], [26, 0], [25, 0], [24, 1], [24, 2], [23, 3], [24, 3], [25, 4], [26, 4], [25, 5], [25, 4], [24, 3], [23, 3], [22, 3], [23, 4], [23, 5], [22, 4], [22, 3], [21, 4], [20, 3], [19, 4], [19, 5], [18, 4], [17, 5], [17, 4], [16, 4], [15, 3], [14, 4], [15, 4], [14, 5], [13, 4], [12, 3], [12, 2], [13, 1], [12, 0], [13, 1], [13, 0], [12, 0], [11, 1], [10, 2], [10, 3], [11, 3], [12, 2], [11, 3], [12, 2], [11, 1], [10, 1], [9, 0], [8, 0], [7, 1], [6, 2], [7, 1], [8, 1], [7, 2], [6, 2], [5, 3], [5, 4], [4, 4], [5, 4], [6, 4], [5, 3], [4, 3], [3, 4], [4, 4], [3, 4], [2, 4], [1, 3], [2, 2], [1, 1], [2, 1], [2, 2], [2, 1], [3, 1], [2, 0], [2, 1], [1, 2], [1, 3], [1, 4], [0, 5], [1, 5], [0, 6], [1, 7], [0, 8], [1, 9], [2, 10], [2, 11], [3, 12], [3, 11], [4, 12], [5, 13], [5, 14], [6, 15], [5, 15], [4, 14], [4, 15], [3, 15], [2, 16], [3, 15], [3, 14], [2, 13], [1, 12], [1, 13], [0, 13], [1, 14], [2, 15], [2, 14], [1, 15], [0, 16], [0, 15], [1, 16], [0, 17], [0, 18], [1, 18], [0, 19], [1, 18], [1, 19], [2, 18], [3, 18], [4, 17], [5, 17], [6, 18], [7, 17], [6, 16], [6, 17], [5, 17], [4, 16], [5, 15], [6, 15], [7, 15], [8, 16], [7, 17], [7, 18], [8, 17], [8, 18], [9, 17], [9, 18], [10, 18], [11, 19], [12, 19], [13, 19], [14, 19], [15, 18], [16, 17], [17, 16], [17, 17], [18, 18], [17, 17], [17, 16], [17, 15], [17, 14], [18, 14], [19, 14], [20, 15], [20, 14], [19, 15], [18, 15], [19, 15], [20, 16], [21, 16], [22, 16], [22, 17], [21, 17], [20, 16], [19, 17], [20, 18], [20, 19], [21, 18], [22, 18], [21, 19], [20, 18], [21, 19], [22, 18], [23, 19], [24, 19], [25, 18], [26, 19], [27, 18], [26, 18], [25, 17], [24, 17], [23, 16]]
