[[14, 1], [15, 2], [16, 3], [17, 4], [18, 5], [19, 6], [20, 7], [21, 8], [20, 9], [21, 10], [22, 11], [23, 12], [24, 13], [25, 14], [26, 15], [26, 16]]
[[14, 1], [15, 2], [16, 3], [17, 4], [18, 5], [19, 6], [20, 7], [20, 8], [21, 9], [21, 10], [22, 11], [23, 12], [24, 13], [25, 14], [26, 15], [26, 16]]
[[14, 1], [15, 2], [16, 3], [17, 4], [18, 5], [19, 6], [20, 7], [21, 8], [20, 9], [21, 10], [22, 11], [23, 12], [24, 13], [25, 14], [26, 15], [26, 16]]
[[14, 1], [15, 2], [16, 3], [17, 4], [17, 5], [18, 6], [17, 7], [18, 8], [19, 9], [20, 10], [21, 11], [22, 12], [23, 13], [24, 14], [25, 15], [26, 16]]
[[14, 1], [15, 2], [15, 3], [16, 4], [17, 5], [18, 6], [19, 7], [20, 8], [21, 9], [20, 10], [21, 11], [22, 12], [23, 13], [24, 14], [25, 15], [26, 16]]
[[14, 1], [15, 2], [16, 3], [17, 4], [18, 5], [19, 6], [20, 7], [21, 8], [22, 9], [23, 10], [24, 11], [25, 12], [26, 13], [26, 14], [26, 15], [26, 16]]
[[14, 1], [15, 2], [15, 3], [16, 4], [17, 5], [18, 6], [18, 7], [18, 8], [19, 9], [20, 10], [21, 11], [22, 12], [23, 13], [24, 14], [25, 15], [26, 16]]
[[14, 1], [15, 2], [16, 3], [17, 4], [18, 5], [19, 6], [19, 7], [20, 8], [21, 9], [21, 10], [22, 11], [22, 12], [23, 13], [24, 14], [25, 15], [26, 16]]
[[14, 1], [15, 2], [16, 3], [17, 4], [18, 5], [18, 6], [19, 7], [18, 8], [19, 9], [20, 10], [21, 11], [22, 12], [23, 13], [24, 14], [25, 15], [26, 16]]
[[14, 1], [15, 2], [16, 3], [16, 4], [17, 5], [18, 6], [19, 6], [19, 7], [20, 8], [20, 9], [21, 10], [22, 11], [23, 12], [24, 13], [25, 14], [25, 15], [26, 16]]
[[14, 1], [15, 2], [15, 3], [16, 4], [17, 5], [18, 6], [19, 6], [20, 7], [20, 8], [20, 9], [21, 10], [22, 11], [22, 12], [23, 13], [24, 14], [25, 15], [26, 16]]
[[14, 1], [15, 2], [16, 3], [17, 4], [18, 5], [19, 6], [20, 7], [21, 8], [21, 9], [22, 9], [21, 10], [21, 11], [22, 12], [23, 13], [24, 14], [25, 15], [25, 16], [26, 16]]
[[14, 1], [15, 2], [14, 2], [15, 3], [16, 3], [16, 4], [17, 5], [18, 5], [19, 6], [19, 7], [20, 8], [21, 9], [20, 10], [21, 11], [22, 12], [23, 13], [24, 14], [25, 15], [26, 16]]
[[14, 1], [15, 2], [15, 3], [16, 4], [17, 5], [18, 6], [19, 6], [20, 7], [21, 8], [20, 9], [21, 10], [21, 11], [22, 12], [23, 13], [24, 14], [25, 14], [26, 15], [27, 15], [26, 16]]
[[14, 1], [15, 2], [15, 3], [16, 4], [17, 5], [17, 6], [18, 7], [19, 7], [20, 6], [21, 7], [22, 8], [22, 9], [23, 10], [23, 11], [24, 12], [25, 13], [25, 14], [26, 15], [26, 16]]
[[14, 1], [15, 2], [16, 3], [15, 4], [16, 5], [15, 6], [16, 7], [17, 6], [18, 7], [19, 7], [20, 8], [21, 9], [22, 9], [23, 10], [24, 11], [25, 12], [26, 13], [26, 14], [26, 15], [26, 16]]
[[14, 1], [15, 2], [16, 2], [16, 3], [15, 4], [16, 5], [16, 6], [17, 7], [18, 6], [19, 6], [20, 7], [20, 8], [21, 8], [22, 9], [23, 10], [24, 11], [24, 12], [25, 13], [26, 14], [27, 15], [26, 16]]
[[14, 1], [15, 0], [16, 1], [16, 2], [15, 1], [15, 2], [15, 3], [15, 4], [16, 5], [17, 6], [16, 6], [15, 6], [15, 7], [14, 8], [15, 9], [16, 8], [16, 9], [17, 9], [18, 10], [19, 10], [20, 9], [21, 9], [22, 9], [23, 9], [23, 10], [24, 11], [23, 12], [24, 13], [24, 14], [25, 15], [26, 16]]
[[14, 1], [13, 2], [12, 3], [12, 4], [13, 5], [13, 4], [14, 5], [13, 5], [14, 5], [13, 4], [13, 5], [14, 5], [15, 6], [16, 6], [17, 5], [18, 6], [19, 7], [20, 8], [20, 9], [21, 8], [22, 9], [23, 9], [24, 10], [25, 9], [25, 8], [26, 9], [27, 10], [27, 11], [28, 11], [27, 12], [28, 13], [27, 13], [27, 14], [28, 15], [27, 14], [26, 13], [27, 14], [27, 15], [26, 16]]
[[14, 1], [15, 2], [14, 1], [14, 2], [15, 3], [16, 3], [15, 4], [16, 4], [17, 5], [16, 5], [16, 4], [17, 5], [16, 4], [17, 5], [18, 6], [19, 5], [20, 6], [21, 7], [22, 7], [22, 6], [21, 5], [21, 6], [22, 6], [23, 6], [23, 5], [24, 5], [23, 6], [22, 7], [23, 6], [24, 7], [24, 6], [24, 7], [25, 8], [24, 9], [24, 10], [23, 10], [24, 11], [25, 12], [25, 13], [26, 14], [27, 15], [26, 15], [26, 16]]
