[[5, 16], [6, 16], [7, 17], [8, 16], [9, 16], [10, 15], [11, 15], [12, 14], [13, 13], [14, 12]]
[[5, 16], [6, 16], [7, 16], [8, 15], [9, 14], [10, 14], [11, 13], [12, 12], [13, 13], [14, 12]]
[[5, 16], [6, 17], [7, 16], [8, 15], [9, 14], [10, 13], [11, 13], [12, 13], [13, 13], [14, 12]]
[[5, 16], [6, 16], [7, 17], [8, 16], [9, 15], [10, 15], [11, 14], [12, 13], [13, 12], [14, 12]]
[[5, 16], [6, 16], [7, 17], [8, 16], [9, 15], [10, 15], [11, 14], [12, 14], [13, 13], [14, 12]]
[[5, 16], [6, 17], [7, 16], [8, 15], [9, 15], [10, 14], [11, 14], [12, 13], [13, 12], [14, 12]]
[[5, 16], [6, 16], [7, 15], [8, 14], [9, 14], [10, 14], [11, 13], [12, 13], [13, 12], [14, 12]]
[[5, 16], [6, 16], [7, 17], [8, 16], [9, 15], [10, 15], [11, 14], [12, 14], [13, 13], [14, 12]]
[[5, 16], [6, 16], [7, 17], [8, 16], [9, 16], [10, 15], [11, 15], [12, 14], [13, 13], [14, 12]]
[[5, 16], [6, 16], [7, 15], [8, 14], [8, 15], [9, 15], [10, 15], [11, 15], [12, 14], [13, 13], [14, 12]]
[[5, 16], [5, 17], [6, 17], [7, 16], [8, 16], [9, 15], [9, 14], [9, 13], [10, 13], [11, 12], [12, 11], [12, 12], [13, 13], [14, 12]]
[[5, 16], [5, 17], [5, 16], [6, 16], [6, 17], [7, 17], [8, 16], [8, 15], [9, 14], [10, 14], [10, 13], [11, 12], [11, 11], [12, 10], [13, 11], [14, 12]]
[[5, 16], [6, 17], [7, 18], [8, 18], [9, 18], [8, 18], [7, 18], [8, 17], [9, 18], [10, 17], [9, 17], [9, 16], [9, 15], [9, 14], [10, 14], [11, 13], [12, 13], [12, 12], [13, 11], [13, 12], [14, 12]]
[[5, 16], [6, 17], [6, 16], [5, 15], [4, 15], [3, 14], [4, 13], [4, 14], [5, 13], [6, 12], [5, 12], [4, 11], [5, 10], [6, 10], [7, 11], [6, 11], [5, 12], [5, 13], [5, 14], [4, 15], [5, 16], [6, 17], [5, 16], [4, 16], [3, 17], [4, 17], [4, 18], [5, 17], [6, 16], [5, 16], [6, 17], [7, 18], [8, 19], [7, 18], [8, 17], [9, 17], [9, 16], [9, 15], [9, 16], [10, 15], [11, 15], [12, 14], [13, 15], [14, 15], [14, 16], [14, 17], [15, 16], [16, 16], [17, 15], [16, 14], [16, 15], [15, 15], [15, 14], [15, 15], [16, 15], [17, 15], [17, 14], [18, 14], [19, 13], [20, 14], [20, 15], [19, 16], [18, 16], [17, 15], [16, 15], [15, 14], [16, 14], [15, 15], [14, 16], [15, 16], [14, 15], [13, 15], [12, 16], [13, 15], [12, 14], [13, 14], [14, 13], [14, 12]]
[[5, 16], [4, 17], [5, 18], [5, 19], [4, 19], [4, 18], [3, 19], [2, 18], [1, 19], [0, 19], [0, 18], [0, 17], [0, 16], [1, 16], [1, 17], [2, 17], [3, 16], [2, 15], [2, 14], [1, 14], [0, 15], [0, 14], [0, 13], [1, 13], [2, 13], [3, 12], [3, 11], [4, 11], [5, 11], [6, 12], [7, 11], [6, 10], [7, 10], [6, 11], [5, 12], [4, 13], [5, 14], [6, 15], [7, 16], [7, 17], [8, 16], [8, 17], [9, 16], [9, 15], [10, 14], [11, 15], [11, 14], [12, 14], [12, 15], [13, 15], [14, 15], [15, 15], [16, 16], [15, 16], [16, 15], [17, 14], [17, 13], [16, 14], [17, 15], [18, 16], [19, 16], [20, 16], [21, 17], [22, 18], [22, 19], [23, 19], [24, 19], [25, 19], [26, 18], [25, 18], [24, 18], [23, 18], [22, 17], [21, 16], [22, 15], [23, 14], [24, 15], [24, 16], [23, 15], [22, 14], [21, 15], [20, 14], [21, 14], [20, 13], [19, 12], [19, 11], [20, 12], [21, 12], [22, 13], [22, 12], [23, 12], [22, 11], [22, 10], [23, 10], [24, 10], [23, 11], [24, 11], [25, 11], [25, 10], [26, 10], [26, 9], [25, 8], [25, 9], [24, 8], [25, 7], [26, 8], [27, 7], [26, 6], [25, 6], [26, 5], [25, 4], [26, 3], [27, 4], [27, 5], [28, 5], [28, 4], [29, 4], [28, 3], [27, 3], [26, 4], [25, 3], [25, 2], [26, 1], [25, 0], [24, 0], [24, 1], [23, 0], [22, 1], [22, 0], [21, 1], [20, 2], [19, 1], [18, 1], [19, 2], [20, 1], [21, 0], [20, 0], [19, 0], [18, 0], [17, 0], [17, 1], [17, 2], [18, 2], [17, 3], [16, 3], [16, 2], [15, 3], [15, 2], [16, 1], [16, 0], [15, 1], [14, 1], [13, 2], [14, 2], [13, 1], [12, 1], [12, 2], [13, 3], [12, 4], [11, 3], [11, 2], [12, 3], [11, 4], [10, 3], [9, 3], [9, 2], [8, 1], [7, 2], [6, 3], [7, 3], [7, 4], [8, 4], [9, 5], [9, 4], [8, 5], [8, 6], [9, 6], [10, 6], [11, 6], [11, 5], [12, 6], [11, 7], [11, 8], [12, 7], [13, 8], [12, 9], [13, 9], [14, 8], [14, 7], [13, 6], [13, 7], [14, 6], [14, 5], [14, 4], [15, 4], [15, 5], [16, 4], [16, 5], [17, 6], [18, 6], [19, 7], [18, 8], [17, 9], [17, 10], [16, 9], [16, 10], [15, 11], [14, 12]]
