[[17, 8], [16, 9], [15, 9], [14, 8], [13, 7], [12, 6], [11, 5], [10, 6], [9, 5], [8, 4]]
[[17, 8], [16, 8], [15, 8], [14, 8], [13, 7], [12, 6], [11, 7], [10, 6], [9, 5], [8, 4]]
[[17, 8], [16, 8], [15, 8], [14, 8], [13, 7], [12, 6], [11, 5], [10, 5], [9, 5], [8, 4]]
[[17, 8], [16, 8], [15, 8], [14, 7], [13, 6], [12, 5], [11, 4], [10, 4], [9, 3], [8, 4]]
[[17, 8], [16, 7], [15, 8], [14, 7], [13, 6], [12, 5], [11, 4], [10, 5], [9, 4], [8, 4]]
[[17, 8], [16, 9], [15, 8], [14, 8], [13, 7], [12, 6], [11, 5], [10, 6], [9, 5], [8, 4]]
[[17, 8], [16, 9], [15, 9], [14, 8], [13, 7], [12, 6], [11, 5], [10, 6], [9, 5], [8, 4]]
[[17, 8], [16, 8], [15, 9], [14, 8], [13, 7], [12, 6], [11, 5], [10, 4], [9, 3], [8, 4]]
[[17, 8], [16, 9], [15, 8], [14, 7], [13, 7], [12, 6], [11, 5], [10, 5], [9, 5], [8, 4]]
[[17, 8], [16, 8], [15, 9], [14, 8], [13, 7], [12, 6], [11, 5], [10, 4], [9, 5], [8, 4]]
[[17, 8], [16, 8], [15, 8], [14, 7], [13, 6], [12, 6], [11, 6], [10, 6], [9, 5], [8, 4]]
[[17, 8], [16, 9], [15, 8], [14, 7], [13, 6], [12, 6], [11, 7], [10, 6], [9, 5], [8, 4]]
[[17, 8], [16, 7], [15, 8], [14, 8], [13, 7], [12, 6], [11, 5], [10, 4], [9, 3], [8, 4]]
[[17, 8], [16, 9], [15, 8], [14, 8], [13, 7], [12, 6], [11, 5], [10, 6], [9, 5], [8, 4]]
[[17, 8], [16, 8], [15, 9], [14, 8], [13, 7], [14, 7], [13, 6], [12, 6], [11, 5], [10, 4], [9, 4], [8, 4]]
[[17, 8], [16, 7], [16, 6], [16, 5], [15, 5], [14, 6], [13, 5], [13, 6], [12, 6], [11, 6], [10, 6], [9, 5], [8, 4]]
[[17, 8], [16, 8], [16, 9], [15, 9], [14, 8], [14, 7], [13, 7], [12, 6], [11, 5], [10, 4], [10, 5], [9, 4], [8, 4]]
[[17, 8], [17, 7], [17, 6], [16, 6], [15, 5], [14, 4], [13, 5], [13, 6], [12, 5], [11, 5], [10, 5], [9, 4], [8, 4]]
[[17, 8], [17, 9], [16, 9], [15, 8], [14, 7], [13, 8], [14, 7], [13, 7], [12, 6], [11, 6], [10, 5], [9, 4], [8, 4], [9, 3], [8, 4]]
[[17, 8], [18, 9], [18, 8], [18, 7], [18, 6], [18, 5], [18, 4], [18, 3], [19, 3], [18, 2], [17, 1], [16, 1], [15, 0], [14, 0], [13, 1], [14, 2], [13, 2], [12, 2], [12, 1], [12, 0], [11, 1], [11, 2], [10, 2], [9, 3], [8, 4]]
