[[11, 12], [12, 11], [13, 10], [14, 9], [15, 8], [16, 8], [17, 7], [18, 6], [19, 5], [20, 4], [21, 4], [22, 3]]
[[11, 12], [12, 11], [13, 10], [14, 9], [15, 9], [16, 8], [17, 7], [18, 6], [19, 5], [20, 5], [21, 4], [22, 3]]
[[11, 12], [12, 11], [13, 10], [14, 9], [15, 8], [16, 8], [17, 7], [18, 6], [19, 5], [20, 4], [21, 4], [22, 3]]
[[11, 12], [12, 11], [13, 10], [14, 10], [15, 10], [16, 9], [17, 8], [18, 7], [19, 6], [20, 5], [21, 4], [22, 3]]
[[11, 12], [12, 11], [13, 10], [14, 10], [15, 9], [16, 9], [17, 8], [18, 7], [19, 6], [20, 5], [21, 4], [22, 3]]
[[11, 12], [12, 11], [13, 10], [14, 10], [15, 9], [16, 8], [17, 7], [18, 6], [19, 6], [20, 5], [21, 4], [22, 3]]
[[11, 12], [12, 11], [13, 10], [14, 11], [15, 10], [16, 9], [17, 8], [18, 7], [19, 6], [20, 5], [21, 4], [22, 3]]
[[11, 12], [12, 11], [13, 10], [14, 9], [15, 8], [16, 7], [17, 7], [18, 6], [19, 6], [20, 5], [21, 4], [22, 3]]
[[11, 12], [12, 12], [12, 11], [13, 10], [14, 9], [15, 8], [16, 8], [17, 7], [18, 7], [19, 6], [20, 5], [21, 4], [22, 3]]
[[11, 12], [12, 11], [13, 10], [14, 9], [15, 8], [16, 9], [17, 10], [18, 9], [19, 8], [19, 7], [19, 6], [20, 5], [21, 4], [22, 3]]
[[11, 12], [12, 11], [13, 10], [14, 9], [15, 10], [16, 9], [17, 10], [18, 9], [19, 8], [20, 7], [21, 6], [22, 5], [21, 4], [22, 3]]
[[11, 12], [12, 13], [13, 14], [12, 13], [13, 12], [14, 12], [15, 12], [16, 11], [16, 12], [17, 12], [18, 11], [19, 10], [19, 9], [19, 8], [20, 7], [21, 6], [22, 5], [23, 4], [22, 3]]
[[11, 12], [12, 11], [13, 10], [14, 10], [15, 10], [15, 9], [16, 9], [17, 10], [18, 9], [17, 9], [17, 8], [17, 9], [18, 9], [17, 8], [18, 7], [19, 6], [20, 5], [21, 4], [22, 3]]
[[11, 12], [12, 11], [13, 10], [14, 9], [15, 9], [16, 9], [17, 8], [17, 9], [18, 9], [19, 10], [19, 9], [18, 9], [19, 8], [18, 7], [19, 6], [19, 5], [20, 4], [21, 4], [22, 3]]
[[11, 12], [11, 11], [12, 10], [13, 9], [14, 9], [13, 8], [12, 7], [13, 7], [14, 7], [14, 6], [15, 7], [16, 6], [17, 5], [17, 4], [18, 3], [17, 4], [18, 3], [18, 2], [19, 3], [18, 4], [19, 4], [20, 3], [21, 2], [22, 3]]
[[11, 12], [12, 13], [11, 13], [12, 13], [13, 12], [14, 11], [15, 10], [16, 9], [17, 10], [17, 11], [18, 12], [19, 11], [20, 11], [21, 11], [20, 11], [20, 10], [19, 9], [20, 8], [21, 7], [20, 8], [21, 7], [22, 7], [21, 6], [21, 5], [21, 4], [22, 3]]
[[11, 12], [11, 11], [12, 11], [12, 12], [13, 13], [14, 12], [15, 11], [15, 10], [16, 9], [17, 9], [18, 10], [18, 9], [19, 10], [20, 10], [21, 10], [21, 9], [22, 9], [23, 8], [23, 9], [22, 8], [23, 7], [24, 6], [23, 7], [22, 6], [21, 5], [20, 5], [21, 4], [22, 3]]
[[11, 12], [12, 13], [11, 13], [12, 12], [13, 12], [14, 12], [15, 11], [16, 10], [17, 11], [17, 10], [18, 10], [19, 9], [19, 10], [20, 9], [21, 10], [22, 11], [22, 10], [23, 10], [24, 9], [24, 8], [23, 8], [24, 7], [23, 7], [22, 6], [21, 5], [20, 4], [21, 4], [22, 3]]
[[11, 12], [12, 12], [11, 11], [10, 10], [11, 9], [11, 8], [12, 9], [11, 8], [12, 8], [13, 7], [14, 8], [15, 7], [16, 6], [16, 5], [17, 6], [16, 5], [16, 4], [17, 4], [16, 4], [17, 5], [18, 4], [19, 4], [18, 3], [19, 4], [20, 3], [21, 2], [22, 3], [23, 2], [24, 1], [25, 0], [26, 0], [25, 1], [26, 0], [27, 1], [26, 1], [27, 1], [28, 1], [29, 1], [28, 2], [29, 3], [28, 4], [28, 5], [27, 4], [26, 3], [26, 2], [25, 3], [25, 2], [24, 3], [25, 2], [24, 1], [25, 2], [26, 3], [26, 2], [26, 3], [25, 3], [24, 4], [23, 3], [22, 3]]
[[11, 12], [12, 11], [12, 12], [13, 12], [14, 12], [15, 13], [14, 14], [15, 14], [14, 15], [15, 15], [16, 15], [17, 14], [18, 14], [18, 13], [17, 12], [17, 13], [16, 13], [16, 12], [16, 11], [15, 10], [14, 9], [14, 10], [15, 9], [14, 8], [13, 8], [12, 9], [13, 10], [13, 9], [12, 8], [12, 7], [13, 6], [12, 5], [12, 4], [11, 5], [10, 4], [11, 4], [10, 3], [9, 4], [8, 4], [9, 3], [9, 2], [10, 1], [11, 0], [12, 1], [11, 1], [11, 2], [12, 2], [12, 3], [13, 3], [14, 2], [15, 1], [16, 2], [15, 3], [15, 4], [14, 3], [15, 2], [15, 1], [15, 0], [16, 0], [15, 1], [16, 1], [16, 0], [17, 0], [18, 0], [17, 1], [18, 0], [19, 0], [19, 1], [20, 1], [21, 0], [21, 1], [20, 0], [21, 1], [22, 1], [23, 0], [24, 1], [25, 1], [25, 0], [26, 1], [27, 2], [28, 1], [27, 1], [28, 1], [28, 2], [27, 3], [28, 2], [27, 2], [27, 1], [26, 1], [26, 2], [25, 3], [24, 4], [23, 3], [24, 3], [23, 3], [22, 3]]
