[[9, 7], [10, 8], [11, 9], [12, 8], [13, 8], [14, 8], [15, 8], [16, 9], [17, 10], [18, 11], [19, 12], [20, 13], [21, 14], [22, 14], [23, 14]]
[[9, 7], [10, 6], [11, 7], [12, 8], [13, 9], [14, 10], [15, 11], [16, 12], [17, 12], [18, 13], [19, 13], [20, 14], [21, 15], [22, 14], [23, 14]]
[[9, 7], [10, 8], [11, 8], [12, 9], [13, 9], [14, 10], [15, 11], [16, 11], [17, 12], [18, 13], [19, 14], [20, 14], [21, 15], [22, 15], [23, 14]]
[[9, 7], [10, 6], [11, 7], [12, 8], [13, 9], [14, 10], [15, 11], [16, 10], [17, 11], [18, 12], [19, 12], [20, 13], [21, 14], [22, 15], [23, 14]]
[[9, 7], [10, 7], [11, 8], [12, 9], [13, 10], [14, 11], [15, 12], [16, 12], [17, 12], [18, 13], [19, 14], [20, 14], [21, 14], [22, 14], [23, 14]]
[[9, 7], [10, 7], [11, 8], [12, 9], [13, 10], [14, 9], [15, 9], [16, 10], [17, 11], [18, 11], [19, 12], [20, 13], [21, 14], [22, 14], [23, 14]]
[[9, 7], [10, 8], [11, 9], [12, 8], [13, 8], [14, 8], [15, 8], [16, 9], [17, 10], [18, 11], [19, 12], [20, 13], [21, 14], [22, 14], [23, 14]]
[[9, 7], [10, 8], [11, 9], [12, 10], [13, 10], [14, 10], [15, 9], [16, 10], [17, 11], [18, 12], [19, 13], [20, 13], [21, 14], [22, 14], [23, 14]]
[[9, 7], [10, 8], [11, 7], [12, 7], [13, 8], [14, 9], [15, 9], [16, 10], [17, 11], [18, 12], [19, 13], [20, 14], [21, 15], [22, 14], [23, 14]]
[[9, 7], [10, 7], [11, 8], [12, 8], [13, 8], [14, 8], [15, 9], [16, 10], [17, 11], [18, 12], [19, 12], [20, 13], [21, 14], [22, 15], [23, 14]]
[[9, 7], [10, 8], [11, 8], [12, 7], [13, 8], [14, 9], [15, 9], [16, 10], [17, 10], [18, 11], [19, 12], [20, 13], [21, 14], [22, 15], [23, 14]]
[[9, 7], [10, 7], [11, 7], [12, 8], [13, 9], [14, 9], [14, 10], [14, 11], [15, 12], [15, 11], [16, 12], [17, 12], [18, 12], [19, 13], [20, 14], [21, 15], [22, 15], [23, 14]]
[[9, 7], [9, 8], [10, 9], [11, 9], [12, 9], [13, 9], [14, 10], [15, 11], [16, 10], [17, 11], [17, 12], [18, 12], [19, 12], [20, 13], [21, 14], [21, 15], [22, 15], [23, 14]]
[[9, 7], [10, 7], [11, 7], [12, 8], [13, 9], [14, 10], [15, 9], [16, 10], [16, 11], [17, 11], [18, 11], [19, 12], [18, 13], [19, 14], [20, 15], [21, 15], [22, 15], [23, 14]]
[[9, 7], [10, 7], [9, 7], [10, 8], [11, 8], [12, 9], [13, 9], [14, 10], [13, 10], [14, 10], [15, 9], [16, 10], [16, 11], [17, 11], [18, 11], [19, 12], [18, 13], [19, 14], [20, 15], [21, 15], [22, 15], [23, 14]]
[[9, 7], [9, 8], [10, 9], [11, 10], [10, 11], [11, 10], [12, 9], [13, 10], [13, 9], [14, 9], [15, 9], [16, 10], [16, 11], [17, 10], [18, 11], [19, 12], [20, 13], [20, 14], [20, 15], [21, 14], [22, 14], [23, 14]]
[[9, 7], [8, 8], [9, 8], [10, 8], [11, 7], [11, 8], [12, 8], [13, 9], [14, 8], [15, 9], [14, 10], [15, 11], [16, 12], [15, 12], [16, 13], [16, 12], [17, 12], [18, 13], [19, 12], [19, 11], [20, 11], [20, 12], [21, 12], [22, 12], [23, 12], [24, 13], [24, 14], [23, 14]]
[[9, 7], [10, 6], [9, 6], [10, 6], [10, 7], [11, 8], [12, 8], [12, 9], [11, 10], [10, 11], [11, 11], [11, 12], [10, 13], [11, 13], [10, 14], [10, 15], [9, 15], [9, 16], [10, 16], [11, 17], [11, 18], [10, 19], [11, 18], [12, 17], [13, 18], [14, 17], [15, 18], [16, 18], [17, 19], [16, 19], [17, 18], [18, 17], [19, 18], [20, 17], [19, 17], [20, 18], [21, 19], [20, 19], [21, 18], [22, 19], [23, 18], [24, 18], [24, 19], [25, 19], [26, 18], [26, 19], [27, 19], [28, 19], [29, 19], [29, 18], [28, 17], [28, 18], [27, 17], [26, 17], [25, 16], [26, 16], [25, 15], [24, 14], [23, 15], [23, 14]]
[[9, 7], [10, 8], [11, 8], [12, 7], [11, 8], [10, 7], [9, 7], [10, 7], [11, 8], [12, 9], [11, 9], [12, 10], [12, 11], [13, 12], [14, 12], [15, 13], [15, 12], [15, 11], [14, 10], [13, 10], [13, 9], [14, 9], [14, 8], [13, 8], [14, 7], [13, 6], [14, 5], [15, 4], [16, 5], [17, 6], [16, 6], [17, 5], [18, 6], [19, 5], [20, 4], [19, 4], [19, 3], [20, 3], [21, 4], [20, 5], [20, 6], [21, 7], [22, 8], [23, 7], [24, 7], [25, 7], [26, 7], [27, 6], [28, 5], [29, 6], [28, 7], [29, 7], [28, 8], [28, 9], [29, 10], [28, 10], [29, 11], [28, 12], [29, 12], [28, 13], [29, 13], [29, 14], [29, 15], [28, 16], [27, 17], [26, 16], [27, 15], [28, 14], [28, 15], [29, 16], [28, 17], [27, 18], [28, 19], [29, 19], [28, 18], [27, 19], [26, 18], [26, 17], [25, 17], [26, 18], [26, 19], [25, 18], [25, 19], [24, 19], [24, 18], [23, 17], [24, 17], [25, 16], [24, 15], [25, 15], [24, 14], [23, 14]]
[[9, 7], [10, 7], [10, 8], [10, 7], [9, 8], [10, 8], [11, 8], [11, 7], [12, 7], [13, 8], [12, 9], [11, 10], [11, 11], [11, 12], [10, 13], [9, 13], [10, 14], [10, 15], [9, 16], [8, 17], [7, 18], [6, 18], [6, 19], [5, 18], [4, 17], [3, 16], [4, 16], [5, 16], [6, 16], [6, 17], [7, 17], [8, 18], [9, 18], [8, 19], [9, 19], [10, 18], [10, 19], [11, 18], [12, 18], [13, 18], [14, 19], [15, 18], [14, 17], [13, 16], [14, 15], [15, 14], [16, 15], [15, 16], [16, 17], [16, 16], [15, 15], [14, 14], [13, 13], [12, 13], [12, 14], [13, 14], [14, 13], [15, 13], [16, 13], [16, 12], [16, 11], [15, 12], [15, 11], [16, 10], [17, 10], [18, 11], [17, 12], [17, 11], [18, 12], [19, 12], [18, 13], [19, 14], [20, 14], [21, 15], [22, 15], [21, 14], [20, 13], [20, 12], [19, 11], [19, 10], [20, 11], [20, 10], [21, 10], [22, 11], [23, 11], [23, 12], [22, 12], [23, 13], [24, 13], [24, 14], [23, 13], [22, 14], [23, 14]]
