[[29, 1], [28, 2], [29, 3], [28, 4], [28, 5], [27, 6], [27, 7], [28, 8], [27, 9], [27, 10], [26, 11], [27, 12]]
[[29, 1], [28, 2], [28, 3], [28, 4], [28, 5], [27, 6], [26, 7], [25, 8], [24, 9], [25, 10], [26, 11], [27, 12]]
[[29, 1], [28, 2], [28, 3], [29, 4], [29, 5], [28, 6], [29, 7], [28, 8], [29, 9], [28, 10], [28, 11], [27, 12]]
[[29, 1], [28, 2], [28, 3], [29, 4], [29, 5], [28, 6], [27, 7], [26, 8], [27, 9], [28, 10], [27, 11], [27, 12]]
[[29, 1], [28, 2], [29, 3], [28, 4], [28, 5], [27, 6], [27, 7], [28, 8], [27, 9], [27, 10], [26, 11], [27, 12]]
[[29, 1], [29, 2], [28, 3], [28, 4], [28, 5], [27, 6], [27, 7], [27, 8], [28, 9], [27, 10], [26, 11], [27, 12]]
[[29, 1], [28, 2], [29, 3], [28, 4], [29, 5], [29, 6], [28, 7], [27, 8], [27, 9], [28, 10], [27, 11], [27, 12]]
[[29, 1], [29, 2], [28, 3], [28, 4], [29, 5], [28, 6], [29, 7], [28, 8], [28, 9], [27, 10], [28, 11], [27, 12]]
[[29, 1], [29, 2], [28, 3], [29, 4], [29, 5], [28, 6], [27, 7], [26, 8], [26, 9], [27, 10], [28, 11], [27, 12]]
[[29, 1], [29, 2], [29, 3], [28, 4], [28, 5], [27, 6], [28, 7], [27, 8], [27, 9], [26, 10], [26, 11], [27, 12]]
[[29, 1], [29, 2], [29, 3], [28, 4], [28, 5], [27, 6], [28, 7], [27, 8], [27, 9], [26, 10], [27, 11], [27, 12]]
[[29, 1], [28, 2], [28, 3], [29, 4], [28, 5], [27, 6], [28, 7], [29, 8], [29, 9], [28, 10], [27, 11], [27, 12]]
[[29, 1], [28, 1], [28, 2], [29, 3], [28, 4], [28, 5], [27, 6], [28, 7], [28, 8], [27, 9], [27, 10], [26, 11], [27, 12]]
[[29, 1], [28, 2], [29, 3], [29, 4], [29, 5], [29, 6], [28, 6], [27, 7], [28, 8], [28, 9], [27, 10], [26, 11], [27, 12]]
[[29, 1], [29, 2], [28, 2], [28, 3], [29, 4], [28, 5], [29, 5], [29, 6], [29, 7], [28, 6], [28, 7], [27, 7], [28, 8], [28, 9], [28, 8], [29, 9], [29, 8], [28, 7], [27, 7], [26, 8], [26, 9], [27, 9], [26, 10], [27, 11], [27, 12]]
[[29, 1], [28, 1], [29, 0], [28, 1], [27, 2], [26, 3], [25, 3], [24, 2], [24, 3], [25, 3], [26, 3], [27, 2], [28, 3], [29, 4], [28, 5], [27, 5], [28, 4], [28, 5], [28, 6], [28, 7], [28, 8], [27, 8], [28, 7], [27, 8], [26, 8], [27, 9], [26, 10], [26, 11], [27, 12]]
[[29, 1], [28, 2], [29, 3], [28, 4], [27, 5], [28, 5], [28, 4], [29, 3], [28, 2], [27, 1], [26, 2], [26, 1], [25, 2], [24, 3], [24, 2], [24, 1], [23, 2], [22, 2], [22, 3], [21, 4], [20, 5], [21, 4], [22, 5], [22, 4], [23, 4], [23, 3], [24, 3], [25, 4], [26, 5], [25, 6], [26, 7], [27, 6], [26, 7], [25, 7], [26, 7], [26, 6], [27, 7], [27, 8], [27, 7], [28, 8], [27, 9], [28, 10], [29, 10], [28, 9], [27, 10], [26, 9], [25, 8], [26, 9], [27, 10], [28, 10], [29, 11], [28, 11], [28, 12], [27, 13], [26, 13], [27, 12]]
[[29, 1], [28, 0], [27, 0], [26, 0], [27, 1], [27, 2], [28, 3], [29, 3], [28, 4], [29, 5], [28, 5], [28, 6], [27, 7], [28, 8], [29, 7], [29, 6], [28, 7], [27, 8], [26, 8], [25, 9], [25, 8], [25, 7], [26, 7], [25, 6], [26, 6], [26, 5], [27, 5], [26, 4], [26, 3], [25, 3], [24, 4], [24, 5], [23, 6], [22, 5], [23, 5], [23, 4], [22, 3], [23, 4], [23, 5], [22, 4], [23, 3], [24, 2], [24, 3], [25, 4], [24, 5], [23, 6], [22, 6], [22, 5], [21, 5], [21, 6], [22, 7], [21, 8], [22, 9], [23, 8], [24, 7], [25, 7], [26, 8], [27, 9], [28, 8], [29, 8], [29, 7], [28, 6], [28, 7], [27, 7], [26, 6], [26, 5], [27, 6], [27, 5], [26, 4], [25, 3], [24, 4], [25, 5], [24, 6], [25, 6], [26, 7], [25, 8], [24, 9], [23, 9], [22, 10], [23, 11], [24, 12], [24, 13], [23, 14], [24, 15], [25, 16], [24, 17], [24, 18], [25, 19], [26, 18], [25, 17], [26, 17], [27, 17], [27, 16], [27, 15], [28, 16], [28, 15], [27, 14], [27, 13], [28, 13], [28, 12], [29, 11], [29, 10], [28, 11], [27, 12]]
