[[1, 16], [2, 16], [3, 17], [4, 17], [5, 18], [6, 19], [7, 18], [8, 19], [9, 18], [10, 18], [11, 18]]
[[1, 16], [2, 16], [3, 17], [4, 17], [5, 18], [6, 19], [7, 18], [8, 19], [9, 18], [10, 18], [11, 18]]
[[1, 16], [2, 16], [3, 17], [4, 17], [5, 18], [6, 18], [7, 18], [8, 18], [9, 19], [10, 18], [11, 18]]
[[1, 16], [2, 16], [3, 17], [4, 18], [5, 17], [6, 17], [7, 18], [8, 19], [9, 18], [10, 19], [11, 18]]
[[1, 16], [2, 16], [3, 17], [4, 17], [5, 18], [6, 17], [7, 17], [8, 18], [9, 18], [10, 18], [11, 18]]
[[1, 16], [2, 16], [3, 17], [4, 17], [5, 18], [6, 19], [7, 18], [8, 19], [9, 18], [10, 18], [11, 18]]
[[1, 16], [2, 16], [3, 17], [4, 17], [5, 18], [6, 18], [7, 19], [8, 18], [9, 18], [10, 19], [11, 18]]
[[1, 16], [2, 16], [3, 17], [4, 17], [5, 18], [6, 19], [7, 19], [8, 19], [9, 19], [10, 18], [11, 18]]
[[1, 16], [2, 16], [3, 17], [4, 18], [5, 17], [6, 16], [7, 17], [8, 18], [9, 17], [10, 18], [11, 18]]
[[1, 16], [2, 16], [3, 17], [4, 17], [5, 17], [6, 16], [7, 17], [8, 18], [9, 19], [10, 19], [11, 18]]
[[1, 16], [2, 16], [3, 17], [4, 17], [5, 18], [6, 18], [7, 18], [8, 18], [9, 19], [10, 18], [11, 18]]
[[1, 16], [2, 16], [3, 17], [4, 18], [5, 17], [6, 16], [7, 17], [8, 17], [9, 17], [10, 18], [11, 18]]
[[1, 16], [2, 16], [3, 17], [4, 17], [5, 16], [6, 16], [7, 17], [8, 18], [9, 17], [10, 18], [11, 18]]
[[1, 16], [2, 15], [2, 16], [3, 17], [4, 17], [5, 18], [6, 19], [7, 19], [8, 19], [9, 18], [10, 18], [11, 18]]
[[1, 16], [1, 15], [2, 16], [3, 17], [4, 18], [5, 18], [6, 18], [7, 18], [8, 19], [9, 18], [10, 19], [11, 18]]
[[1, 16], [1, 17], [2, 18], [3, 19], [4, 19], [5, 18], [6, 17], [7, 18], [8, 19], [9, 19], [10, 18], [11, 18]]
[[1, 16], [1, 17], [2, 18], [3, 17], [4, 18], [5, 17], [6, 17], [7, 17], [8, 17], [9, 18], [10, 19], [11, 19], [11, 18]]
[[1, 16], [2, 15], [2, 16], [3, 17], [4, 17], [5, 16], [6, 16], [7, 17], [8, 18], [9, 17], [10, 18], [11, 19], [11, 18]]
[[1, 16], [1, 15], [2, 16], [3, 17], [4, 17], [5, 17], [6, 18], [7, 18], [8, 17], [9, 17], [9, 18], [10, 18], [11, 18]]
[[1, 16], [2, 15], [2, 16], [3, 17], [4, 17], [4, 18], [5, 19], [6, 18], [7, 18], [8, 17], [8, 16], [8, 17], [9, 17], [10, 18], [11, 18]]
