[[3, 7], [4, 8], [5, 9], [6, 10], [7, 11], [8, 12], [9, 13], [10, 14], [10, 15], [11, 16], [12, 17]]
[[3, 7], [4, 8], [5, 9], [6, 10], [7, 11], [8, 12], [9, 13], [10, 14], [10, 15], [11, 16], [12, 17]]
[[3, 7], [4, 8], [5, 9], [6, 10], [7, 11], [8, 12], [9, 13], [10, 14], [10, 15], [11, 16], [12, 17]]
[[3, 7], [4, 8], [5, 9], [6, 10], [7, 11], [8, 12], [9, 13], [10, 14], [11, 15], [12, 16], [12, 17]]
[[3, 7], [4, 8], [5, 9], [6, 10], [7, 11], [8, 12], [9, 13], [10, 14], [10, 15], [11, 16], [12, 17]]
[[3, 7], [4, 8], [5, 9], [6, 10], [7, 11], [8, 12], [9, 13], [10, 14], [10, 15], [11, 16], [12, 17]]
[[3, 7], [4, 8], [5, 9], [6, 10], [7, 11], [8, 12], [9, 13], [10, 14], [10, 15], [11, 16], [12, 17]]
[[3, 7], [4, 8], [5, 9], [6, 10], [7, 11], [8, 12], [9, 13], [10, 14], [10, 15], [11, 16], [12, 17]]
[[3, 7], [4, 8], [5, 9], [6, 10], [7, 11], [8, 12], [9, 13], [10, 14], [11, 15], [12, 16], [12, 17]]
[[3, 7], [4, 8], [5, 9], [6, 10], [7, 11], [8, 12], [9, 13], [10, 14], [11, 15], [12, 16], [12, 17]]
[[3, 7], [4, 8], [5, 9], [6, 10], [7, 11], [8, 12], [9, 13], [10, 14], [10, 15], [11, 16], [12, 17]]
[[3, 7], [4, 8], [5, 9], [6, 10], [7, 11], [8, 12], [9, 13], [10, 14], [11, 15], [11, 16], [12, 17]]
[[3, 7], [4, 8], [5, 9], [6, 10], [7, 11], [8, 12], [9, 13], [10, 14], [11, 15], [11, 16], [12, 17]]
[[3, 7], [4, 8], [5, 9], [6, 10], [7, 11], [8, 12], [9, 13], [10, 14], [10, 15], [11, 16], [12, 17]]
[[3, 7], [4, 8], [5, 9], [6, 9], [6, 10], [7, 11], [8, 12], [9, 13], [10, 14], [11, 15], [12, 16], [12, 17]]
[[3, 7], [4, 8], [5, 8], [6, 9], [6, 10], [7, 11], [8, 12], [9, 13], [10, 14], [11, 15], [11, 16], [12, 17]]
[[3, 7], [4, 8], [5, 9], [6, 10], [7, 11], [8, 11], [8, 12], [9, 13], [10, 14], [11, 15], [11, 16], [12, 17]]
[[3, 7], [4, 8], [5, 9], [6, 9], [6, 10], [7, 11], [8, 12], [8, 13], [8, 14], [9, 15], [10, 16], [11, 16], [12, 17]]
[[3, 7], [4, 8], [5, 9], [4, 9], [5, 10], [6, 11], [6, 12], [7, 13], [8, 14], [9, 15], [10, 16], [11, 16], [12, 17]]
[[3, 7], [4, 8], [5, 8], [6, 9], [6, 10], [6, 11], [6, 12], [7, 13], [8, 14], [9, 15], [10, 16], [11, 17], [12, 17]]
