[[1, 4], [2, 5], [1, 6], [0, 7], [1, 8], [1, 9], [1, 10], [1, 11], [2, 12], [1, 13], [0, 14], [0, 15]]
[[1, 4], [2, 5], [1, 6], [1, 7], [1, 8], [1, 9], [1, 10], [0, 11], [0, 12], [1, 13], [1, 14], [0, 15]]
[[1, 4], [1, 5], [1, 6], [2, 7], [1, 8], [0, 9], [1, 10], [1, 11], [2, 12], [1, 13], [0, 14], [0, 15]]
[[1, 4], [1, 5], [0, 6], [1, 7], [2, 8], [1, 9], [1, 10], [0, 11], [1, 12], [0, 13], [0, 14], [0, 15]]
[[1, 4], [2, 5], [1, 6], [0, 7], [1, 8], [0, 9], [1, 10], [1, 11], [1, 12], [0, 13], [1, 14], [0, 15]]
[[1, 4], [1, 5], [0, 6], [1, 7], [2, 8], [3, 9], [2, 10], [1, 11], [1, 12], [2, 13], [1, 14], [0, 15]]
[[1, 4], [1, 5], [0, 6], [0, 7], [0, 8], [1, 9], [0, 10], [1, 11], [0, 12], [1, 13], [0, 14], [0, 15]]
[[1, 4], [2, 5], [1, 6], [2, 7], [2, 8], [1, 9], [1, 10], [2, 11], [1, 12], [1, 13], [1, 14], [0, 15]]
[[1, 4], [2, 5], [1, 6], [0, 7], [1, 8], [0, 9], [0, 10], [1, 11], [1, 12], [0, 13], [1, 14], [0, 15]]
[[1, 4], [2, 5], [1, 6], [0, 7], [1, 8], [1, 9], [1, 10], [1, 11], [2, 12], [1, 13], [0, 14], [0, 15]]
[[1, 4], [2, 5], [1, 6], [1, 7], [2, 8], [1, 9], [2, 10], [1, 10], [0, 9], [0, 10], [0, 11], [1, 12], [0, 12], [1, 13], [1, 14], [0, 15]]
[[1, 4], [2, 5], [1, 5], [2, 5], [1, 5], [1, 6], [2, 7], [1, 8], [0, 9], [0, 10], [1, 11], [1, 12], [0, 12], [1, 13], [0, 13], [1, 14], [0, 15]]
[[1, 4], [0, 4], [1, 3], [2, 4], [3, 5], [2, 5], [1, 6], [0, 7], [0, 8], [0, 9], [1, 10], [0, 11], [1, 11], [0, 12], [0, 13], [1, 14], [0, 14], [0, 15]]
[[1, 4], [0, 4], [1, 3], [2, 4], [3, 5], [2, 5], [1, 6], [0, 7], [0, 8], [0, 9], [1, 10], [1, 11], [1, 12], [0, 13], [1, 13], [0, 14], [1, 15], [1, 14], [0, 15]]
[[1, 4], [0, 4], [1, 5], [0, 6], [0, 7], [0, 8], [1, 7], [1, 6], [0, 6], [1, 7], [1, 8], [1, 9], [1, 10], [0, 11], [0, 12], [1, 13], [1, 12], [0, 13], [0, 14], [0, 15]]
