[[3, 18], [4, 17], [5, 16], [6, 15], [7, 14], [6, 13], [7, 12], [8, 11], [9, 10], [10, 9], [9, 8], [10, 7], [10, 6], [11, 5], [12, 4], [13, 3], [14, 2], [13, 1]]
[[3, 18], [4, 17], [5, 16], [6, 15], [7, 14], [6, 13], [7, 12], [8, 11], [9, 10], [9, 9], [9, 8], [9, 7], [10, 6], [11, 5], [12, 4], [13, 3], [12, 2], [13, 1]]
[[3, 18], [4, 17], [4, 16], [5, 15], [5, 14], [6, 13], [7, 12], [7, 11], [7, 10], [8, 9], [8, 8], [9, 7], [10, 6], [10, 5], [10, 4], [11, 3], [12, 2], [13, 1]]
[[3, 18], [4, 17], [5, 16], [6, 15], [7, 14], [6, 13], [7, 12], [8, 11], [9, 10], [10, 9], [9, 8], [10, 7], [10, 6], [11, 5], [12, 4], [13, 3], [14, 2], [13, 1]]
[[3, 18], [4, 17], [5, 16], [6, 15], [5, 14], [6, 13], [7, 12], [8, 11], [7, 10], [8, 9], [9, 8], [10, 7], [11, 6], [11, 5], [12, 4], [12, 3], [12, 2], [13, 1]]
[[3, 18], [4, 17], [5, 16], [6, 15], [7, 14], [8, 13], [9, 12], [10, 11], [11, 10], [10, 9], [10, 8], [11, 7], [10, 6], [11, 5], [12, 4], [13, 3], [12, 2], [13, 1]]
[[3, 18], [4, 17], [3, 16], [4, 15], [5, 14], [6, 13], [6, 12], [6, 11], [7, 10], [7, 9], [8, 8], [7, 7], [8, 6], [9, 5], [10, 4], [11, 3], [12, 2], [13, 1]]
[[3, 18], [4, 17], [5, 16], [6, 15], [7, 14], [6, 13], [5, 12], [6, 11], [7, 10], [8, 9], [8, 8], [9, 7], [10, 6], [11, 5], [12, 4], [13, 3], [14, 2], [13, 1]]
[[3, 18], [4, 17], [5, 16], [6, 15], [7, 14], [8, 13], [7, 12], [8, 11], [9, 10], [9, 9], [10, 8], [9, 7], [10, 6], [11, 5], [12, 4], [11, 3], [12, 2], [13, 1]]
[[3, 18], [4, 17], [5, 16], [5, 15], [5, 14], [6, 13], [7, 12], [8, 11], [7, 10], [7, 9], [8, 8], [7, 7], [8, 6], [9, 5], [10, 4], [11, 3], [12, 2], [13, 1]]
[[3, 18], [4, 17], [5, 16], [6, 15], [5, 14], [6, 13], [6, 12], [6, 11], [7, 10], [8, 9], [9, 8], [9, 7], [9, 6], [10, 5], [10, 4], [11, 3], [12, 2], [13, 1]]
[[3, 18], [4, 17], [5, 16], [5, 15], [6, 14], [6, 13], [7, 12], [7, 11], [7, 10], [8, 9], [8, 8], [9, 7], [9, 6], [9, 5], [10, 4], [11, 3], [12, 2], [13, 1]]
[[3, 18], [4, 17], [5, 16], [6, 15], [7, 14], [8, 13], [7, 12], [8, 11], [9, 10], [10, 9], [11, 8], [11, 7], [10, 6], [10, 7], [10, 6], [9, 5], [10, 4], [11, 3], [12, 2], [13, 1]]
[[3, 18], [3, 19], [4, 18], [5, 17], [6, 16], [7, 15], [7, 14], [6, 13], [7, 12], [8, 11], [9, 10], [10, 9], [10, 8], [9, 7], [9, 6], [10, 5], [10, 4], [11, 3], [12, 2], [13, 1]]
[[3, 18], [4, 17], [4, 16], [5, 15], [5, 14], [6, 13], [7, 12], [8, 11], [8, 10], [9, 9], [10, 8], [10, 7], [10, 6], [11, 5], [10, 5], [10, 4], [11, 3], [12, 2], [12, 1], [13, 1]]
[[3, 18], [2, 17], [3, 16], [4, 15], [5, 14], [6, 14], [5, 14], [6, 13], [7, 12], [8, 11], [9, 10], [8, 9], [9, 8], [8, 7], [9, 6], [10, 5], [11, 5], [10, 4], [11, 3], [12, 3], [12, 2], [12, 1], [13, 1]]
[[3, 18], [3, 17], [4, 16], [5, 16], [6, 16], [6, 15], [6, 14], [6, 13], [7, 12], [6, 11], [7, 10], [8, 9], [9, 8], [10, 8], [11, 8], [10, 7], [10, 6], [9, 5], [10, 4], [9, 3], [10, 2], [11, 1], [12, 1], [13, 1]]
[[3, 18], [4, 17], [5, 16], [5, 15], [6, 15], [6, 14], [6, 13], [6, 12], [6, 13], [7, 12], [8, 11], [9, 11], [8, 10], [7, 9], [8, 8], [9, 8], [10, 7], [9, 6], [9, 5], [10, 4], [11, 3], [10, 2], [11, 3], [12, 3], [12, 2], [13, 1]]
[[3, 18], [4, 17], [4, 16], [4, 15], [5, 14], [6, 13], [7, 14], [8, 13], [7, 12], [8, 11], [9, 11], [8, 10], [9, 9], [10, 8], [9, 9], [9, 8], [10, 7], [9, 6], [10, 5], [9, 4], [9, 3], [10, 2], [11, 1], [12, 1], [13, 0], [13, 1]]
[[3, 18], [4, 17], [5, 17], [5, 16], [5, 15], [5, 14], [6, 14], [6, 13], [6, 12], [5, 12], [4, 13], [4, 12], [5, 11], [4, 10], [3, 11], [4, 10], [5, 9], [5, 8], [4, 7], [5, 6], [4, 6], [3, 6], [4, 6], [5, 6], [6, 7], [6, 6], [7, 6], [8, 5], [9, 4], [10, 3], [11, 3], [12, 2], [12, 1], [13, 0], [13, 1]]
