[[7, 17], [8, 16], [8, 15], [8, 14], [8, 13], [9, 12], [9, 11], [8, 10], [9, 9], [9, 8], [8, 7], [7, 6], [7, 5]]
[[7, 17], [8, 16], [7, 15], [7, 14], [7, 13], [6, 12], [7, 11], [8, 10], [7, 9], [8, 8], [7, 7], [6, 6], [7, 5]]
[[7, 17], [6, 16], [6, 15], [6, 14], [6, 13], [7, 12], [8, 11], [8, 10], [9, 9], [8, 8], [8, 7], [8, 6], [7, 5]]
[[7, 17], [8, 16], [7, 15], [7, 14], [8, 13], [9, 12], [9, 11], [8, 10], [9, 9], [8, 8], [8, 7], [7, 6], [7, 5]]
[[7, 17], [6, 16], [6, 15], [7, 14], [8, 13], [7, 12], [8, 11], [8, 10], [9, 9], [8, 8], [9, 7], [8, 6], [7, 5]]
[[7, 17], [8, 16], [8, 15], [8, 14], [8, 13], [7, 12], [8, 11], [9, 10], [9, 9], [9, 8], [9, 7], [8, 6], [7, 5]]
[[7, 17], [8, 16], [8, 15], [7, 14], [7, 13], [7, 12], [8, 11], [9, 10], [10, 9], [9, 8], [8, 7], [8, 6], [7, 5]]
[[7, 17], [8, 16], [7, 15], [7, 14], [7, 13], [7, 12], [8, 11], [9, 10], [9, 9], [9, 8], [8, 7], [7, 6], [7, 5]]
[[7, 17], [8, 16], [8, 15], [8, 14], [8, 13], [9, 12], [9, 11], [8, 10], [9, 9], [9, 8], [8, 7], [7, 6], [7, 5]]
[[7, 17], [8, 16], [8, 15], [8, 14], [8, 13], [9, 12], [8, 11], [8, 10], [7, 9], [8, 8], [7, 7], [8, 6], [7, 5]]
[[7, 17], [8, 16], [9, 15], [8, 14], [8, 13], [7, 12], [8, 11], [9, 10], [10, 9], [9, 9], [9, 8], [9, 7], [8, 6], [7, 5]]
[[7, 17], [8, 16], [8, 15], [9, 14], [8, 13], [7, 12], [8, 11], [8, 10], [7, 9], [7, 8], [6, 7], [7, 6], [6, 5], [7, 5]]
[[7, 17], [8, 16], [7, 15], [8, 15], [8, 14], [8, 13], [9, 12], [8, 11], [9, 10], [9, 9], [9, 8], [8, 7], [8, 6], [7, 5]]
[[7, 17], [6, 16], [7, 15], [8, 14], [7, 14], [8, 13], [9, 12], [9, 11], [9, 10], [9, 9], [9, 8], [8, 7], [7, 6], [7, 5]]
[[7, 17], [8, 16], [9, 16], [9, 15], [10, 15], [11, 14], [11, 13], [10, 13], [9, 12], [8, 11], [8, 10], [7, 9], [6, 8], [7, 8], [6, 7], [7, 6], [7, 5]]
[[7, 17], [8, 16], [7, 15], [8, 15], [8, 14], [8, 13], [9, 12], [8, 13], [7, 13], [6, 13], [5, 13], [4, 12], [3, 13], [2, 12], [2, 11], [1, 12], [2, 12], [1, 11], [1, 10], [1, 9], [0, 9], [1, 8], [2, 9], [3, 9], [3, 8], [4, 7], [3, 8], [2, 7], [1, 6], [2, 5], [3, 6], [4, 5], [5, 5], [5, 4], [6, 3], [6, 2], [7, 1], [8, 1], [9, 1], [9, 2], [8, 3], [9, 4], [9, 3], [9, 4], [8, 4], [8, 5], [7, 5], [8, 6], [7, 5], [7, 6], [8, 6], [7, 6], [8, 5], [7, 5]]
[[7, 17], [6, 17], [7, 18], [6, 18], [7, 19], [6, 19], [5, 18], [5, 19], [4, 18], [4, 17], [3, 16], [3, 17], [2, 16], [2, 15], [3, 14], [3, 13], [4, 13], [5, 13], [4, 14], [5, 14], [6, 13], [5, 12], [4, 11], [4, 12], [3, 12], [2, 11], [2, 12], [1, 12], [1, 11], [0, 11], [1, 10], [0, 9], [1, 8], [2, 7], [2, 8], [3, 8], [4, 8], [5, 9], [4, 10], [3, 11], [2, 10], [1, 9], [2, 9], [3, 10], [3, 9], [4, 9], [5, 8], [4, 7], [5, 6], [4, 5], [4, 4], [5, 4], [6, 4], [7, 5]]
