[[29, 19], [28, 19], [27, 19], [26, 18], [25, 17], [24, 16], [23, 15], [22, 14], [21, 14], [20, 13], [19, 13], [18, 12], [17, 11], [16, 10], [15, 9], [14, 8], [13, 7], [12, 6], [12, 5]]
[[29, 19], [28, 19], [27, 19], [26, 18], [25, 17], [24, 16], [23, 16], [22, 15], [21, 14], [20, 13], [19, 13], [18, 12], [17, 11], [16, 10], [15, 9], [14, 8], [13, 7], [12, 6], [12, 5]]
[[29, 19], [28, 19], [27, 19], [26, 18], [25, 17], [24, 16], [23, 15], [22, 15], [21, 14], [20, 13], [19, 13], [18, 12], [17, 11], [16, 10], [15, 9], [14, 8], [13, 7], [12, 6], [12, 5]]
[[29, 19], [28, 19], [27, 19], [26, 18], [25, 18], [24, 17], [23, 16], [22, 15], [21, 14], [20, 13], [19, 12], [18, 11], [17, 10], [16, 9], [15, 8], [14, 7], [13, 7], [12, 6], [12, 5]]
[[29, 19], [28, 19], [27, 19], [26, 18], [25, 18], [24, 17], [23, 16], [22, 15], [21, 14], [20, 13], [19, 13], [18, 12], [17, 11], [16, 10], [15, 9], [14, 8], [13, 7], [12, 6], [12, 5]]
[[29, 19], [28, 19], [27, 19], [26, 18], [25, 17], [24, 17], [23, 16], [22, 15], [21, 14], [20, 13], [19, 12], [18, 11], [17, 10], [16, 10], [15, 9], [14, 8], [13, 7], [12, 6], [12, 5]]
[[29, 19], [28, 19], [27, 19], [26, 18], [25, 17], [24, 17], [23, 16], [22, 15], [21, 14], [20, 14], [19, 13], [18, 12], [17, 11], [16, 10], [15, 9], [14, 8], [13, 7], [12, 6], [12, 5]]
[[29, 19], [28, 19], [27, 19], [26, 18], [25, 17], [24, 16], [23, 15], [22, 14], [21, 14], [20, 13], [19, 13], [18, 12], [17, 11], [16, 10], [15, 9], [14, 8], [13, 7], [12, 6], [12, 5]]
[[29, 19], [28, 19], [27, 19], [26, 18], [25, 17], [24, 16], [23, 15], [22, 15], [21, 14], [20, 13], [19, 12], [18, 11], [17, 10], [16, 9], [15, 8], [14, 8], [13, 7], [12, 6], [12, 5]]
[[29, 19], [28, 19], [27, 19], [26, 18], [25, 17], [24, 16], [23, 15], [22, 14], [21, 14], [20, 13], [19, 13], [18, 12], [17, 11], [16, 10], [15, 9], [14, 8], [13, 7], [12, 6], [12, 5]]
[[29, 19], [28, 19], [27, 19], [26, 18], [25, 17], [24, 16], [23, 16], [22, 15], [21, 14], [20, 14], [19, 13], [18, 12], [17, 11], [16, 10], [15, 9], [14, 8], [13, 7], [12, 6], [12, 5]]
[[29, 19], [28, 19], [27, 19], [26, 18], [25, 17], [24, 16], [23, 16], [22, 15], [21, 14], [20, 14], [19, 13], [18, 12], [17, 11], [16, 10], [15, 9], [14, 8], [13, 7], [12, 6], [12, 5]]
[[29, 19], [28, 19], [27, 19], [26, 18], [25, 17], [24, 16], [23, 15], [22, 15], [21, 14], [20, 13], [19, 12], [18, 11], [17, 10], [16, 9], [15, 9], [14, 8], [13, 7], [12, 6], [12, 5]]
[[29, 19], [28, 19], [27, 19], [26, 18], [25, 17], [24, 17], [23, 16], [22, 15], [21, 14], [20, 13], [19, 12], [18, 11], [17, 10], [16, 10], [15, 9], [14, 8], [13, 7], [12, 6], [12, 5]]
[[29, 19], [28, 19], [27, 19], [26, 18], [25, 17], [24, 17], [23, 16], [22, 15], [21, 14], [20, 13], [19, 12], [18, 11], [17, 11], [16, 10], [15, 9], [14, 8], [13, 7], [12, 6], [12, 5]]
[[29, 19], [28, 19], [27, 19], [26, 18], [25, 18], [24, 17], [23, 16], [22, 15], [21, 14], [20, 13], [19, 12], [18, 12], [17, 11], [16, 11], [15, 10], [15, 9], [14, 8], [13, 7], [12, 6], [12, 5]]
[[29, 19], [28, 19], [27, 19], [26, 18], [25, 17], [24, 16], [23, 16], [22, 15], [21, 16], [20, 15], [19, 14], [18, 13], [17, 12], [16, 11], [16, 10], [15, 9], [14, 8], [13, 7], [12, 6], [12, 5]]
[[29, 19], [28, 19], [27, 19], [26, 18], [25, 17], [24, 16], [23, 15], [22, 15], [21, 14], [20, 13], [19, 13], [18, 12], [17, 12], [16, 11], [16, 10], [15, 9], [14, 8], [13, 7], [12, 6], [12, 5]]
[[29, 19], [28, 19], [27, 19], [26, 18], [25, 17], [24, 16], [23, 16], [22, 15], [21, 14], [20, 15], [19, 14], [18, 13], [17, 12], [16, 11], [16, 10], [15, 9], [14, 8], [13, 7], [12, 6], [12, 5]]
[[29, 19], [28, 19], [27, 19], [26, 18], [25, 17], [24, 16], [23, 16], [22, 15], [21, 14], [20, 13], [19, 14], [18, 13], [17, 12], [16, 11], [16, 10], [15, 9], [14, 8], [13, 7], [12, 6], [12, 5]]
