[[14, 18], [14, 17], [13, 16], [14, 15], [14, 14], [14, 13], [15, 12], [16, 11], [17, 10], [17, 9], [18, 8], [19, 7], [20, 6], [21, 5], [21, 4], [22, 3], [21, 2]]
[[14, 18], [14, 17], [14, 16], [15, 15], [16, 14], [15, 13], [15, 12], [15, 11], [16, 10], [16, 9], [17, 8], [18, 7], [19, 6], [20, 5], [21, 4], [20, 3], [21, 2]]
[[14, 18], [13, 17], [13, 16], [12, 15], [13, 14], [14, 13], [15, 12], [16, 11], [17, 10], [18, 9], [19, 8], [20, 7], [21, 6], [22, 5], [21, 4], [22, 3], [21, 2]]
[[14, 18], [13, 17], [13, 16], [14, 15], [15, 14], [15, 13], [16, 12], [16, 11], [17, 10], [18, 9], [19, 8], [19, 7], [19, 6], [18, 5], [19, 4], [20, 3], [21, 2]]
[[14, 18], [14, 17], [13, 16], [14, 15], [14, 14], [14, 13], [15, 12], [16, 11], [17, 10], [17, 9], [18, 8], [19, 7], [20, 6], [21, 5], [21, 4], [22, 3], [21, 2]]
[[14, 18], [14, 17], [14, 16], [13, 15], [13, 14], [12, 13], [12, 12], [13, 11], [13, 10], [14, 9], [15, 8], [16, 7], [17, 6], [18, 5], [19, 4], [20, 3], [21, 2]]
[[14, 18], [13, 17], [13, 16], [14, 15], [15, 14], [15, 13], [16, 12], [16, 11], [16, 10], [17, 9], [17, 8], [18, 7], [19, 6], [18, 5], [19, 4], [20, 3], [21, 2]]
[[14, 18], [14, 17], [15, 16], [14, 15], [15, 14], [15, 13], [16, 12], [16, 11], [17, 10], [18, 9], [19, 8], [18, 7], [19, 6], [20, 5], [19, 4], [20, 3], [21, 2]]
[[14, 18], [14, 17], [15, 16], [15, 15], [15, 14], [15, 13], [16, 12], [17, 11], [18, 10], [19, 9], [18, 8], [19, 7], [20, 6], [20, 5], [20, 4], [20, 3], [21, 2]]
[[14, 18], [14, 17], [15, 16], [15, 15], [16, 14], [15, 13], [15, 12], [16, 11], [17, 10], [18, 9], [19, 8], [20, 7], [21, 6], [22, 5], [23, 4], [22, 3], [21, 2]]
[[14, 18], [14, 17], [15, 16], [15, 15], [15, 14], [15, 13], [15, 12], [15, 11], [15, 10], [15, 9], [16, 8], [17, 7], [17, 6], [18, 5], [19, 4], [20, 3], [21, 2]]
[[14, 18], [13, 17], [13, 16], [14, 15], [14, 14], [14, 13], [15, 12], [16, 11], [17, 10], [18, 9], [19, 8], [19, 7], [20, 6], [21, 5], [22, 4], [22, 3], [21, 2]]
[[14, 18], [14, 17], [13, 16], [14, 15], [15, 14], [15, 13], [15, 12], [16, 11], [17, 10], [18, 9], [19, 8], [19, 7], [19, 6], [20, 5], [21, 5], [21, 4], [22, 3], [21, 2]]
[[14, 18], [13, 17], [13, 16], [13, 15], [14, 14], [15, 13], [15, 12], [14, 11], [13, 10], [14, 9], [15, 8], [16, 7], [17, 6], [18, 5], [19, 4], [20, 4], [20, 3], [21, 2]]
[[14, 18], [13, 18], [13, 17], [14, 16], [14, 15], [14, 16], [15, 15], [15, 14], [15, 13], [16, 12], [17, 11], [18, 10], [17, 9], [18, 8], [19, 7], [20, 6], [20, 5], [20, 4], [20, 3], [21, 2]]
[[14, 18], [13, 17], [14, 16], [13, 15], [14, 14], [15, 13], [14, 12], [14, 11], [15, 10], [15, 9], [15, 8], [16, 8], [17, 7], [17, 6], [17, 7], [17, 6], [18, 7], [19, 6], [20, 5], [19, 4], [20, 4], [20, 3], [21, 2]]
[[14, 18], [15, 17], [15, 16], [14, 15], [14, 14], [14, 13], [15, 12], [14, 11], [15, 10], [16, 9], [17, 8], [16, 7], [17, 7], [18, 7], [19, 6], [20, 6], [19, 6], [20, 5], [21, 4], [20, 4], [20, 3], [20, 2], [21, 2]]
[[14, 18], [15, 18], [16, 17], [15, 16], [14, 15], [13, 14], [14, 13], [15, 12], [14, 11], [15, 10], [16, 9], [17, 8], [17, 7], [17, 6], [18, 5], [19, 6], [19, 7], [20, 6], [20, 5], [21, 5], [20, 4], [21, 4], [22, 4], [21, 4], [22, 3], [21, 2]]
[[14, 18], [15, 17], [16, 16], [16, 17], [16, 16], [17, 16], [18, 16], [19, 15], [18, 14], [17, 14], [16, 14], [15, 13], [14, 13], [15, 12], [15, 11], [16, 11], [17, 10], [16, 9], [17, 8], [18, 8], [19, 7], [20, 7], [20, 6], [20, 5], [21, 4], [20, 3], [21, 2]]
[[14, 18], [15, 19], [16, 19], [15, 18], [16, 17], [16, 16], [17, 15], [16, 14], [15, 15], [14, 14], [15, 13], [15, 12], [16, 11], [15, 10], [16, 10], [17, 9], [18, 9], [19, 9], [20, 8], [19, 7], [20, 7], [20, 6], [21, 5], [22, 6], [22, 5], [23, 4], [23, 3], [22, 2], [21, 2]]
