[[13, 15], [14, 16], [15, 15], [16, 16], [17, 17], [18, 18], [19, 19], [20, 18], [21, 18], [22, 18], [23, 19], [24, 18], [25, 17], [26, 17], [27, 16], [28, 17]]
[[13, 15], [14, 16], [15, 15], [16, 16], [17, 16], [18, 16], [19, 17], [20, 18], [21, 17], [22, 18], [23, 19], [24, 18], [25, 17], [26, 16], [27, 17], [28, 17]]
[[13, 15], [14, 16], [15, 15], [16, 16], [17, 17], [18, 18], [19, 19], [20, 18], [21, 18], [22, 18], [23, 19], [24, 18], [25, 17], [26, 17], [27, 16], [28, 17]]
[[13, 15], [14, 16], [15, 17], [16, 18], [17, 18], [18, 19], [19, 19], [20, 19], [21, 18], [22, 18], [23, 19], [24, 19], [25, 19], [26, 18], [27, 17], [28, 17]]
[[13, 15], [14, 14], [15, 15], [16, 16], [17, 16], [18, 17], [19, 17], [20, 18], [21, 19], [22, 19], [23, 19], [24, 18], [25, 17], [26, 17], [27, 17], [28, 17]]
[[13, 15], [14, 16], [15, 17], [16, 18], [17, 18], [18, 19], [19, 19], [20, 19], [21, 18], [22, 19], [23, 18], [24, 17], [25, 17], [26, 16], [27, 17], [28, 17]]
[[13, 15], [14, 16], [15, 16], [16, 15], [17, 16], [18, 17], [19, 17], [20, 16], [21, 17], [22, 18], [23, 17], [24, 16], [25, 15], [26, 16], [27, 17], [28, 17]]
[[13, 15], [14, 16], [15, 15], [16, 16], [17, 17], [18, 18], [19, 17], [20, 18], [21, 19], [22, 18], [23, 18], [24, 17], [25, 17], [26, 17], [27, 17], [28, 17]]
[[13, 15], [14, 16], [15, 16], [16, 16], [17, 17], [18, 18], [19, 19], [20, 19], [21, 19], [22, 19], [23, 18], [24, 17], [25, 17], [26, 16], [27, 16], [28, 17]]
[[13, 15], [14, 14], [15, 15], [16, 16], [17, 17], [18, 18], [19, 19], [20, 18], [21, 19], [22, 18], [23, 17], [24, 18], [25, 17], [26, 18], [27, 17], [28, 17]]
[[13, 15], [14, 16], [15, 17], [16, 16], [17, 17], [18, 18], [19, 19], [20, 18], [21, 18], [22, 18], [23, 18], [24, 17], [25, 16], [26, 17], [27, 17], [28, 17]]
[[13, 15], [14, 14], [15, 15], [16, 16], [17, 17], [18, 16], [19, 16], [20, 16], [21, 17], [22, 18], [23, 18], [24, 17], [25, 17], [26, 17], [27, 17], [28, 17]]
[[13, 15], [14, 16], [15, 17], [16, 18], [17, 18], [18, 19], [19, 19], [20, 19], [21, 19], [22, 19], [23, 18], [24, 17], [25, 16], [26, 16], [27, 17], [28, 17]]
[[13, 15], [14, 16], [15, 17], [16, 16], [17, 17], [18, 18], [19, 17], [20, 17], [21, 18], [22, 18], [23, 18], [24, 18], [25, 17], [26, 17], [27, 17], [28, 17]]
[[13, 15], [14, 16], [15, 17], [16, 18], [17, 18], [18, 19], [19, 19], [20, 18], [21, 19], [22, 18], [23, 17], [23, 18], [24, 19], [25, 19], [26, 18], [27, 17], [28, 17]]
[[13, 15], [14, 16], [15, 16], [16, 16], [17, 17], [18, 18], [18, 19], [19, 19], [20, 18], [21, 18], [22, 18], [23, 19], [24, 18], [25, 17], [26, 17], [27, 16], [28, 17]]
[[13, 15], [14, 16], [15, 17], [16, 18], [17, 19], [18, 18], [19, 19], [20, 18], [21, 18], [22, 19], [23, 19], [24, 19], [25, 19], [26, 19], [26, 18], [27, 17], [28, 17]]
[[13, 15], [14, 16], [15, 16], [16, 16], [17, 17], [17, 18], [18, 18], [19, 17], [20, 17], [21, 17], [22, 18], [23, 19], [23, 18], [24, 19], [25, 19], [26, 18], [27, 17], [28, 17]]
[[13, 15], [13, 16], [14, 17], [15, 17], [16, 18], [17, 17], [18, 18], [19, 19], [20, 19], [21, 18], [22, 18], [22, 19], [23, 19], [24, 18], [25, 17], [26, 16], [27, 16], [28, 17]]
[[13, 15], [14, 16], [15, 15], [16, 16], [17, 16], [18, 17], [19, 17], [20, 18], [21, 19], [22, 19], [21, 18], [22, 18], [23, 19], [24, 18], [25, 17], [25, 16], [26, 17], [27, 17], [28, 16], [28, 17]]
