[[16, 11], [15, 12], [15, 13], [14, 14], [13, 15], [12, 16], [11, 16], [10, 16], [9, 16], [8, 16], [7, 17], [6, 18]]
[[16, 11], [16, 12], [15, 13], [14, 14], [13, 15], [12, 16], [11, 17], [10, 18], [9, 17], [8, 18], [7, 17], [6, 18]]
[[16, 11], [16, 12], [15, 13], [14, 14], [13, 15], [12, 16], [11, 16], [10, 15], [9, 16], [8, 17], [7, 18], [6, 18]]
[[16, 11], [16, 12], [15, 13], [14, 14], [13, 15], [12, 16], [11, 17], [10, 18], [9, 17], [8, 16], [7, 17], [6, 18]]
[[16, 11], [16, 12], [15, 13], [14, 14], [13, 15], [12, 16], [11, 16], [10, 15], [9, 16], [8, 17], [7, 17], [6, 18]]
[[16, 11], [15, 12], [15, 13], [14, 14], [13, 15], [12, 16], [11, 17], [10, 18], [9, 17], [8, 18], [7, 17], [6, 18]]
[[16, 11], [15, 12], [15, 13], [14, 14], [13, 15], [12, 16], [11, 16], [10, 16], [9, 16], [8, 16], [7, 17], [6, 18]]
[[16, 11], [16, 12], [15, 13], [14, 14], [13, 15], [12, 16], [11, 17], [10, 18], [9, 19], [8, 19], [7, 18], [6, 18]]
[[16, 11], [16, 12], [15, 13], [14, 14], [13, 14], [12, 15], [11, 15], [10, 16], [9, 17], [8, 17], [7, 18], [6, 18]]
[[16, 11], [16, 12], [15, 13], [14, 14], [13, 13], [12, 14], [11, 15], [10, 16], [9, 15], [8, 16], [7, 17], [6, 18]]
[[16, 11], [15, 12], [15, 13], [14, 14], [13, 15], [12, 16], [11, 15], [10, 15], [9, 16], [8, 17], [7, 18], [6, 18]]
[[16, 11], [15, 12], [15, 13], [14, 14], [13, 13], [12, 14], [11, 15], [10, 15], [9, 16], [8, 17], [7, 18], [6, 18]]
[[16, 11], [16, 12], [15, 13], [14, 14], [13, 15], [12, 16], [11, 15], [10, 16], [9, 16], [8, 17], [7, 18], [6, 18]]
[[16, 11], [16, 12], [15, 13], [14, 14], [13, 15], [12, 15], [11, 16], [10, 15], [9, 16], [8, 16], [7, 17], [6, 18]]
[[16, 11], [16, 12], [15, 13], [14, 14], [13, 15], [12, 15], [11, 16], [10, 15], [9, 15], [8, 16], [7, 17], [6, 18]]
[[16, 11], [15, 12], [15, 13], [14, 14], [13, 15], [12, 14], [11, 15], [10, 16], [9, 16], [8, 16], [7, 17], [6, 18]]
[[16, 11], [15, 12], [15, 13], [15, 14], [14, 15], [13, 16], [12, 17], [11, 18], [10, 18], [9, 19], [8, 18], [7, 19], [6, 18]]
[[16, 11], [16, 12], [16, 13], [15, 14], [14, 15], [13, 16], [12, 17], [11, 17], [10, 18], [9, 19], [8, 19], [7, 19], [6, 18]]
[[16, 11], [15, 12], [15, 13], [15, 14], [14, 15], [13, 16], [12, 17], [11, 18], [10, 18], [9, 19], [8, 18], [7, 19], [7, 18], [6, 18]]
[[16, 11], [17, 11], [16, 12], [15, 13], [15, 14], [14, 15], [13, 16], [12, 17], [11, 17], [10, 16], [10, 15], [9, 16], [8, 16], [7, 17], [6, 18]]
