[[22, 13], [21, 12], [20, 11], [19, 10], [18, 9], [17, 8], [16, 7], [15, 6], [14, 5], [14, 4]]
[[22, 13], [21, 12], [20, 11], [19, 10], [18, 9], [17, 8], [16, 7], [15, 6], [15, 5], [14, 4]]
[[22, 13], [21, 12], [20, 11], [19, 10], [18, 9], [17, 8], [16, 7], [15, 6], [15, 5], [14, 4]]
[[22, 13], [21, 12], [20, 11], [19, 10], [18, 9], [17, 8], [16, 7], [15, 6], [15, 5], [14, 4]]
[[22, 13], [21, 12], [20, 11], [19, 10], [18, 9], [17, 8], [16, 7], [15, 6], [14, 5], [14, 4]]
[[22, 13], [21, 12], [20, 11], [19, 10], [18, 9], [17, 8], [16, 7], [15, 6], [14, 5], [14, 4]]
[[22, 13], [21, 12], [20, 11], [19, 10], [18, 9], [17, 8], [16, 7], [16, 6], [15, 5], [14, 4]]
[[22, 13], [21, 12], [20, 11], [19, 10], [18, 9], [17, 8], [16, 7], [15, 6], [15, 5], [14, 4]]
[[22, 13], [21, 12], [20, 11], [19, 10], [18, 9], [17, 8], [16, 7], [15, 6], [15, 5], [14, 4]]
[[22, 13], [21, 12], [20, 11], [19, 10], [18, 9], [17, 8], [16, 7], [15, 6], [15, 5], [14, 4]]
[[22, 13], [21, 12], [20, 11], [19, 10], [19, 9], [18, 8], [17, 7], [16, 6], [15, 5], [14, 4]]
[[22, 13], [21, 12], [20, 11], [19, 10], [19, 9], [18, 8], [17, 7], [16, 6], [15, 5], [14, 4]]
[[22, 13], [21, 12], [20, 11], [19, 10], [18, 9], [17, 8], [16, 7], [15, 6], [15, 5], [14, 4]]
[[22, 13], [21, 12], [20, 11], [19, 10], [18, 9], [17, 8], [16, 7], [15, 6], [14, 5], [13, 4], [14, 4]]
[[22, 13], [22, 12], [21, 11], [20, 10], [19, 9], [19, 8], [19, 7], [18, 6], [17, 5], [16, 5], [15, 5], [14, 4]]
[[22, 13], [21, 12], [20, 11], [20, 10], [19, 9], [18, 8], [17, 7], [16, 6], [15, 5], [14, 5], [15, 4], [14, 4]]
[[22, 13], [21, 12], [21, 11], [20, 10], [19, 9], [18, 9], [18, 8], [17, 7], [17, 6], [16, 5], [15, 6], [15, 5], [14, 4]]
[[22, 13], [21, 12], [22, 11], [22, 10], [21, 11], [20, 10], [19, 9], [18, 8], [17, 8], [17, 7], [17, 6], [18, 7], [17, 7], [16, 6], [17, 5], [16, 5], [16, 4], [15, 5], [14, 4]]
[[22, 13], [21, 14], [20, 13], [19, 14], [18, 14], [19, 13], [20, 12], [19, 12], [18, 12], [17, 13], [16, 12], [17, 12], [16, 12], [17, 11], [16, 10], [17, 9], [18, 8], [17, 7], [16, 6], [15, 5], [15, 6], [16, 5], [15, 5], [16, 4], [15, 5], [14, 4]]
[[22, 13], [22, 14], [21, 14], [20, 13], [19, 14], [20, 15], [19, 15], [20, 16], [20, 17], [19, 16], [18, 16], [18, 15], [18, 14], [17, 13], [16, 13], [15, 12], [14, 13], [15, 14], [16, 15], [15, 16], [16, 17], [17, 17], [18, 17], [17, 18], [18, 18], [19, 17], [19, 18], [19, 19], [18, 19], [17, 19], [16, 18], [15, 18], [14, 17], [13, 17], [13, 16], [14, 15], [14, 16], [13, 15], [12, 16], [12, 15], [11, 14], [12, 14], [13, 14], [13, 13], [12, 12], [11, 13], [10, 12], [10, 11], [11, 10], [10, 10], [11, 9], [11, 8], [12, 8], [11, 7], [12, 7], [13, 7], [14, 7], [14, 8], [15, 7], [16, 6], [16, 5], [17, 5], [17, 6], [18, 5], [19, 6], [18, 6], [19, 7], [18, 7], [19, 8], [19, 9], [18, 8], [18, 9], [18, 10], [17, 11], [17, 12], [16, 12], [16, 11], [15, 11], [16, 10], [15, 10], [15, 9], [15, 8], [16, 7], [15, 6], [14, 6], [13, 6], [13, 5], [12, 4], [13, 3], [12, 2], [13, 2], [13, 1], [13, 0], [14, 1], [14, 2], [14, 3], [15, 4], [14, 4]]
