[[1, 16], [2, 17], [3, 17], [4, 18], [5, 19], [6, 19], [7, 19], [8, 19], [9, 18], [10, 18], [11, 17], [12, 18], [13, 19], [14, 19], [15, 18], [16, 18], [17, 18], [18, 18]]
[[1, 16], [2, 16], [3, 17], [4, 18], [5, 19], [6, 19], [7, 18], [8, 17], [9, 17], [10, 16], [11, 17], [12, 17], [13, 17], [14, 17], [15, 18], [16, 18], [17, 17], [18, 18]]
[[1, 16], [2, 17], [3, 18], [4, 19], [5, 18], [6, 19], [7, 18], [8, 19], [9, 19], [10, 18], [11, 17], [12, 18], [13, 17], [14, 18], [15, 18], [16, 18], [17, 18], [18, 18]]
[[1, 16], [2, 16], [3, 17], [4, 18], [5, 19], [6, 19], [7, 19], [8, 19], [9, 19], [10, 19], [11, 18], [12, 17], [13, 17], [14, 18], [15, 18], [16, 18], [17, 18], [18, 18]]
[[1, 16], [2, 17], [3, 17], [4, 18], [5, 19], [6, 19], [7, 19], [8, 19], [9, 18], [10, 18], [11, 17], [12, 18], [13, 19], [14, 19], [15, 18], [16, 18], [17, 18], [18, 18]]
[[1, 16], [2, 17], [3, 17], [4, 17], [5, 17], [6, 17], [7, 18], [8, 19], [9, 19], [10, 18], [11, 18], [12, 18], [13, 17], [14, 17], [15, 18], [16, 17], [17, 17], [18, 18]]
[[1, 16], [2, 17], [3, 17], [4, 18], [5, 17], [6, 17], [7, 18], [8, 17], [9, 18], [10, 17], [11, 18], [12, 18], [13, 17], [14, 17], [15, 18], [16, 19], [17, 19], [18, 18]]
[[1, 16], [2, 16], [3, 15], [4, 16], [5, 16], [6, 17], [7, 16], [8, 17], [9, 16], [10, 15], [11, 16], [12, 17], [13, 17], [14, 18], [15, 18], [16, 19], [17, 18], [18, 18]]
[[1, 16], [2, 17], [3, 18], [4, 18], [5, 18], [6, 17], [7, 17], [8, 17], [9, 17], [10, 16], [11, 17], [12, 16], [13, 17], [14, 18], [15, 18], [16, 18], [17, 18], [18, 18]]
[[1, 16], [2, 17], [3, 18], [4, 18], [5, 19], [6, 19], [7, 19], [8, 19], [9, 19], [10, 18], [11, 19], [12, 18], [13, 19], [14, 18], [15, 18], [16, 18], [17, 17], [18, 18]]
[[1, 16], [2, 17], [3, 16], [4, 16], [5, 17], [6, 17], [7, 18], [8, 19], [9, 18], [10, 17], [11, 17], [12, 18], [13, 19], [14, 19], [15, 18], [16, 19], [17, 19], [18, 18]]
[[1, 16], [2, 17], [3, 18], [4, 19], [5, 18], [6, 17], [7, 18], [8, 18], [9, 17], [10, 18], [11, 18], [12, 17], [13, 17], [14, 17], [15, 18], [16, 19], [17, 18], [18, 18]]
[[1, 16], [2, 17], [3, 16], [4, 17], [5, 17], [6, 17], [7, 17], [8, 17], [9, 16], [10, 17], [11, 17], [12, 18], [13, 19], [14, 18], [15, 18], [16, 17], [17, 18], [18, 18]]
[[1, 16], [2, 17], [3, 17], [4, 18], [5, 18], [6, 19], [7, 18], [8, 17], [9, 18], [10, 17], [11, 17], [12, 18], [13, 19], [14, 18], [15, 18], [16, 17], [17, 18], [18, 18]]
[[1, 16], [2, 17], [3, 17], [4, 18], [5, 19], [6, 19], [7, 19], [8, 18], [9, 18], [10, 19], [11, 18], [12, 17], [13, 17], [14, 18], [15, 18], [16, 19], [17, 19], [18, 18]]
[[1, 16], [2, 16], [3, 16], [4, 17], [5, 18], [6, 17], [7, 17], [8, 16], [9, 15], [10, 14], [11, 15], [12, 15], [13, 16], [14, 17], [15, 18], [16, 17], [17, 18], [18, 18]]
[[1, 16], [2, 15], [3, 16], [4, 17], [5, 18], [6, 19], [7, 18], [8, 18], [9, 18], [10, 18], [11, 17], [12, 18], [13, 19], [14, 19], [14, 18], [15, 18], [16, 18], [17, 18], [18, 18]]
[[1, 16], [2, 17], [3, 18], [4, 18], [5, 18], [6, 17], [7, 18], [8, 17], [9, 17], [10, 18], [11, 17], [12, 16], [13, 16], [14, 17], [15, 18], [16, 18], [17, 19], [17, 18], [18, 18]]
[[1, 16], [2, 16], [3, 17], [4, 17], [5, 17], [6, 17], [7, 18], [8, 18], [9, 18], [10, 19], [11, 18], [12, 17], [12, 18], [13, 19], [14, 18], [15, 18], [16, 19], [17, 18], [18, 18]]
[[1, 16], [2, 17], [3, 18], [3, 19], [4, 18], [5, 18], [6, 19], [7, 19], [8, 19], [9, 18], [10, 19], [11, 19], [12, 18], [13, 19], [14, 19], [15, 18], [16, 17], [17, 16], [18, 16], [19, 15], [19, 16], [19, 17], [18, 18]]
