[[20, 3], [19, 2], [18, 1], [17, 0], [16, 0], [15, 0], [14, 1], [13, 1], [12, 1], [11, 1], [10, 2], [9, 1]]
[[20, 3], [19, 2], [18, 3], [17, 2], [16, 1], [15, 2], [14, 1], [13, 1], [12, 2], [11, 1], [10, 1], [9, 1]]
[[20, 3], [19, 2], [18, 1], [17, 2], [16, 1], [15, 1], [14, 1], [13, 1], [12, 2], [11, 1], [10, 1], [9, 1]]
[[20, 3], [19, 2], [18, 1], [17, 1], [16, 0], [15, 1], [14, 1], [13, 1], [12, 0], [11, 1], [10, 1], [9, 1]]
[[20, 3], [19, 2], [18, 1], [17, 0], [16, 0], [15, 0], [14, 1], [13, 1], [12, 1], [11, 1], [10, 2], [9, 1]]
[[20, 3], [19, 2], [18, 1], [17, 0], [16, 1], [15, 1], [14, 1], [13, 2], [12, 2], [11, 1], [10, 1], [9, 1]]
[[20, 3], [19, 2], [18, 1], [17, 2], [16, 1], [15, 1], [14, 1], [13, 2], [12, 1], [11, 2], [10, 1], [9, 1]]
[[20, 3], [19, 2], [18, 1], [17, 1], [16, 1], [15, 2], [14, 1], [13, 2], [12, 1], [11, 2], [10, 2], [9, 1]]
[[20, 3], [19, 2], [18, 1], [17, 1], [16, 0], [15, 1], [14, 1], [13, 2], [12, 2], [11, 1], [10, 2], [9, 1]]
[[20, 3], [19, 2], [18, 1], [17, 2], [16, 1], [15, 0], [14, 1], [13, 2], [12, 2], [11, 2], [10, 2], [9, 1]]
[[20, 3], [19, 2], [18, 1], [17, 1], [16, 0], [15, 1], [14, 1], [13, 1], [12, 1], [11, 2], [10, 2], [9, 1]]
[[20, 3], [19, 2], [18, 2], [17, 1], [16, 0], [15, 1], [14, 1], [13, 1], [12, 1], [11, 0], [10, 1], [9, 1]]
[[20, 3], [19, 2], [18, 1], [17, 0], [16, 1], [15, 1], [14, 1], [13, 0], [12, 1], [11, 2], [10, 1], [9, 1]]
[[20, 3], [19, 2], [18, 3], [17, 2], [16, 1], [15, 0], [14, 1], [13, 0], [12, 1], [11, 1], [10, 0], [9, 1]]
[[20, 3], [20, 2], [19, 1], [20, 1], [19, 1], [19, 0], [20, 0], [19, 1], [20, 1], [19, 1], [18, 1], [17, 1], [16, 1], [15, 1], [14, 1], [13, 0], [12, 1], [12, 0], [12, 1], [11, 0], [11, 1], [10, 1], [9, 1]]
[[20, 3], [20, 2], [21, 1], [20, 1], [19, 1], [18, 0], [18, 1], [17, 1], [17, 0], [16, 0], [15, 1], [15, 2], [15, 3], [16, 4], [16, 5], [16, 6], [15, 7], [15, 8], [14, 9], [14, 10], [14, 11], [15, 12], [16, 13], [16, 12], [17, 11], [18, 12], [18, 13], [17, 12], [18, 11], [18, 10], [19, 11], [20, 11], [21, 10], [20, 10], [19, 9], [18, 8], [19, 8], [20, 7], [21, 7], [21, 6], [21, 5], [20, 4], [20, 5], [19, 5], [18, 5], [17, 4], [18, 3], [17, 2], [16, 1], [15, 1], [14, 1], [13, 0], [12, 0], [13, 1], [12, 1], [11, 0], [10, 1], [10, 0], [9, 1]]
[[20, 3], [20, 2], [21, 1], [20, 1], [19, 0], [18, 0], [17, 1], [18, 2], [18, 1], [19, 1], [19, 2], [18, 3], [17, 2], [16, 3], [15, 2], [14, 1], [13, 0], [13, 1], [12, 2], [13, 3], [12, 4], [11, 5], [10, 6], [9, 7], [8, 6], [7, 6], [7, 5], [6, 6], [5, 5], [5, 4], [6, 3], [7, 2], [8, 3], [9, 2], [10, 2], [10, 1], [11, 1], [11, 2], [12, 1], [12, 0], [11, 0], [10, 0], [9, 0], [10, 0], [11, 1], [12, 2], [11, 2], [12, 3], [13, 4], [14, 5], [15, 5], [15, 4], [14, 3], [15, 3], [16, 4], [16, 5], [16, 6], [15, 7], [14, 7], [13, 8], [13, 9], [12, 9], [11, 10], [10, 9], [10, 8], [9, 7], [10, 6], [11, 6], [11, 7], [12, 6], [13, 5], [14, 4], [13, 3], [12, 4], [12, 5], [11, 4], [11, 5], [10, 4], [9, 4], [9, 3], [10, 2], [9, 2], [9, 1]]
[[20, 3], [19, 2], [18, 3], [17, 4], [18, 5], [19, 6], [20, 7], [21, 6], [21, 7], [20, 7], [21, 6], [21, 5], [22, 5], [23, 6], [24, 6], [25, 5], [25, 4], [26, 3], [25, 3], [24, 3], [23, 2], [23, 1], [24, 2], [25, 1], [26, 0], [26, 1], [26, 0], [27, 0], [28, 1], [29, 1], [29, 2], [28, 3], [28, 2], [29, 2], [28, 3], [27, 4], [27, 5], [28, 6], [29, 6], [28, 5], [28, 6], [27, 7], [26, 8], [25, 7], [24, 6], [25, 6], [26, 6], [26, 7], [27, 7], [27, 8], [26, 9], [25, 10], [26, 11], [25, 11], [25, 12], [25, 13], [26, 13], [26, 14], [25, 13], [24, 14], [24, 13], [23, 14], [22, 15], [21, 14], [21, 15], [21, 16], [20, 17], [19, 18], [20, 19], [21, 18], [21, 19], [22, 19], [23, 18], [22, 17], [23, 16], [22, 16], [22, 17], [21, 17], [21, 18], [20, 17], [20, 16], [19, 17], [18, 16], [17, 17], [18, 16], [17, 15], [18, 14], [18, 13], [19, 14], [18, 13], [18, 12], [18, 11], [18, 10], [19, 9], [18, 8], [18, 7], [17, 7], [17, 8], [17, 9], [16, 8], [17, 8], [16, 9], [15, 8], [16, 9], [17, 10], [16, 11], [15, 11], [14, 10], [13, 11], [12, 12], [12, 13], [13, 12], [12, 12], [11, 12], [10, 13], [9, 14], [9, 15], [8, 14], [9, 15], [8, 16], [8, 15], [9, 15], [8, 16], [9, 15], [8, 14], [7, 13], [6, 12], [7, 12], [7, 13], [8, 13], [8, 12], [9, 11], [10, 10], [11, 10], [12, 10], [13, 11], [12, 12], [13, 12], [14, 11], [15, 12], [16, 13], [16, 14], [15, 13], [14, 14], [13, 15], [14, 15], [13, 16], [13, 17], [14, 17], [15, 18], [16, 19], [17, 18], [16, 19], [16, 18], [15, 17], [15, 16], [16, 17], [15, 17], [14, 18], [13, 18], [12, 18], [11, 18], [10, 18], [10, 17], [11, 17], [12, 18], [11, 18], [11, 17], [11, 16], [12, 15], [11, 15], [10, 16], [11, 17], [10, 16], [9, 16], [9, 17], [8, 18], [7, 17], [7, 18], [6, 17], [5, 18], [6, 18], [7, 17], [6, 17], [5, 18], [4, 17], [3, 18], [3, 17], [3, 16], [2, 17], [1, 17], [2, 16], [1, 15], [0, 14], [1, 13], [1, 12], [2, 12], [1, 11], [2, 10], [2, 11], [3, 11], [3, 12], [2, 12], [2, 13], [2, 14], [3, 14], [3, 13], [4, 13], [5, 14], [6, 14], [6, 15], [6, 16], [6, 15], [6, 14], [5, 13], [4, 12], [5, 11], [6, 11], [7, 10], [7, 9], [7, 8], [6, 7], [6, 8], [7, 8], [6, 8], [6, 9], [5, 10], [6, 11], [5, 10], [4, 9], [3, 9], [4, 8], [5, 8], [4, 7], [4, 6], [4, 5], [5, 5], [5, 4], [5, 5], [6, 5], [7, 5], [8, 6], [9, 5], [9, 4], [9, 3], [9, 2], [10, 2], [11, 2], [12, 3], [13, 3], [13, 2], [13, 1], [14, 1], [15, 2], [16, 3], [15, 3], [14, 3], [13, 2], [13, 1], [12, 1], [11, 1], [11, 2], [10, 1], [9, 1], [10, 2], [9, 1]]
