[[19, 14], [20, 13], [21, 12], [21, 11], [20, 10], [20, 9], [21, 8], [20, 7], [20, 6], [20, 5], [20, 4]]
[[19, 14], [19, 13], [18, 12], [19, 11], [20, 10], [20, 9], [19, 8], [18, 7], [18, 6], [19, 5], [20, 4]]
[[19, 14], [18, 13], [18, 12], [19, 11], [20, 10], [19, 9], [19, 8], [20, 7], [20, 6], [19, 5], [20, 4]]
[[19, 14], [20, 13], [19, 12], [20, 11], [20, 10], [19, 9], [18, 8], [19, 7], [19, 6], [20, 5], [20, 4]]
[[19, 14], [18, 13], [18, 12], [19, 11], [20, 10], [19, 9], [18, 8], [19, 7], [20, 6], [20, 5], [20, 4]]
[[19, 14], [20, 13], [21, 12], [21, 11], [20, 10], [19, 9], [20, 8], [20, 7], [20, 6], [19, 5], [20, 4]]
[[19, 14], [20, 13], [21, 12], [21, 11], [20, 10], [21, 9], [21, 8], [21, 7], [22, 6], [21, 5], [20, 4]]
[[19, 14], [20, 13], [21, 12], [21, 11], [22, 10], [21, 9], [20, 8], [19, 7], [19, 6], [19, 5], [20, 4]]
[[19, 14], [20, 13], [19, 12], [19, 11], [20, 10], [21, 9], [20, 8], [19, 7], [18, 6], [19, 5], [20, 4]]
[[19, 14], [20, 13], [21, 12], [21, 11], [20, 10], [20, 9], [21, 8], [20, 7], [20, 6], [20, 5], [20, 4]]
[[19, 14], [19, 13], [18, 12], [19, 11], [20, 10], [19, 9], [19, 8], [19, 7], [18, 6], [19, 5], [20, 4]]
[[19, 14], [20, 13], [21, 12], [22, 11], [21, 10], [20, 9], [21, 9], [20, 8], [19, 7], [20, 6], [21, 5], [20, 4]]
[[19, 14], [20, 13], [21, 12], [21, 11], [22, 10], [23, 9], [22, 9], [21, 8], [21, 7], [20, 6], [20, 5], [20, 4]]
[[19, 14], [20, 13], [21, 13], [22, 12], [23, 11], [24, 10], [25, 9], [24, 8], [23, 7], [22, 6], [22, 5], [21, 5], [20, 4]]
[[19, 14], [20, 15], [21, 14], [21, 15], [21, 16], [22, 16], [21, 17], [21, 16], [21, 15], [21, 14], [21, 13], [22, 12], [22, 11], [22, 10], [21, 9], [21, 8], [22, 7], [21, 7], [20, 8], [21, 7], [22, 6], [21, 5], [20, 4]]
[[19, 14], [18, 13], [17, 13], [16, 13], [15, 14], [14, 13], [14, 12], [15, 11], [16, 12], [17, 11], [18, 12], [19, 11], [20, 11], [19, 11], [18, 12], [19, 12], [19, 11], [18, 10], [17, 9], [18, 9], [18, 8], [17, 7], [18, 6], [19, 6], [20, 6], [19, 6], [19, 5], [20, 4]]
[[19, 14], [19, 13], [20, 14], [21, 15], [20, 16], [19, 16], [18, 16], [17, 17], [16, 16], [15, 17], [15, 18], [14, 17], [13, 17], [12, 16], [11, 16], [11, 17], [10, 17], [9, 16], [9, 17], [9, 16], [8, 16], [7, 16], [6, 15], [5, 15], [4, 14], [3, 15], [2, 14], [3, 13], [4, 14], [3, 14], [4, 15], [5, 15], [6, 15], [6, 16], [5, 17], [4, 18], [5, 17], [4, 16], [4, 17], [3, 16], [2, 17], [1, 16], [0, 15], [1, 15], [0, 16], [1, 15], [2, 15], [2, 14], [3, 13], [2, 12], [1, 11], [2, 10], [1, 9], [0, 9], [1, 8], [1, 7], [2, 7], [1, 6], [2, 7], [3, 6], [3, 7], [4, 7], [5, 6], [5, 5], [4, 5], [3, 4], [2, 4], [1, 5], [0, 4], [0, 3], [0, 2], [1, 2], [2, 3], [3, 4], [4, 5], [5, 6], [6, 6], [5, 7], [4, 8], [5, 7], [5, 8], [6, 9], [6, 10], [6, 9], [7, 10], [6, 10], [7, 11], [6, 12], [6, 11], [7, 10], [8, 10], [9, 10], [9, 11], [10, 12], [9, 11], [9, 10], [10, 10], [9, 9], [9, 8], [8, 8], [9, 8], [10, 8], [10, 7], [11, 6], [11, 5], [10, 6], [11, 7], [10, 6], [11, 5], [10, 5], [10, 4], [10, 3], [9, 3], [10, 4], [11, 4], [11, 3], [12, 3], [13, 4], [14, 3], [15, 2], [16, 3], [17, 2], [18, 2], [19, 2], [20, 3], [21, 4], [22, 4], [21, 4], [22, 3], [23, 4], [22, 3], [22, 2], [21, 2], [21, 3], [21, 2], [20, 3], [19, 3], [18, 3], [17, 4], [16, 3], [16, 4], [15, 5], [14, 6], [13, 6], [13, 5], [13, 4], [12, 3], [11, 3], [12, 2], [11, 1], [11, 2], [12, 1], [13, 0], [14, 0], [14, 1], [15, 2], [16, 2], [16, 3], [16, 4], [16, 5], [17, 6], [18, 7], [19, 8], [19, 7], [18, 6], [18, 7], [18, 8], [17, 9], [18, 9], [17, 10], [18, 9], [17, 9], [16, 8], [16, 7], [17, 8], [18, 9], [18, 8], [19, 7], [19, 6], [18, 6], [18, 7], [17, 6], [17, 5], [16, 5], [15, 5], [14, 6], [14, 5], [13, 4], [12, 5], [11, 6], [12, 6], [13, 5], [13, 4], [13, 3], [12, 3], [12, 2], [13, 2], [14, 3], [14, 2], [14, 1], [15, 2], [15, 3], [16, 2], [17, 2], [16, 3], [17, 4], [18, 3], [19, 3], [20, 3], [21, 2], [22, 2], [23, 1], [24, 1], [24, 2], [23, 2], [23, 3], [24, 3], [25, 3], [26, 2], [27, 3], [28, 2], [28, 1], [27, 0], [26, 0], [27, 1], [27, 0], [26, 0], [25, 1], [24, 1], [23, 2], [23, 3], [22, 2], [22, 3], [22, 4], [21, 4], [20, 4]]
