[[29, 14], [28, 14], [27, 15], [26, 16], [25, 17], [24, 18], [23, 17], [22, 18], [21, 17], [20, 17], [19, 16], [18, 15], [17, 16], [16, 15], [15, 16], [14, 16], [13, 15], [12, 15]]
[[29, 14], [28, 14], [27, 15], [26, 16], [25, 17], [24, 18], [23, 19], [22, 18], [21, 17], [20, 17], [19, 17], [18, 16], [17, 17], [16, 16], [15, 17], [14, 17], [13, 16], [12, 15]]
[[29, 14], [28, 14], [27, 15], [26, 16], [25, 17], [24, 17], [23, 17], [22, 17], [21, 17], [20, 17], [19, 16], [18, 15], [17, 14], [16, 13], [15, 14], [14, 15], [13, 15], [12, 15]]
[[29, 14], [28, 14], [27, 15], [26, 16], [25, 17], [24, 16], [23, 17], [22, 18], [21, 18], [20, 19], [19, 18], [18, 17], [17, 17], [16, 16], [15, 16], [14, 15], [13, 15], [12, 15]]
[[29, 14], [28, 14], [27, 15], [26, 16], [25, 17], [24, 18], [23, 18], [22, 17], [21, 16], [20, 16], [19, 15], [18, 14], [17, 14], [16, 15], [15, 16], [14, 16], [13, 16], [12, 15]]
[[29, 14], [28, 14], [27, 15], [26, 16], [25, 17], [24, 17], [23, 18], [22, 17], [21, 17], [20, 17], [19, 16], [18, 15], [17, 16], [16, 15], [15, 16], [14, 15], [13, 15], [12, 15]]
[[29, 14], [28, 13], [27, 14], [26, 15], [25, 14], [24, 15], [23, 16], [22, 15], [21, 16], [20, 16], [19, 15], [18, 14], [17, 14], [16, 15], [15, 16], [14, 15], [13, 15], [12, 15]]
[[29, 14], [28, 14], [27, 15], [26, 16], [25, 17], [24, 18], [23, 17], [22, 18], [21, 17], [20, 17], [19, 16], [18, 15], [17, 16], [16, 15], [15, 16], [14, 16], [13, 15], [12, 15]]
[[29, 14], [28, 14], [27, 15], [26, 16], [25, 17], [24, 16], [23, 17], [22, 18], [21, 17], [20, 16], [19, 16], [18, 15], [17, 14], [16, 14], [15, 13], [14, 14], [13, 14], [12, 15]]
[[29, 14], [28, 14], [27, 15], [26, 16], [25, 15], [24, 16], [23, 15], [22, 15], [21, 15], [20, 14], [19, 13], [18, 14], [17, 13], [16, 13], [15, 13], [14, 14], [13, 14], [12, 15]]
[[29, 14], [28, 14], [27, 15], [26, 15], [25, 16], [24, 17], [23, 18], [22, 18], [21, 18], [20, 17], [19, 18], [18, 17], [17, 16], [16, 16], [15, 16], [14, 15], [13, 16], [12, 15]]
[[29, 14], [28, 13], [27, 14], [26, 15], [25, 16], [24, 15], [23, 15], [22, 15], [22, 16], [21, 16], [20, 15], [19, 15], [18, 15], [17, 14], [16, 13], [17, 14], [16, 14], [15, 14], [14, 15], [13, 15], [12, 15]]
[[29, 14], [28, 14], [27, 15], [26, 16], [25, 16], [24, 16], [23, 17], [24, 16], [24, 17], [23, 16], [22, 16], [21, 16], [20, 15], [19, 15], [18, 14], [17, 13], [16, 12], [15, 13], [14, 14], [13, 14], [12, 15]]
[[29, 14], [28, 13], [27, 14], [26, 15], [26, 16], [27, 17], [26, 17], [26, 16], [25, 17], [24, 17], [23, 17], [22, 17], [22, 16], [21, 16], [20, 15], [19, 15], [18, 14], [17, 13], [16, 12], [15, 13], [14, 14], [13, 14], [12, 15]]
[[29, 14], [28, 13], [27, 14], [26, 15], [25, 16], [24, 17], [23, 16], [22, 16], [21, 17], [22, 18], [21, 19], [20, 19], [19, 18], [19, 17], [20, 18], [19, 19], [18, 18], [17, 17], [16, 17], [17, 16], [16, 15], [15, 14], [14, 14], [14, 15], [13, 15], [12, 16], [12, 15]]
[[29, 14], [28, 13], [27, 13], [26, 14], [25, 13], [25, 14], [25, 15], [24, 16], [23, 17], [22, 18], [22, 19], [21, 19], [20, 18], [20, 17], [20, 16], [19, 17], [20, 18], [19, 17], [18, 18], [17, 18], [16, 19], [15, 18], [15, 17], [15, 18], [14, 18], [13, 18], [12, 18], [12, 17], [11, 17], [12, 16], [12, 15]]
[[29, 14], [29, 13], [28, 14], [27, 15], [26, 16], [25, 17], [24, 17], [23, 18], [22, 17], [21, 18], [21, 19], [20, 18], [20, 17], [21, 16], [22, 15], [21, 14], [20, 13], [21, 13], [20, 13], [21, 14], [20, 13], [19, 13], [20, 12], [19, 13], [18, 13], [17, 13], [16, 13], [17, 14], [16, 14], [15, 13], [14, 14], [13, 13], [13, 14], [12, 15]]
[[29, 14], [28, 14], [27, 14], [27, 15], [28, 14], [27, 15], [26, 16], [26, 15], [26, 14], [25, 15], [24, 15], [25, 14], [25, 15], [24, 15], [23, 15], [23, 14], [22, 13], [22, 14], [21, 14], [20, 15], [21, 16], [20, 17], [19, 16], [19, 17], [18, 16], [17, 17], [16, 17], [15, 16], [14, 15], [13, 16], [13, 15], [12, 15], [13, 14], [12, 14], [11, 13], [11, 14], [11, 13], [12, 14], [12, 15], [11, 15], [12, 15], [12, 14], [12, 15]]
[[29, 14], [29, 13], [28, 13], [27, 12], [26, 11], [25, 12], [25, 13], [25, 14], [26, 13], [25, 12], [24, 13], [23, 14], [22, 14], [23, 15], [24, 16], [23, 17], [24, 17], [25, 18], [26, 18], [26, 17], [25, 16], [26, 15], [25, 15], [26, 14], [26, 15], [25, 16], [24, 16], [24, 15], [25, 14], [25, 15], [26, 16], [25, 17], [25, 18], [24, 17], [23, 17], [22, 18], [22, 19], [21, 19], [22, 18], [22, 17], [23, 16], [22, 15], [21, 16], [21, 17], [20, 16], [19, 17], [19, 16], [18, 17], [19, 18], [18, 17], [17, 17], [18, 17], [17, 17], [17, 16], [16, 15], [16, 16], [15, 16], [14, 15], [15, 14], [14, 14], [14, 15], [13, 15], [12, 16], [12, 15]]
