[[21, 1], [21, 2], [22, 3], [21, 4], [22, 5], [21, 6], [20, 7], [20, 8]]
[[21, 1], [22, 2], [22, 3], [22, 4], [22, 5], [22, 6], [21, 7], [20, 8]]
[[21, 1], [22, 2], [22, 3], [22, 4], [22, 5], [22, 6], [21, 7], [20, 8]]
[[21, 1], [21, 2], [22, 3], [21, 4], [22, 5], [21, 6], [20, 7], [20, 8]]
[[21, 1], [21, 2], [21, 3], [21, 4], [20, 5], [20, 6], [20, 7], [20, 8]]
[[21, 1], [21, 2], [21, 3], [21, 4], [22, 5], [21, 6], [21, 7], [20, 8]]
[[21, 1], [22, 2], [21, 3], [20, 4], [19, 5], [18, 6], [19, 7], [20, 8]]
[[21, 1], [21, 2], [22, 3], [22, 4], [22, 5], [21, 6], [21, 7], [20, 8]]
[[21, 1], [21, 2], [21, 3], [21, 4], [22, 5], [22, 6], [21, 7], [20, 8]]
[[21, 1], [22, 2], [22, 3], [22, 4], [22, 5], [21, 6], [21, 7], [20, 8]]
[[21, 1], [22, 2], [23, 3], [22, 3], [21, 4], [22, 5], [22, 6], [21, 7], [20, 8]]
[[21, 1], [21, 2], [20, 3], [20, 4], [20, 5], [20, 6], [19, 7], [20, 8], [21, 7], [20, 8]]
[[21, 1], [20, 2], [19, 3], [20, 3], [19, 4], [20, 5], [19, 5], [19, 6], [18, 7], [19, 6], [20, 7], [20, 8]]
[[21, 1], [20, 1], [21, 2], [20, 3], [20, 2], [19, 3], [20, 4], [21, 3], [21, 4], [22, 5], [23, 4], [23, 3], [22, 2], [23, 1], [24, 0], [25, 0], [26, 0], [27, 1], [28, 0], [27, 0], [26, 1], [25, 1], [24, 2], [23, 2], [22, 3], [22, 4], [23, 5], [23, 6], [22, 6], [21, 6], [20, 7], [21, 7], [22, 7], [23, 7], [24, 6], [24, 7], [24, 8], [25, 7], [26, 7], [26, 8], [25, 9], [25, 10], [24, 9], [23, 10], [22, 9], [22, 8], [21, 9], [20, 8]]
