[[10, 12], [9, 11], [8, 10], [9, 9], [8, 8], [8, 7], [9, 6], [9, 5], [9, 4], [8, 3], [9, 2], [9, 1], [9, 0]]
[[10, 12], [10, 11], [9, 10], [8, 9], [8, 8], [9, 7], [8, 6], [8, 5], [7, 4], [6, 3], [7, 2], [8, 1], [9, 0]]
[[10, 12], [9, 11], [8, 10], [8, 9], [8, 8], [8, 7], [9, 6], [9, 5], [9, 4], [8, 3], [9, 2], [9, 1], [9, 0]]
[[10, 12], [9, 11], [9, 10], [8, 9], [9, 8], [8, 7], [7, 6], [8, 5], [8, 4], [8, 3], [7, 2], [8, 1], [9, 0]]
[[10, 12], [9, 11], [9, 10], [8, 9], [9, 8], [9, 7], [8, 6], [9, 5], [9, 4], [8, 3], [9, 2], [10, 1], [9, 0]]
[[10, 12], [9, 11], [8, 10], [9, 9], [8, 8], [8, 7], [9, 6], [9, 5], [9, 4], [8, 3], [9, 2], [9, 1], [9, 0]]
[[10, 12], [10, 11], [9, 10], [8, 9], [7, 8], [7, 7], [8, 6], [9, 5], [10, 4], [10, 3], [11, 2], [10, 1], [9, 0]]
[[10, 12], [9, 11], [9, 10], [8, 9], [8, 8], [7, 7], [6, 6], [7, 5], [6, 4], [6, 3], [7, 2], [8, 1], [9, 0]]
[[10, 12], [9, 11], [8, 10], [9, 9], [9, 8], [9, 7], [9, 6], [8, 5], [7, 4], [8, 3], [7, 2], [8, 1], [9, 0]]
[[10, 12], [9, 11], [8, 10], [7, 9], [7, 8], [8, 7], [7, 6], [7, 5], [6, 4], [6, 3], [7, 2], [8, 1], [9, 0]]
[[10, 12], [9, 11], [8, 10], [7, 9], [6, 8], [6, 7], [7, 6], [7, 5], [7, 4], [8, 3], [9, 2], [8, 1], [9, 0]]
[[10, 12], [10, 11], [9, 10], [9, 9], [8, 8], [7, 7], [7, 6], [7, 5], [6, 4], [6, 3], [7, 2], [8, 1], [9, 0]]
[[10, 12], [10, 11], [9, 10], [9, 9], [10, 8], [9, 7], [8, 6], [8, 5], [7, 4], [6, 3], [7, 2], [8, 1], [9, 0]]
[[10, 12], [9, 11], [9, 10], [8, 9], [9, 8], [10, 7], [11, 6], [10, 5], [9, 4], [10, 3], [11, 2], [10, 1], [9, 0]]
[[10, 12], [10, 11], [9, 10], [9, 9], [9, 8], [9, 7], [8, 6], [8, 5], [7, 4], [6, 3], [7, 2], [8, 1], [9, 0]]
[[10, 12], [9, 12], [8, 11], [9, 10], [8, 9], [7, 8], [7, 7], [7, 6], [7, 5], [7, 4], [8, 3], [9, 2], [8, 1], [9, 0]]
[[10, 12], [10, 11], [9, 10], [8, 9], [8, 8], [9, 7], [8, 6], [9, 5], [9, 4], [8, 3], [9, 2], [8, 1], [8, 0], [9, 0]]
[[10, 12], [9, 11], [8, 10], [7, 9], [6, 8], [7, 8], [7, 7], [8, 6], [7, 5], [6, 4], [6, 3], [7, 2], [8, 1], [9, 0]]
[[10, 12], [9, 11], [8, 11], [9, 10], [9, 9], [8, 8], [8, 7], [7, 6], [8, 5], [9, 4], [10, 3], [10, 2], [9, 1], [9, 0]]
[[10, 12], [9, 11], [9, 10], [8, 9], [7, 8], [7, 7], [6, 6], [7, 5], [7, 4], [8, 4], [8, 3], [7, 2], [7, 1], [7, 0], [8, 1], [9, 0]]
