[[16, 17], [15, 16], [16, 15], [17, 14]]
[[16, 17], [17, 16], [18, 15], [17, 14]]
[[16, 17], [15, 16], [16, 15], [17, 14]]
[[16, 17], [15, 16], [16, 15], [17, 14]]
[[16, 17], [15, 16], [16, 15], [17, 14]]
[[16, 17], [17, 16], [18, 15], [17, 14]]
[[16, 17], [15, 16], [16, 15], [17, 14]]
[[16, 17], [15, 16], [16, 15], [17, 14]]
[[16, 17], [15, 16], [16, 15], [17, 14]]
[[16, 17], [17, 16], [18, 15], [17, 14]]
[[16, 17], [15, 18], [16, 17], [17, 17], [18, 18], [19, 19], [20, 18], [19, 19], [19, 18], [18, 18], [17, 17], [18, 16], [18, 15], [18, 14], [17, 14]]
[[16, 17], [17, 16], [18, 15], [19, 15], [19, 14], [18, 13], [19, 12], [19, 13], [18, 12], [17, 11], [17, 10], [18, 10], [19, 10], [19, 9], [18, 10], [18, 9], [18, 8], [17, 7], [18, 6], [19, 5], [20, 4], [21, 3], [22, 3], [23, 4], [24, 5], [23, 4], [24, 4], [25, 4], [26, 5], [26, 6], [26, 7], [25, 7], [24, 6], [25, 6], [24, 7], [25, 7], [24, 6], [25, 6], [25, 5], [25, 4], [25, 3], [26, 3], [27, 4], [27, 5], [28, 6], [29, 7], [28, 7], [27, 7], [28, 8], [27, 9], [28, 8], [28, 9], [28, 10], [28, 11], [29, 11], [28, 11], [27, 12], [26, 13], [25, 13], [24, 14], [24, 15], [23, 16], [23, 17], [23, 18], [22, 19], [23, 18], [24, 19], [23, 18], [23, 17], [24, 16], [25, 16], [25, 15], [26, 16], [25, 17], [25, 18], [25, 19], [26, 18], [27, 18], [26, 17], [27, 17], [26, 16], [27, 15], [28, 16], [27, 15], [28, 14], [27, 13], [27, 14], [26, 13], [25, 12], [25, 11], [24, 11], [24, 12], [23, 12], [22, 12], [21, 12], [22, 13], [21, 13], [22, 14], [22, 15], [21, 15], [20, 16], [21, 17], [21, 18], [20, 19], [19, 19], [20, 19], [20, 18], [20, 17], [19, 16], [18, 16], [17, 16], [16, 15], [17, 14], [18, 14], [18, 13], [17, 13], [17, 14]]
