[[18, 11], [17, 11], [16, 12], [15, 13], [14, 14], [13, 13], [12, 14], [11, 14], [10, 14], [9, 15], [8, 14], [7, 15], [6, 16], [5, 17], [4, 16], [3, 17], [2, 16], [1, 15]]
[[18, 11], [17, 11], [16, 12], [15, 13], [14, 13], [13, 13], [12, 14], [11, 15], [10, 14], [9, 15], [8, 16], [7, 17], [6, 18], [5, 17], [4, 18], [3, 17], [2, 16], [1, 15]]
[[18, 11], [17, 11], [16, 12], [15, 13], [14, 14], [13, 13], [12, 14], [11, 14], [10, 14], [9, 15], [8, 14], [7, 15], [6, 16], [5, 17], [4, 16], [3, 17], [2, 16], [1, 15]]
[[18, 11], [17, 12], [16, 13], [15, 14], [14, 15], [13, 14], [12, 13], [11, 13], [10, 14], [9, 15], [8, 15], [7, 15], [6, 16], [5, 16], [4, 16], [3, 16], [2, 15], [1, 15]]
[[18, 11], [17, 12], [16, 12], [15, 13], [14, 14], [13, 13], [12, 14], [11, 13], [10, 14], [9, 15], [8, 16], [7, 15], [6, 16], [5, 17], [4, 16], [3, 17], [2, 16], [1, 15]]
[[18, 11], [17, 12], [16, 13], [15, 14], [14, 14], [13, 15], [12, 14], [11, 13], [10, 14], [9, 15], [8, 14], [7, 15], [6, 15], [5, 15], [4, 15], [3, 14], [2, 14], [1, 15]]
[[18, 11], [17, 12], [16, 13], [15, 14], [14, 14], [13, 14], [12, 13], [11, 14], [10, 15], [9, 15], [8, 14], [7, 15], [6, 16], [5, 16], [4, 17], [3, 16], [2, 16], [1, 15]]
[[18, 11], [17, 11], [16, 12], [15, 13], [14, 12], [13, 13], [12, 13], [11, 13], [10, 14], [9, 15], [8, 14], [7, 15], [6, 16], [5, 15], [4, 16], [3, 15], [2, 16], [1, 15]]
[[18, 11], [17, 11], [16, 12], [15, 13], [14, 13], [13, 13], [12, 13], [11, 14], [10, 14], [9, 15], [8, 14], [7, 15], [6, 16], [5, 16], [4, 17], [3, 17], [2, 16], [1, 15]]
[[18, 11], [17, 12], [16, 13], [15, 14], [14, 15], [13, 15], [12, 16], [11, 15], [10, 14], [9, 15], [8, 15], [7, 15], [6, 16], [5, 15], [4, 15], [3, 15], [2, 15], [1, 15]]
[[18, 11], [17, 12], [16, 13], [15, 14], [14, 14], [13, 13], [12, 12], [11, 13], [10, 14], [9, 15], [8, 14], [7, 15], [6, 16], [5, 16], [4, 15], [3, 16], [2, 16], [1, 15]]
[[18, 11], [17, 12], [16, 12], [15, 13], [14, 14], [13, 13], [12, 14], [11, 15], [10, 14], [9, 15], [8, 15], [7, 16], [6, 15], [5, 16], [4, 16], [3, 16], [2, 16], [1, 15]]
[[18, 11], [17, 12], [16, 13], [15, 14], [14, 13], [13, 14], [12, 13], [11, 14], [10, 15], [9, 15], [8, 15], [7, 15], [6, 15], [5, 14], [4, 15], [3, 15], [2, 15], [1, 15]]
[[18, 11], [17, 11], [16, 12], [15, 13], [14, 14], [13, 13], [12, 14], [11, 14], [10, 14], [9, 15], [8, 14], [7, 15], [6, 16], [5, 16], [4, 15], [3, 15], [2, 15], [1, 15]]
[[18, 11], [17, 12], [16, 13], [16, 14], [15, 14], [14, 14], [13, 15], [12, 15], [11, 15], [10, 14], [9, 15], [8, 16], [7, 15], [6, 16], [5, 17], [4, 18], [3, 17], [2, 16], [1, 15]]
[[18, 11], [17, 12], [16, 13], [16, 14], [15, 14], [14, 14], [13, 14], [12, 15], [11, 15], [10, 15], [9, 15], [8, 16], [8, 17], [7, 16], [6, 15], [5, 14], [4, 15], [3, 15], [2, 14], [1, 15]]
[[18, 11], [17, 12], [16, 12], [16, 13], [15, 14], [14, 13], [13, 14], [12, 14], [11, 14], [10, 14], [9, 15], [8, 16], [7, 17], [6, 16], [5, 16], [4, 17], [3, 16], [2, 15], [2, 16], [1, 16], [1, 15]]
[[18, 11], [17, 12], [16, 13], [15, 14], [14, 15], [13, 16], [13, 15], [12, 14], [11, 15], [10, 14], [9, 15], [8, 16], [7, 16], [7, 17], [6, 18], [5, 18], [4, 19], [3, 18], [3, 17], [2, 16], [1, 15]]
[[18, 11], [17, 12], [16, 13], [16, 12], [15, 13], [14, 14], [14, 13], [13, 12], [12, 12], [11, 11], [10, 11], [9, 11], [8, 12], [7, 13], [6, 12], [5, 12], [4, 13], [3, 13], [2, 12], [1, 13], [1, 12], [1, 13], [1, 14], [1, 15]]
[[18, 11], [17, 11], [17, 12], [17, 13], [16, 14], [15, 15], [14, 15], [13, 15], [12, 14], [13, 15], [12, 15], [11, 15], [10, 14], [9, 15], [8, 16], [7, 17], [6, 17], [5, 16], [4, 16], [3, 16], [2, 15], [3, 15], [2, 16], [1, 15]]
