[[27, 3], [26, 4], [25, 5], [24, 6], [23, 7], [22, 8], [21, 8], [20, 9], [19, 10], [18, 11], [17, 12], [16, 13], [15, 13], [14, 14], [13, 15]]
[[27, 3], [26, 4], [25, 5], [24, 6], [23, 7], [22, 7], [21, 8], [20, 8], [19, 9], [18, 10], [17, 11], [16, 12], [15, 13], [14, 14], [13, 15]]
[[27, 3], [26, 4], [25, 5], [24, 6], [23, 7], [22, 7], [21, 8], [20, 9], [19, 10], [18, 10], [17, 11], [16, 12], [15, 13], [14, 14], [13, 15]]
[[27, 3], [26, 4], [25, 5], [24, 6], [23, 7], [22, 8], [21, 8], [20, 9], [19, 10], [18, 11], [17, 12], [16, 13], [15, 13], [14, 14], [13, 15]]
[[27, 3], [26, 4], [25, 5], [24, 6], [23, 7], [22, 7], [21, 8], [20, 9], [19, 10], [18, 10], [17, 11], [16, 12], [15, 13], [14, 14], [13, 15]]
[[27, 3], [26, 4], [25, 5], [24, 6], [23, 7], [22, 7], [21, 8], [20, 9], [19, 10], [18, 11], [17, 12], [16, 13], [15, 13], [14, 14], [13, 15]]
[[27, 3], [26, 4], [25, 5], [24, 6], [23, 7], [22, 7], [21, 8], [20, 9], [19, 10], [18, 11], [17, 12], [16, 13], [15, 13], [14, 14], [13, 15]]
[[27, 3], [26, 4], [25, 5], [24, 4], [23, 5], [22, 6], [21, 7], [20, 8], [19, 9], [18, 10], [17, 11], [16, 12], [15, 13], [14, 14], [13, 15]]
[[27, 3], [26, 4], [25, 5], [24, 6], [23, 7], [22, 8], [21, 8], [20, 9], [19, 10], [18, 11], [17, 11], [16, 12], [15, 13], [14, 14], [13, 15]]
[[27, 3], [26, 4], [25, 5], [24, 6], [23, 7], [22, 7], [21, 8], [20, 9], [19, 10], [18, 11], [17, 11], [16, 12], [15, 13], [14, 14], [13, 15]]
[[27, 3], [26, 4], [25, 5], [24, 6], [23, 7], [22, 6], [21, 7], [20, 8], [19, 9], [18, 10], [17, 11], [16, 12], [15, 13], [14, 14], [13, 15]]
[[27, 3], [26, 4], [25, 5], [24, 6], [23, 7], [22, 8], [21, 8], [20, 9], [19, 10], [18, 11], [17, 12], [16, 13], [15, 13], [14, 14], [13, 15]]
[[27, 3], [26, 4], [25, 5], [24, 6], [23, 7], [22, 8], [21, 8], [20, 9], [19, 10], [19, 11], [18, 11], [17, 12], [16, 13], [15, 13], [14, 14], [13, 15]]
[[27, 3], [26, 4], [25, 5], [24, 6], [23, 7], [22, 8], [21, 8], [20, 9], [20, 10], [19, 11], [18, 12], [17, 13], [16, 13], [15, 13], [14, 14], [13, 15]]
[[27, 3], [26, 4], [25, 5], [24, 6], [23, 7], [22, 7], [21, 8], [20, 9], [19, 10], [19, 11], [18, 12], [17, 13], [16, 14], [15, 15], [14, 16], [13, 15]]
[[27, 3], [26, 4], [25, 4], [25, 5], [24, 6], [23, 7], [22, 8], [21, 8], [20, 8], [19, 9], [18, 10], [17, 11], [16, 12], [15, 13], [14, 14], [13, 15]]
[[27, 3], [26, 4], [25, 5], [24, 6], [23, 7], [22, 8], [21, 8], [20, 9], [19, 10], [19, 11], [18, 12], [17, 11], [16, 12], [15, 13], [14, 14], [13, 15]]
[[27, 3], [26, 4], [25, 5], [24, 6], [23, 7], [22, 7], [21, 8], [20, 9], [19, 10], [18, 11], [17, 12], [16, 13], [15, 12], [14, 13], [14, 14], [13, 15]]
[[27, 3], [26, 4], [25, 5], [24, 6], [23, 7], [22, 7], [21, 8], [20, 9], [19, 10], [18, 11], [17, 12], [17, 13], [16, 12], [15, 13], [14, 14], [13, 15]]
[[27, 3], [27, 4], [26, 4], [25, 5], [24, 6], [23, 7], [22, 7], [21, 8], [20, 9], [20, 10], [19, 11], [18, 11], [17, 11], [16, 12], [15, 13], [14, 14], [13, 15]]
