[[13, 14], [14, 13], [15, 13], [16, 13], [17, 12], [18, 12], [19, 12], [20, 12], [21, 12], [22, 13], [23, 14], [24, 15]]
[[13, 14], [14, 13], [15, 12], [16, 11], [17, 12], [18, 13], [19, 14], [20, 15], [21, 14], [22, 15], [23, 16], [24, 15]]
[[13, 14], [14, 13], [15, 12], [16, 11], [17, 10], [18, 11], [19, 11], [20, 12], [21, 12], [22, 13], [23, 14], [24, 15]]
[[13, 14], [14, 14], [15, 14], [16, 15], [17, 15], [18, 15], [19, 14], [20, 14], [21, 14], [22, 15], [23, 16], [24, 15]]
[[13, 14], [14, 13], [15, 13], [16, 12], [17, 11], [18, 10], [19, 11], [20, 12], [21, 12], [22, 13], [23, 14], [24, 15]]
[[13, 14], [14, 13], [15, 12], [16, 11], [17, 11], [18, 10], [19, 11], [20, 12], [21, 12], [22, 13], [23, 14], [24, 15]]
[[13, 14], [14, 13], [15, 12], [16, 13], [17, 12], [18, 11], [19, 12], [20, 13], [21, 14], [22, 15], [23, 16], [24, 15]]
[[13, 14], [14, 13], [15, 12], [16, 11], [17, 10], [18, 11], [19, 11], [20, 12], [21, 12], [22, 13], [23, 14], [24, 15]]
[[13, 14], [14, 13], [15, 12], [16, 11], [17, 11], [18, 11], [19, 12], [20, 13], [21, 14], [22, 14], [23, 14], [24, 15]]
[[13, 14], [14, 13], [15, 13], [16, 13], [17, 12], [18, 12], [19, 12], [20, 12], [21, 12], [22, 13], [23, 14], [24, 15]]
[[13, 14], [14, 14], [15, 13], [16, 12], [17, 11], [18, 12], [19, 13], [20, 13], [21, 14], [22, 14], [23, 15], [24, 15]]
[[13, 14], [14, 13], [15, 13], [15, 12], [16, 13], [17, 14], [17, 13], [18, 13], [19, 13], [20, 13], [19, 13], [20, 14], [21, 14], [22, 13], [23, 13], [24, 14], [23, 14], [24, 15]]
[[13, 14], [12, 13], [13, 12], [13, 13], [14, 13], [15, 14], [16, 13], [17, 13], [16, 12], [17, 12], [17, 13], [17, 12], [16, 13], [17, 14], [18, 13], [19, 12], [19, 13], [20, 12], [21, 12], [22, 13], [22, 14], [23, 13], [24, 12], [23, 11], [23, 12], [24, 13], [25, 13], [25, 14], [24, 14], [24, 15]]
[[13, 14], [13, 15], [14, 14], [15, 13], [16, 13], [17, 12], [17, 13], [18, 14], [19, 15], [19, 16], [20, 16], [20, 15], [21, 15], [22, 14], [23, 14], [23, 13], [24, 12], [24, 13], [24, 12], [23, 12], [22, 12], [23, 11], [22, 10], [23, 10], [24, 9], [25, 9], [26, 10], [26, 11], [27, 12], [26, 12], [25, 12], [26, 12], [26, 13], [25, 12], [24, 11], [24, 12], [25, 13], [25, 14], [24, 14], [24, 15]]
[[13, 14], [12, 13], [13, 14], [14, 13], [15, 12], [16, 11], [17, 10], [17, 9], [18, 10], [19, 11], [19, 12], [20, 12], [20, 13], [21, 12], [22, 13], [22, 14], [22, 15], [23, 16], [23, 17], [22, 16], [22, 17], [23, 16], [24, 17], [25, 16], [26, 15], [27, 16], [28, 17], [29, 16], [28, 17], [27, 16], [27, 15], [27, 14], [28, 13], [29, 12], [29, 11], [28, 10], [27, 10], [26, 11], [26, 12], [26, 13], [26, 12], [25, 12], [24, 12], [25, 13], [25, 14], [24, 15]]
[[13, 14], [14, 13], [13, 13], [14, 14], [14, 13], [15, 12], [16, 13], [15, 12], [14, 11], [13, 10], [14, 10], [15, 9], [15, 8], [16, 8], [15, 9], [16, 9], [15, 8], [16, 8], [17, 7], [17, 6], [18, 5], [18, 4], [19, 5], [20, 6], [21, 7], [22, 6], [21, 5], [21, 4], [21, 5], [22, 6], [22, 5], [23, 5], [23, 6], [23, 7], [23, 8], [22, 9], [23, 9], [23, 10], [22, 11], [23, 10], [22, 9], [21, 9], [20, 9], [19, 8], [19, 9], [19, 8], [19, 9], [18, 10], [19, 11], [19, 12], [18, 13], [18, 14], [18, 15], [17, 16], [18, 15], [18, 14], [17, 13], [16, 13], [15, 12], [15, 11], [16, 11], [17, 12], [18, 11], [19, 12], [18, 11], [17, 11], [16, 12], [15, 13], [14, 14], [13, 14], [13, 13], [14, 14], [15, 15], [15, 16], [16, 17], [17, 17], [17, 16], [16, 15], [17, 14], [18, 13], [19, 14], [20, 15], [21, 16], [20, 15], [21, 14], [22, 13], [22, 12], [23, 12], [23, 11], [24, 11], [25, 11], [24, 12], [25, 12], [24, 13], [25, 14], [24, 15], [23, 14], [24, 15]]
[[13, 14], [13, 13], [14, 13], [13, 13], [14, 14], [15, 13], [15, 12], [16, 13], [17, 13], [18, 12], [19, 13], [19, 14], [19, 13], [20, 12], [20, 13], [21, 12], [22, 13], [23, 12], [22, 11], [21, 10], [22, 11], [21, 10], [20, 9], [21, 8], [20, 9], [21, 8], [20, 8], [19, 8], [19, 9], [18, 10], [17, 11], [16, 11], [17, 10], [17, 11], [17, 12], [17, 13], [18, 14], [17, 15], [18, 16], [19, 15], [19, 16], [20, 16], [21, 15], [22, 14], [23, 15], [22, 14], [23, 15], [22, 15], [23, 14], [22, 14], [23, 14], [24, 14], [25, 15], [26, 14], [25, 13], [24, 13], [25, 12], [26, 12], [25, 12], [26, 13], [27, 14], [28, 14], [28, 13], [29, 12], [29, 11], [28, 10], [27, 10], [28, 9], [27, 8], [28, 7], [28, 8], [29, 7], [28, 7], [27, 6], [27, 7], [26, 8], [25, 9], [26, 10], [25, 9], [24, 8], [23, 8], [22, 7], [23, 7], [23, 8], [24, 7], [24, 6], [25, 6], [26, 5], [27, 4], [27, 5], [27, 6], [28, 6], [29, 5], [28, 4], [29, 3], [28, 3], [27, 2], [27, 1], [28, 1], [29, 0], [28, 1], [27, 2], [26, 3], [26, 4], [27, 5], [28, 5], [28, 4], [27, 3], [26, 4], [26, 5], [25, 5], [24, 4], [23, 3], [22, 4], [21, 5], [22, 5], [21, 6], [20, 7], [21, 6], [21, 7], [22, 6], [22, 5], [22, 4], [23, 3], [24, 3], [24, 2], [23, 1], [22, 2], [21, 1], [22, 1], [22, 0], [23, 1], [24, 0], [25, 1], [25, 0], [24, 0], [25, 1], [25, 2], [26, 3], [27, 3], [28, 4], [27, 4], [28, 3], [28, 4], [29, 5], [28, 5], [29, 6], [28, 6], [29, 7], [28, 8], [28, 9], [28, 10], [29, 11], [29, 12], [28, 13], [27, 14], [27, 13], [27, 14], [26, 15], [27, 16], [27, 17], [26, 17], [25, 17], [26, 16], [25, 15], [25, 14], [24, 14], [24, 13], [23, 12], [22, 12], [22, 11], [21, 10], [21, 9], [20, 10], [21, 11], [20, 10], [20, 9], [21, 8], [22, 7], [23, 8], [23, 9], [24, 8], [23, 7], [24, 7], [25, 6], [25, 5], [26, 6], [26, 5], [27, 6], [27, 7], [26, 8], [26, 9], [27, 8], [26, 9], [27, 10], [26, 10], [26, 11], [25, 12], [26, 12], [27, 13], [28, 13], [28, 14], [29, 15], [29, 16], [28, 17], [28, 18], [27, 19], [28, 18], [28, 19], [29, 19], [28, 19], [27, 19], [26, 19], [25, 19], [24, 18], [24, 17], [23, 16], [22, 16], [23, 16], [24, 15]]
