[[1, 4], [1, 5], [2, 6], [1, 7], [1, 8], [2, 9], [3, 10], [4, 11], [5, 12], [6, 13], [7, 13], [8, 14], [9, 15], [10, 16], [11, 17]]
[[1, 4], [1, 5], [1, 6], [0, 7], [1, 8], [2, 9], [3, 10], [4, 11], [5, 12], [6, 13], [7, 14], [8, 15], [9, 16], [10, 16], [11, 17]]
[[1, 4], [2, 5], [1, 6], [1, 7], [2, 8], [2, 9], [3, 10], [4, 11], [5, 12], [6, 13], [7, 14], [8, 15], [9, 16], [10, 17], [11, 17]]
[[1, 4], [0, 5], [1, 6], [1, 7], [1, 8], [2, 9], [3, 10], [4, 11], [5, 12], [6, 13], [7, 14], [8, 15], [9, 16], [10, 17], [11, 17]]
[[1, 4], [2, 5], [3, 6], [3, 7], [3, 8], [4, 9], [3, 10], [4, 11], [5, 12], [6, 13], [7, 14], [8, 15], [9, 15], [10, 16], [11, 17]]
[[1, 4], [1, 5], [1, 6], [1, 7], [2, 8], [3, 9], [3, 10], [4, 11], [5, 12], [6, 13], [7, 13], [8, 14], [9, 15], [10, 16], [11, 17]]
[[1, 4], [1, 5], [0, 6], [1, 7], [2, 8], [3, 9], [4, 10], [4, 11], [5, 12], [6, 13], [7, 13], [8, 14], [9, 15], [10, 16], [11, 17]]
[[1, 4], [1, 5], [0, 6], [0, 7], [1, 8], [2, 9], [3, 10], [4, 11], [5, 12], [6, 13], [7, 14], [8, 15], [9, 16], [10, 17], [11, 17]]
[[1, 4], [1, 5], [2, 6], [3, 7], [3, 8], [4, 9], [3, 10], [4, 11], [5, 12], [6, 13], [7, 14], [8, 15], [9, 15], [10, 16], [11, 17]]
[[1, 4], [1, 5], [0, 6], [0, 7], [1, 8], [2, 9], [3, 10], [4, 11], [5, 12], [6, 13], [7, 13], [8, 14], [9, 15], [10, 16], [11, 17]]
[[1, 4], [1, 5], [2, 6], [1, 7], [1, 8], [2, 9], [3, 10], [4, 11], [5, 12], [6, 13], [7, 14], [8, 15], [9, 16], [10, 16], [11, 17]]
[[1, 4], [1, 5], [2, 6], [1, 7], [2, 8], [2, 9], [3, 10], [4, 11], [5, 12], [6, 12], [7, 13], [8, 14], [9, 15], [10, 16], [11, 17]]
[[1, 4], [0, 5], [0, 6], [1, 7], [2, 8], [2, 9], [3, 10], [4, 11], [5, 12], [6, 13], [7, 14], [8, 14], [9, 15], [10, 16], [11, 17]]
[[1, 4], [2, 5], [2, 6], [3, 7], [3, 8], [4, 9], [3, 10], [4, 11], [5, 12], [6, 13], [7, 13], [8, 14], [9, 15], [10, 16], [11, 17]]
[[1, 4], [1, 5], [2, 6], [3, 7], [4, 8], [3, 9], [4, 10], [4, 11], [5, 12], [6, 12], [7, 13], [8, 14], [9, 15], [10, 16], [11, 17]]
[[1, 4], [0, 5], [1, 6], [0, 7], [1, 8], [2, 9], [3, 10], [4, 11], [5, 12], [6, 12], [7, 13], [8, 14], [9, 15], [10, 16], [11, 17]]
[[1, 4], [1, 5], [2, 6], [1, 7], [1, 8], [2, 9], [3, 10], [4, 11], [5, 12], [6, 13], [7, 13], [8, 14], [9, 15], [10, 16], [11, 17]]
[[1, 4], [2, 5], [1, 6], [1, 7], [2, 8], [3, 9], [4, 9], [4, 10], [4, 11], [5, 12], [6, 13], [7, 13], [8, 14], [9, 15], [10, 16], [11, 17]]
[[1, 4], [0, 5], [0, 6], [1, 7], [2, 8], [3, 9], [4, 10], [4, 11], [5, 12], [6, 13], [7, 14], [8, 14], [9, 15], [10, 16], [11, 16], [11, 17]]
[[1, 4], [2, 5], [3, 5], [4, 6], [5, 7], [6, 8], [7, 8], [7, 9], [8, 10], [7, 11], [7, 12], [7, 13], [8, 14], [9, 15], [10, 16], [11, 17]]
