[[20, 12], [19, 13], [18, 13], [17, 12], [16, 11], [15, 10], [14, 10], [13, 10], [12, 10]]
[[20, 12], [19, 11], [18, 12], [17, 11], [16, 10], [15, 10], [14, 9], [13, 10], [12, 10]]
[[20, 12], [19, 11], [18, 11], [17, 12], [16, 11], [15, 12], [14, 12], [13, 11], [12, 10]]
[[20, 12], [19, 13], [18, 12], [17, 11], [16, 10], [15, 10], [14, 10], [13, 10], [12, 10]]
[[20, 12], [19, 13], [18, 13], [17, 12], [16, 11], [15, 10], [14, 10], [13, 10], [12, 10]]
[[20, 12], [19, 13], [18, 12], [17, 11], [16, 10], [15, 9], [14, 9], [13, 10], [12, 10]]
[[20, 12], [19, 13], [18, 12], [17, 12], [16, 13], [15, 12], [14, 12], [13, 11], [12, 10]]
[[20, 12], [19, 13], [18, 13], [17, 12], [16, 11], [15, 10], [14, 10], [13, 11], [12, 10]]
[[20, 12], [19, 13], [18, 13], [17, 12], [16, 11], [15, 10], [14, 10], [13, 11], [12, 10]]
[[20, 12], [19, 11], [18, 11], [17, 10], [16, 9], [15, 9], [14, 9], [13, 9], [12, 10]]
[[20, 12], [19, 13], [18, 12], [17, 12], [16, 11], [15, 12], [14, 11], [13, 11], [12, 10]]
[[20, 12], [19, 13], [18, 12], [17, 11], [16, 12], [15, 12], [14, 11], [13, 10], [12, 10]]
[[20, 12], [19, 11], [18, 10], [17, 9], [16, 9], [15, 10], [14, 10], [13, 9], [12, 10]]
[[20, 12], [19, 11], [19, 10], [18, 11], [17, 12], [16, 12], [15, 13], [14, 12], [13, 11], [12, 10]]
[[20, 12], [19, 11], [18, 11], [17, 11], [16, 10], [15, 9], [14, 10], [14, 9], [14, 10], [13, 11], [12, 10]]
[[20, 12], [19, 11], [18, 12], [18, 11], [17, 10], [16, 11], [15, 10], [16, 11], [16, 12], [15, 12], [14, 11], [13, 11], [12, 10]]
[[20, 12], [21, 12], [20, 11], [19, 10], [18, 10], [18, 11], [17, 10], [16, 10], [15, 10], [15, 9], [14, 9], [13, 9], [12, 10]]
[[20, 12], [20, 11], [19, 10], [18, 9], [17, 10], [16, 11], [15, 12], [15, 13], [14, 12], [14, 11], [13, 10], [12, 11], [13, 10], [12, 10]]
[[20, 12], [19, 11], [20, 10], [21, 11], [21, 10], [21, 9], [20, 8], [19, 8], [18, 7], [17, 6], [18, 7], [17, 7], [16, 8], [16, 7], [15, 8], [16, 8], [15, 8], [14, 8], [14, 9], [13, 10], [13, 11], [13, 10], [13, 11], [12, 10]]
[[20, 12], [21, 12], [22, 11], [22, 12], [23, 12], [23, 11], [24, 10], [25, 9], [24, 9], [25, 8], [25, 7], [24, 8], [23, 7], [24, 6], [24, 5], [24, 4], [23, 3], [24, 3], [24, 2], [25, 1], [24, 1], [23, 1], [22, 1], [21, 0], [22, 0], [21, 1], [20, 0], [19, 0], [19, 1], [18, 2], [19, 3], [18, 4], [18, 3], [17, 4], [16, 3], [17, 3], [16, 2], [15, 3], [16, 4], [15, 4], [14, 5], [14, 6], [13, 7], [12, 7], [12, 8], [13, 9], [12, 9], [13, 8], [14, 9], [15, 9], [14, 10], [13, 11], [13, 12], [12, 11], [12, 12], [11, 13], [10, 13], [9, 13], [10, 12], [10, 11], [11, 11], [11, 10], [12, 10]]
