[[8, 4], [9, 3], [10, 2], [11, 3], [12, 3], [13, 3], [14, 2], [15, 1], [16, 2], [17, 2], [18, 3], [19, 3], [20, 2]]
[[8, 4], [9, 4], [10, 3], [11, 4], [12, 4], [13, 3], [14, 2], [15, 3], [16, 3], [17, 3], [18, 4], [19, 3], [20, 2]]
[[8, 4], [9, 3], [10, 3], [11, 2], [12, 3], [13, 3], [14, 4], [15, 3], [16, 4], [17, 3], [18, 2], [19, 2], [20, 2]]
[[8, 4], [9, 3], [10, 3], [11, 4], [12, 3], [13, 2], [14, 2], [15, 3], [16, 2], [17, 3], [18, 3], [19, 3], [20, 2]]
[[8, 4], [9, 3], [10, 3], [11, 2], [12, 1], [13, 1], [14, 0], [15, 1], [16, 2], [17, 3], [18, 3], [19, 2], [20, 2]]
[[8, 4], [9, 3], [10, 2], [11, 1], [12, 1], [13, 1], [14, 2], [15, 3], [16, 3], [17, 3], [18, 4], [19, 3], [20, 2]]
[[8, 4], [9, 3], [10, 2], [11, 3], [12, 3], [13, 3], [14, 2], [15, 1], [16, 2], [17, 2], [18, 3], [19, 3], [20, 2]]
[[8, 4], [9, 3], [10, 2], [11, 2], [12, 2], [13, 2], [14, 2], [15, 1], [16, 0], [17, 1], [18, 2], [19, 1], [20, 2]]
[[8, 4], [9, 4], [10, 3], [11, 2], [12, 2], [13, 1], [14, 2], [15, 3], [16, 4], [17, 3], [18, 2], [19, 2], [20, 2]]
[[8, 4], [9, 3], [10, 3], [11, 2], [12, 2], [13, 1], [14, 2], [15, 3], [16, 4], [17, 3], [18, 2], [19, 3], [20, 2]]
[[8, 4], [9, 3], [10, 3], [11, 4], [12, 3], [13, 3], [14, 4], [15, 3], [16, 4], [17, 3], [18, 3], [19, 3], [20, 2]]
[[8, 4], [9, 4], [10, 3], [11, 2], [12, 3], [13, 3], [14, 4], [15, 5], [16, 5], [17, 5], [18, 4], [19, 3], [20, 2]]
[[8, 4], [9, 3], [10, 3], [11, 4], [12, 3], [13, 3], [14, 2], [15, 1], [16, 0], [17, 1], [18, 1], [19, 1], [20, 2]]
[[8, 4], [9, 4], [10, 3], [11, 3], [12, 2], [13, 3], [14, 2], [15, 3], [16, 3], [17, 2], [18, 1], [19, 1], [20, 2]]
[[8, 4], [9, 4], [10, 3], [11, 3], [12, 3], [13, 2], [14, 2], [15, 3], [16, 2], [17, 1], [18, 2], [19, 3], [20, 2]]
[[8, 4], [9, 3], [10, 3], [11, 4], [12, 4], [13, 3], [14, 4], [15, 3], [16, 3], [17, 2], [18, 2], [19, 2], [20, 2]]
[[8, 4], [8, 5], [9, 6], [10, 6], [11, 6], [12, 5], [13, 5], [14, 4], [15, 3], [16, 4], [17, 3], [18, 2], [19, 1], [20, 2]]
[[8, 4], [8, 5], [9, 6], [10, 7], [11, 6], [11, 5], [12, 4], [13, 3], [14, 2], [15, 2], [16, 3], [17, 2], [18, 3], [19, 2], [20, 2]]
[[8, 4], [8, 5], [9, 6], [10, 7], [11, 6], [11, 5], [12, 6], [13, 5], [14, 4], [15, 3], [16, 3], [17, 3], [18, 3], [19, 3], [20, 2]]
[[8, 4], [8, 3], [9, 4], [10, 3], [11, 3], [11, 2], [12, 3], [12, 2], [13, 1], [14, 1], [15, 2], [15, 1], [16, 2], [17, 2], [18, 2], [19, 1], [20, 2]]
