[[23, 4], [22, 3], [21, 2], [20, 2], [19, 1], [18, 2], [17, 1], [16, 0], [15, 0], [14, 0], [13, 1], [12, 2], [11, 3], [10, 4], [9, 5], [8, 4], [7, 5], [6, 6], [5, 6], [4, 7], [3, 7], [2, 7]]
[[23, 4], [22, 4], [21, 3], [20, 2], [19, 2], [18, 2], [17, 1], [16, 0], [15, 0], [14, 1], [13, 2], [12, 3], [11, 2], [10, 3], [9, 4], [8, 4], [7, 4], [6, 5], [5, 5], [4, 6], [3, 7], [2, 7]]
[[23, 4], [22, 4], [21, 3], [20, 3], [19, 2], [18, 2], [17, 1], [16, 0], [15, 1], [14, 2], [13, 2], [12, 2], [11, 3], [10, 4], [9, 4], [8, 5], [7, 5], [6, 5], [5, 6], [4, 7], [3, 7], [2, 7]]
[[23, 4], [22, 3], [21, 4], [20, 3], [19, 2], [18, 2], [17, 1], [16, 0], [15, 1], [14, 1], [13, 2], [12, 3], [11, 3], [10, 4], [9, 5], [8, 4], [7, 5], [6, 4], [5, 5], [4, 6], [3, 7], [2, 7]]
[[23, 4], [22, 3], [21, 4], [20, 3], [19, 2], [18, 2], [17, 1], [16, 0], [15, 1], [14, 2], [13, 2], [12, 3], [11, 4], [10, 3], [9, 4], [8, 4], [7, 5], [6, 5], [5, 6], [4, 7], [3, 8], [2, 7]]
[[23, 4], [22, 4], [21, 5], [20, 4], [19, 3], [18, 2], [17, 1], [16, 0], [15, 1], [14, 1], [13, 2], [12, 2], [11, 3], [10, 3], [9, 4], [8, 5], [7, 5], [6, 5], [5, 5], [4, 6], [3, 7], [2, 7]]
[[23, 4], [22, 4], [21, 5], [20, 4], [19, 3], [18, 2], [17, 1], [16, 0], [15, 1], [14, 0], [13, 0], [12, 1], [11, 2], [10, 3], [9, 4], [8, 5], [7, 6], [6, 5], [5, 6], [4, 7], [3, 7], [2, 7]]
[[23, 4], [22, 3], [21, 4], [20, 3], [19, 2], [18, 2], [17, 1], [16, 0], [15, 0], [14, 1], [13, 2], [12, 3], [11, 3], [10, 4], [9, 4], [8, 4], [7, 5], [6, 5], [5, 6], [4, 6], [3, 7], [2, 7]]
[[23, 4], [22, 5], [21, 5], [20, 4], [19, 3], [18, 2], [17, 1], [16, 0], [15, 1], [14, 1], [13, 1], [12, 2], [11, 3], [10, 4], [9, 5], [8, 4], [7, 5], [6, 5], [5, 6], [4, 6], [3, 7], [2, 7]]
[[23, 4], [22, 3], [21, 3], [20, 3], [19, 2], [18, 2], [17, 1], [16, 0], [15, 1], [14, 1], [13, 1], [12, 1], [11, 2], [10, 3], [9, 4], [8, 4], [7, 5], [6, 5], [5, 6], [4, 7], [3, 7], [2, 7]]
[[23, 4], [22, 3], [21, 4], [20, 4], [19, 3], [18, 2], [17, 1], [16, 0], [15, 1], [14, 2], [13, 2], [12, 3], [11, 2], [10, 3], [9, 4], [8, 4], [7, 5], [6, 6], [5, 6], [4, 7], [3, 8], [2, 7]]
[[23, 4], [22, 4], [21, 4], [20, 4], [19, 3], [18, 2], [17, 1], [16, 0], [15, 1], [14, 2], [13, 2], [12, 3], [11, 4], [10, 4], [9, 5], [8, 6], [7, 7], [6, 6], [5, 6], [4, 7], [3, 8], [2, 7]]
[[23, 4], [22, 3], [21, 4], [20, 4], [19, 3], [18, 2], [17, 1], [16, 0], [15, 0], [14, 1], [13, 2], [12, 3], [11, 3], [10, 4], [9, 5], [8, 5], [7, 6], [6, 5], [5, 6], [4, 7], [3, 7], [2, 7]]
[[23, 4], [22, 4], [21, 3], [20, 3], [19, 2], [18, 2], [17, 1], [16, 0], [15, 1], [14, 1], [13, 1], [12, 2], [11, 3], [10, 4], [9, 4], [8, 5], [7, 6], [6, 6], [5, 5], [4, 6], [3, 7], [2, 7]]
[[23, 4], [22, 3], [21, 4], [20, 4], [19, 3], [18, 2], [17, 1], [16, 0], [15, 0], [14, 1], [13, 2], [12, 3], [11, 4], [10, 3], [9, 4], [8, 4], [7, 5], [6, 6], [5, 5], [4, 6], [3, 7], [2, 7]]
[[23, 4], [22, 4], [21, 5], [20, 4], [19, 3], [18, 2], [17, 1], [16, 0], [15, 0], [14, 1], [13, 2], [12, 3], [11, 3], [10, 4], [9, 4], [8, 4], [7, 4], [6, 5], [5, 6], [4, 7], [3, 7], [2, 7]]
[[23, 4], [22, 3], [21, 2], [20, 2], [19, 1], [18, 2], [17, 1], [16, 0], [15, 0], [14, 0], [13, 1], [12, 2], [11, 3], [10, 4], [9, 5], [8, 4], [7, 5], [6, 6], [5, 6], [4, 7], [3, 7], [2, 7]]
[[23, 4], [22, 3], [21, 3], [20, 4], [19, 3], [18, 2], [17, 1], [16, 0], [15, 0], [14, 1], [13, 2], [12, 3], [11, 4], [10, 4], [9, 5], [8, 5], [7, 6], [6, 5], [5, 5], [4, 5], [3, 5], [2, 6], [2, 7]]
[[23, 4], [22, 3], [21, 3], [20, 4], [19, 3], [18, 2], [17, 1], [16, 0], [15, 1], [14, 1], [13, 2], [12, 3], [11, 3], [10, 4], [9, 5], [8, 4], [7, 5], [6, 5], [5, 4], [4, 4], [3, 5], [2, 6], [2, 7]]
[[23, 4], [22, 3], [21, 3], [20, 3], [19, 3], [18, 2], [17, 1], [16, 0], [15, 1], [14, 1], [13, 2], [12, 3], [11, 4], [10, 4], [9, 5], [8, 5], [7, 4], [6, 4], [5, 5], [4, 5], [3, 5], [2, 6], [2, 7]]
