[[22, 10], [21, 10], [20, 10], [19, 11], [18, 12], [17, 12], [16, 11], [15, 12], [14, 13], [13, 14], [12, 15], [11, 16], [10, 16], [9, 16], [8, 17], [7, 16], [6, 15], [5, 15], [4, 14], [3, 14]]
[[22, 10], [21, 10], [20, 10], [19, 11], [18, 12], [17, 11], [16, 12], [15, 12], [14, 13], [13, 14], [12, 15], [11, 16], [10, 16], [9, 16], [8, 17], [7, 17], [6, 16], [5, 15], [4, 14], [3, 14]]
[[22, 10], [21, 10], [20, 10], [19, 11], [18, 10], [17, 11], [16, 12], [15, 13], [14, 14], [13, 15], [12, 15], [11, 14], [10, 15], [9, 16], [8, 17], [7, 16], [6, 16], [5, 15], [4, 14], [3, 14]]
[[22, 10], [21, 11], [20, 12], [19, 13], [18, 13], [17, 12], [16, 11], [15, 12], [14, 13], [13, 14], [12, 15], [11, 14], [10, 15], [9, 15], [8, 16], [7, 16], [6, 16], [5, 15], [4, 14], [3, 14]]
[[22, 10], [21, 10], [20, 10], [19, 11], [18, 12], [17, 12], [16, 11], [15, 12], [14, 13], [13, 14], [12, 15], [11, 16], [10, 16], [9, 16], [8, 17], [7, 16], [6, 15], [5, 15], [4, 14], [3, 14]]
[[22, 10], [21, 11], [20, 10], [19, 10], [18, 11], [17, 12], [16, 11], [15, 12], [14, 13], [13, 14], [12, 15], [11, 16], [10, 17], [9, 17], [8, 16], [7, 16], [6, 15], [5, 15], [4, 15], [3, 14]]
[[22, 10], [21, 9], [20, 10], [19, 11], [18, 11], [17, 11], [16, 12], [15, 12], [14, 13], [13, 14], [12, 15], [11, 16], [10, 15], [9, 16], [8, 16], [7, 16], [6, 16], [5, 15], [4, 15], [3, 14]]
[[22, 10], [21, 10], [20, 10], [19, 11], [18, 11], [17, 12], [16, 12], [15, 13], [14, 14], [13, 15], [12, 15], [11, 16], [10, 16], [9, 17], [8, 17], [7, 17], [6, 16], [5, 15], [4, 15], [3, 14]]
[[22, 10], [21, 11], [20, 10], [19, 10], [18, 10], [17, 10], [16, 11], [15, 12], [14, 13], [13, 14], [12, 15], [11, 16], [10, 17], [9, 16], [8, 17], [7, 17], [6, 16], [5, 15], [4, 14], [3, 14]]
[[22, 10], [21, 9], [20, 10], [19, 10], [18, 11], [17, 12], [16, 13], [15, 14], [15, 15], [14, 16], [13, 17], [12, 18], [11, 17], [10, 18], [9, 18], [8, 17], [7, 16], [6, 15], [5, 15], [4, 15], [3, 14]]
[[22, 10], [21, 9], [20, 10], [19, 11], [18, 12], [17, 12], [16, 13], [16, 14], [15, 15], [14, 16], [13, 17], [12, 18], [11, 18], [10, 17], [9, 16], [8, 16], [7, 15], [6, 15], [5, 15], [4, 15], [3, 14]]
[[22, 10], [21, 9], [20, 10], [19, 11], [18, 11], [17, 12], [16, 13], [15, 14], [14, 15], [14, 16], [13, 17], [12, 18], [11, 17], [10, 16], [9, 15], [8, 16], [7, 15], [6, 15], [5, 14], [4, 15], [3, 14]]
[[22, 10], [21, 10], [20, 9], [20, 10], [19, 11], [18, 12], [18, 13], [18, 14], [17, 14], [16, 14], [15, 15], [14, 16], [13, 17], [12, 18], [11, 18], [10, 17], [9, 16], [8, 17], [7, 17], [6, 16], [5, 15], [4, 15], [3, 14]]
[[22, 10], [21, 10], [20, 11], [19, 10], [18, 11], [17, 12], [16, 13], [15, 14], [14, 15], [13, 16], [13, 15], [12, 14], [11, 14], [10, 15], [9, 16], [10, 17], [9, 17], [8, 17], [7, 16], [6, 17], [5, 17], [4, 16], [3, 15], [3, 14]]
[[22, 10], [21, 10], [20, 11], [19, 10], [18, 11], [18, 12], [18, 13], [17, 14], [16, 13], [16, 14], [15, 15], [15, 16], [15, 17], [14, 18], [13, 18], [12, 18], [11, 17], [10, 17], [9, 17], [8, 16], [7, 15], [6, 15], [5, 14], [4, 14], [3, 14]]
[[22, 10], [21, 9], [22, 10], [21, 11], [20, 12], [19, 11], [18, 12], [17, 12], [16, 13], [15, 14], [14, 15], [13, 16], [12, 15], [12, 14], [11, 14], [10, 15], [11, 16], [10, 16], [9, 15], [8, 14], [7, 13], [6, 13], [5, 12], [4, 13], [3, 14]]
[[22, 10], [22, 9], [21, 9], [21, 10], [20, 9], [19, 10], [18, 11], [18, 12], [18, 13], [19, 14], [18, 13], [17, 14], [16, 15], [15, 16], [14, 16], [13, 16], [13, 17], [12, 18], [11, 17], [10, 17], [9, 17], [8, 16], [7, 15], [6, 15], [5, 14], [4, 14], [3, 14]]
[[22, 10], [21, 11], [20, 11], [19, 10], [18, 11], [17, 12], [18, 13], [19, 13], [18, 14], [17, 14], [16, 15], [15, 15], [14, 16], [14, 17], [13, 18], [12, 18], [11, 17], [10, 16], [10, 15], [9, 15], [9, 14], [10, 13], [10, 12], [9, 13], [8, 14], [7, 13], [8, 14], [7, 15], [6, 16], [5, 15], [4, 14], [5, 14], [6, 15], [5, 15], [4, 14], [3, 14]]
[[22, 10], [21, 11], [20, 10], [21, 9], [20, 10], [19, 11], [18, 11], [17, 12], [18, 13], [17, 12], [16, 13], [16, 14], [15, 13], [14, 14], [14, 15], [14, 16], [13, 17], [12, 18], [11, 19], [10, 18], [9, 18], [8, 17], [9, 16], [10, 17], [11, 16], [10, 16], [9, 15], [8, 14], [7, 13], [7, 12], [7, 13], [6, 13], [5, 14], [5, 15], [4, 16], [4, 15], [3, 14]]
[[22, 10], [21, 11], [22, 11], [21, 11], [20, 10], [21, 11], [20, 12], [19, 11], [18, 11], [17, 11], [17, 12], [18, 13], [19, 13], [18, 14], [17, 14], [16, 15], [15, 15], [14, 15], [13, 16], [13, 17], [12, 18], [11, 17], [10, 17], [10, 18], [9, 17], [8, 17], [9, 18], [8, 18], [8, 19], [7, 18], [7, 19], [6, 19], [6, 18], [5, 17], [4, 18], [4, 17], [4, 16], [3, 17], [2, 18], [1, 17], [2, 17], [2, 16], [2, 15], [3, 15], [2, 14], [3, 14]]
