[[19, 13], [18, 12], [17, 11], [16, 10], [15, 9], [14, 8], [13, 9], [12, 8], [11, 7], [10, 6], [9, 5], [8, 4]]
[[19, 13], [18, 12], [17, 11], [16, 11], [15, 10], [14, 10], [13, 9], [12, 8], [11, 7], [10, 6], [9, 5], [8, 4]]
[[19, 13], [18, 12], [17, 11], [16, 10], [15, 9], [14, 9], [13, 9], [12, 8], [11, 7], [10, 6], [9, 5], [8, 4]]
[[19, 13], [18, 12], [17, 11], [16, 10], [15, 9], [14, 8], [13, 7], [12, 8], [11, 7], [10, 6], [9, 5], [8, 4]]
[[19, 13], [18, 12], [17, 11], [16, 10], [15, 9], [14, 8], [13, 9], [12, 8], [11, 7], [10, 6], [9, 5], [8, 4]]
[[19, 13], [18, 12], [17, 11], [16, 10], [15, 10], [14, 9], [13, 9], [12, 8], [11, 7], [10, 6], [9, 5], [8, 4]]
[[19, 13], [18, 12], [17, 11], [16, 10], [15, 10], [14, 9], [13, 9], [12, 8], [11, 7], [10, 6], [9, 5], [8, 4]]
[[19, 13], [18, 13], [17, 12], [16, 11], [15, 10], [14, 9], [13, 9], [12, 8], [11, 7], [10, 6], [9, 5], [8, 4]]
[[19, 13], [18, 12], [17, 11], [16, 10], [15, 9], [14, 8], [13, 7], [12, 6], [11, 6], [10, 6], [9, 5], [8, 4]]
[[19, 13], [18, 12], [17, 11], [16, 10], [15, 9], [14, 8], [13, 7], [12, 6], [11, 5], [10, 5], [9, 4], [8, 4]]
[[19, 13], [18, 12], [17, 11], [16, 10], [15, 9], [14, 8], [13, 7], [12, 6], [11, 6], [10, 5], [9, 5], [8, 4]]
[[19, 13], [18, 12], [17, 11], [16, 10], [15, 9], [14, 8], [13, 7], [12, 7], [11, 6], [10, 5], [9, 4], [8, 4]]
[[19, 13], [18, 12], [17, 11], [16, 10], [15, 9], [14, 8], [13, 7], [12, 7], [11, 6], [10, 6], [9, 5], [8, 4]]
[[19, 13], [18, 12], [17, 11], [16, 10], [15, 9], [14, 8], [13, 7], [12, 6], [11, 7], [10, 7], [10, 6], [9, 5], [8, 4]]
[[19, 13], [18, 13], [17, 12], [16, 11], [16, 10], [15, 11], [14, 10], [13, 9], [12, 10], [11, 9], [10, 8], [9, 7], [9, 6], [10, 6], [9, 5], [8, 4]]
[[19, 13], [18, 13], [18, 12], [17, 11], [16, 10], [15, 9], [14, 8], [13, 7], [12, 8], [11, 7], [10, 7], [9, 8], [10, 7], [9, 6], [9, 5], [8, 4]]
[[19, 13], [18, 13], [18, 12], [17, 11], [16, 10], [15, 9], [14, 9], [13, 9], [12, 8], [12, 9], [11, 8], [10, 8], [9, 7], [10, 6], [11, 6], [10, 5], [9, 5], [8, 4]]
[[19, 13], [19, 12], [18, 12], [17, 11], [16, 10], [15, 10], [15, 9], [15, 8], [15, 7], [15, 6], [16, 7], [16, 6], [15, 5], [14, 5], [13, 6], [12, 6], [11, 5], [11, 4], [10, 3], [9, 4], [9, 5], [8, 4]]
[[19, 13], [20, 14], [19, 13], [20, 12], [21, 12], [22, 13], [23, 12], [23, 11], [22, 12], [22, 13], [23, 14], [22, 15], [22, 14], [21, 13], [20, 12], [20, 11], [19, 10], [18, 10], [18, 11], [17, 12], [17, 11], [18, 10], [17, 9], [16, 8], [17, 7], [16, 7], [16, 6], [16, 5], [15, 5], [15, 6], [16, 5], [17, 4], [18, 3], [17, 2], [17, 1], [16, 1], [15, 1], [14, 2], [15, 1], [15, 2], [14, 1], [15, 0], [14, 1], [13, 2], [12, 2], [11, 1], [10, 1], [11, 2], [10, 1], [9, 1], [8, 1], [9, 1], [8, 2], [7, 2], [7, 3], [8, 2], [7, 1], [8, 1], [7, 1], [8, 2], [9, 2], [9, 1], [8, 2], [7, 2], [7, 3], [8, 4], [7, 5], [6, 5], [7, 5], [8, 4]]
[[19, 13], [20, 13], [21, 12], [22, 12], [23, 11], [24, 11], [23, 10], [22, 11], [21, 10], [21, 11], [20, 10], [19, 10], [19, 9], [18, 8], [17, 7], [16, 8], [16, 7], [17, 6], [18, 5], [18, 6], [19, 5], [20, 4], [20, 5], [21, 6], [22, 6], [21, 5], [22, 4], [23, 3], [24, 3], [23, 4], [22, 3], [21, 2], [22, 2], [23, 1], [24, 2], [24, 1], [23, 2], [22, 1], [23, 0], [22, 0], [21, 0], [20, 1], [21, 1], [20, 2], [20, 3], [19, 2], [18, 3], [17, 4], [17, 3], [17, 2], [16, 1], [17, 1], [17, 0], [16, 0], [15, 1], [16, 2], [15, 2], [14, 1], [13, 1], [13, 2], [12, 3], [12, 4], [13, 3], [14, 3], [15, 4], [15, 5], [14, 5], [13, 4], [12, 5], [11, 4], [11, 5], [11, 6], [10, 5], [9, 4], [9, 3], [9, 2], [8, 1], [8, 2], [7, 2], [8, 3], [7, 3], [8, 4]]
