[[9, 16], [10, 15], [11, 14], [12, 13], [13, 12], [14, 11], [15, 10], [16, 9], [17, 8], [17, 7], [18, 6], [19, 5]]
[[9, 16], [10, 15], [11, 14], [12, 13], [13, 12], [14, 11], [15, 10], [16, 9], [17, 8], [17, 7], [18, 6], [19, 5]]
[[9, 16], [10, 15], [11, 14], [12, 13], [13, 12], [14, 11], [15, 10], [16, 9], [17, 8], [17, 7], [18, 6], [19, 5]]
[[9, 16], [10, 15], [11, 14], [12, 13], [13, 12], [14, 11], [15, 10], [16, 9], [17, 8], [17, 7], [18, 6], [19, 5]]
[[9, 16], [10, 15], [11, 14], [12, 13], [13, 12], [14, 11], [15, 10], [16, 9], [17, 8], [18, 7], [18, 6], [19, 5]]
[[9, 16], [10, 15], [11, 14], [12, 13], [13, 12], [14, 11], [15, 10], [16, 9], [17, 8], [17, 7], [18, 6], [19, 5]]
[[9, 16], [10, 15], [11, 14], [12, 13], [13, 12], [14, 11], [15, 10], [16, 9], [17, 8], [17, 7], [18, 6], [19, 5]]
[[9, 16], [10, 15], [11, 14], [12, 13], [13, 12], [14, 11], [15, 10], [16, 9], [17, 8], [18, 7], [18, 6], [19, 5]]
[[9, 16], [10, 15], [11, 14], [12, 13], [13, 12], [14, 11], [15, 10], [16, 9], [17, 8], [17, 7], [18, 6], [19, 5]]
[[9, 16], [10, 15], [11, 14], [12, 13], [13, 12], [14, 11], [15, 10], [16, 9], [17, 8], [18, 7], [18, 6], [19, 5]]
[[9, 16], [10, 15], [11, 14], [12, 13], [13, 12], [14, 11], [15, 10], [16, 9], [17, 8], [18, 7], [18, 6], [19, 5]]
[[9, 16], [10, 15], [11, 14], [12, 13], [13, 12], [14, 11], [15, 10], [16, 9], [17, 8], [18, 7], [18, 6], [19, 5]]
[[9, 16], [10, 15], [11, 14], [12, 13], [13, 12], [14, 11], [15, 10], [16, 9], [17, 8], [18, 7], [18, 6], [19, 5]]
[[9, 16], [10, 15], [11, 14], [12, 13], [13, 12], [14, 11], [15, 10], [16, 9], [17, 8], [17, 7], [18, 6], [19, 5]]
[[9, 16], [10, 15], [11, 14], [12, 13], [13, 12], [14, 11], [15, 10], [16, 9], [17, 8], [17, 7], [18, 6], [19, 5]]
[[9, 16], [10, 15], [11, 14], [12, 13], [12, 12], [13, 11], [14, 10], [15, 9], [15, 8], [16, 7], [17, 7], [18, 6], [19, 5]]
[[9, 16], [10, 15], [11, 14], [12, 13], [12, 12], [13, 11], [14, 10], [14, 9], [15, 8], [16, 7], [17, 6], [18, 5], [19, 5]]
[[9, 16], [10, 15], [11, 14], [12, 13], [13, 12], [13, 11], [13, 10], [14, 9], [15, 8], [16, 7], [17, 6], [18, 5], [19, 5]]
[[9, 16], [10, 15], [11, 14], [12, 13], [13, 12], [14, 11], [13, 10], [14, 9], [15, 9], [15, 8], [16, 7], [17, 7], [18, 6], [19, 5]]
[[9, 16], [10, 15], [11, 14], [12, 13], [13, 12], [13, 11], [13, 10], [14, 9], [15, 8], [15, 7], [15, 8], [16, 7], [17, 7], [18, 6], [19, 5]]
