[[28, 19], [27, 18], [27, 17], [28, 16], [29, 15], [28, 14], [27, 13], [28, 12], [27, 11], [26, 10], [25, 9], [24, 8], [23, 7], [22, 6], [21, 5], [20, 4], [19, 3]]
[[28, 19], [29, 18], [28, 17], [28, 16], [29, 15], [29, 14], [29, 13], [28, 12], [27, 11], [26, 10], [25, 9], [24, 8], [23, 7], [22, 6], [21, 5], [20, 4], [19, 3]]
[[28, 19], [28, 18], [28, 17], [29, 16], [28, 15], [28, 14], [29, 13], [28, 12], [27, 11], [26, 10], [25, 9], [24, 8], [23, 7], [22, 6], [21, 5], [20, 4], [19, 3]]
[[28, 19], [28, 18], [28, 17], [28, 16], [27, 15], [27, 14], [26, 13], [25, 12], [25, 11], [24, 10], [25, 9], [24, 8], [23, 7], [22, 6], [21, 5], [20, 4], [19, 3]]
[[28, 19], [27, 18], [27, 17], [28, 16], [29, 15], [28, 14], [27, 13], [28, 12], [27, 11], [26, 10], [25, 9], [24, 8], [23, 7], [22, 6], [21, 5], [20, 4], [19, 3]]
[[28, 19], [29, 18], [29, 17], [28, 16], [28, 15], [29, 14], [29, 13], [28, 12], [27, 11], [26, 10], [25, 9], [24, 8], [23, 7], [22, 6], [21, 5], [20, 4], [19, 3]]
[[28, 19], [27, 18], [28, 17], [27, 16], [26, 15], [27, 14], [28, 13], [27, 12], [26, 11], [25, 10], [24, 9], [23, 8], [22, 7], [22, 6], [21, 5], [20, 4], [19, 3]]
[[28, 19], [27, 18], [28, 17], [29, 16], [28, 15], [27, 14], [27, 13], [27, 12], [26, 11], [26, 10], [25, 9], [24, 8], [23, 7], [22, 6], [21, 5], [20, 4], [19, 3]]
[[28, 19], [28, 18], [27, 17], [28, 16], [28, 15], [28, 14], [29, 13], [28, 12], [27, 11], [26, 10], [25, 9], [24, 8], [23, 7], [22, 6], [21, 5], [20, 4], [19, 3]]
[[28, 19], [29, 18], [29, 17], [28, 16], [28, 15], [28, 14], [27, 13], [26, 12], [26, 11], [25, 10], [24, 9], [23, 8], [22, 7], [22, 6], [21, 5], [20, 4], [19, 3]]
[[28, 19], [29, 18], [28, 17], [28, 16], [28, 15], [27, 14], [26, 13], [26, 12], [25, 11], [26, 10], [25, 9], [24, 8], [23, 7], [22, 6], [21, 5], [20, 4], [19, 3]]
[[28, 19], [29, 18], [29, 17], [28, 16], [28, 15], [28, 14], [27, 13], [26, 12], [25, 11], [24, 10], [24, 9], [23, 8], [23, 7], [22, 6], [21, 5], [20, 4], [19, 3]]
[[28, 19], [28, 18], [28, 17], [27, 16], [27, 15], [27, 14], [27, 13], [26, 12], [25, 11], [24, 10], [24, 9], [23, 8], [23, 7], [22, 6], [21, 5], [20, 4], [19, 3]]
[[28, 19], [27, 19], [28, 18], [28, 17], [29, 16], [28, 15], [29, 14], [28, 14], [27, 13], [27, 12], [27, 11], [26, 10], [25, 9], [24, 8], [24, 9], [24, 8], [24, 7], [23, 6], [22, 6], [21, 5], [20, 4], [19, 3]]
[[28, 19], [28, 18], [29, 18], [28, 17], [27, 17], [26, 16], [25, 15], [25, 14], [24, 13], [23, 14], [24, 14], [23, 13], [22, 12], [21, 11], [20, 10], [19, 10], [20, 9], [21, 8], [21, 7], [20, 6], [19, 5], [19, 4], [19, 3]]
[[28, 19], [28, 18], [27, 17], [27, 16], [28, 15], [27, 14], [27, 13], [27, 12], [28, 12], [28, 11], [28, 10], [29, 9], [28, 8], [29, 7], [28, 6], [27, 6], [26, 6], [27, 7], [27, 6], [26, 5], [25, 4], [24, 5], [23, 4], [22, 3], [21, 3], [20, 2], [20, 1], [21, 1], [21, 0], [21, 1], [20, 2], [19, 3]]
[[28, 19], [29, 18], [29, 19], [28, 18], [29, 17], [29, 16], [28, 15], [27, 14], [28, 13], [27, 12], [28, 11], [28, 10], [28, 11], [28, 10], [28, 9], [28, 8], [27, 8], [26, 7], [27, 7], [26, 6], [26, 5], [27, 5], [26, 5], [25, 5], [24, 4], [23, 3], [22, 3], [22, 2], [22, 3], [21, 4], [20, 4], [19, 4], [19, 3]]
[[28, 19], [27, 19], [28, 19], [27, 18], [26, 19], [25, 18], [24, 17], [23, 17], [22, 16], [21, 16], [20, 17], [21, 17], [20, 18], [19, 17], [19, 18], [20, 18], [20, 17], [21, 17], [21, 18], [22, 19], [22, 18], [23, 17], [22, 16], [23, 16], [23, 15], [22, 15], [23, 15], [23, 14], [22, 13], [23, 14], [24, 13], [23, 12], [24, 11], [25, 10], [24, 9], [24, 8], [23, 8], [23, 7], [22, 6], [23, 6], [22, 6], [21, 5], [20, 4], [21, 5], [21, 4], [20, 3], [19, 2], [20, 2], [21, 1], [22, 1], [21, 2], [20, 3], [21, 4], [22, 3], [23, 3], [23, 2], [23, 1], [22, 0], [21, 0], [20, 0], [20, 1], [19, 2], [19, 3]]
[[28, 19], [27, 19], [26, 18], [26, 19], [26, 18], [25, 17], [25, 16], [24, 15], [25, 14], [25, 15], [24, 16], [23, 16], [22, 17], [21, 16], [22, 16], [23, 15], [22, 15], [23, 14], [24, 14], [25, 14], [25, 15], [26, 15], [27, 16], [28, 15], [29, 16], [29, 17], [28, 18], [27, 18], [26, 18], [27, 19], [26, 19], [25, 19], [24, 19], [23, 18], [24, 18], [23, 17], [22, 18], [21, 17], [21, 18], [20, 18], [19, 18], [19, 17], [18, 17], [18, 16], [19, 15], [18, 14], [17, 13], [17, 12], [18, 11], [18, 10], [18, 9], [17, 8], [17, 9], [16, 9], [15, 8], [16, 7], [17, 6], [18, 5], [19, 5], [19, 4], [20, 3], [20, 2], [21, 1], [20, 0], [21, 1], [22, 1], [22, 0], [22, 1], [22, 0], [22, 1], [21, 2], [21, 3], [21, 4], [20, 3], [19, 3], [19, 2], [19, 3]]
[[28, 19], [29, 19], [28, 18], [28, 17], [29, 17], [29, 16], [28, 16], [29, 15], [28, 15], [27, 15], [27, 16], [27, 17], [27, 18], [26, 17], [26, 16], [25, 15], [24, 14], [24, 15], [23, 16], [22, 17], [22, 18], [23, 17], [23, 18], [23, 19], [22, 19], [21, 19], [20, 19], [20, 18], [21, 17], [22, 16], [22, 15], [21, 16], [20, 16], [19, 17], [20, 17], [19, 16], [20, 15], [21, 15], [20, 14], [20, 13], [20, 12], [21, 13], [21, 12], [20, 11], [21, 10], [21, 11], [22, 10], [22, 9], [21, 9], [22, 10], [21, 10], [22, 9], [22, 8], [23, 7], [22, 6], [21, 5], [20, 6], [21, 7], [20, 7], [20, 8], [19, 8], [19, 7], [18, 8], [17, 9], [17, 8], [18, 7], [19, 6], [18, 6], [18, 5], [19, 5], [19, 4], [20, 3], [20, 2], [21, 1], [22, 1], [22, 0], [23, 0], [24, 1], [24, 0], [25, 0], [26, 0], [25, 1], [26, 1], [26, 2], [25, 3], [26, 3], [27, 4], [27, 3], [28, 4], [28, 3], [29, 2], [29, 3], [29, 4], [28, 5], [29, 6], [28, 7], [27, 6], [26, 6], [26, 5], [25, 4], [24, 3], [23, 4], [22, 3], [21, 2], [20, 1], [19, 2], [19, 3]]
