[[16, 14], [17, 13], [18, 12], [19, 11], [20, 12], [21, 13], [22, 14], [23, 13], [24, 12], [25, 13], [26, 12], [27, 12], [28, 11]]
[[16, 14], [17, 13], [18, 12], [19, 13], [20, 14], [21, 13], [22, 12], [23, 13], [24, 12], [25, 11], [26, 11], [27, 11], [28, 11]]
[[16, 14], [17, 13], [18, 13], [19, 14], [20, 15], [21, 14], [22, 13], [23, 12], [24, 12], [25, 11], [26, 12], [27, 12], [28, 11]]
[[16, 14], [17, 13], [18, 12], [19, 11], [20, 12], [21, 13], [22, 14], [23, 14], [24, 13], [25, 13], [26, 12], [27, 12], [28, 11]]
[[16, 14], [17, 13], [18, 12], [19, 11], [20, 12], [21, 13], [22, 14], [23, 13], [24, 12], [25, 13], [26, 12], [27, 12], [28, 11]]
[[16, 14], [17, 13], [18, 13], [19, 13], [20, 14], [21, 15], [22, 14], [23, 13], [24, 12], [25, 11], [26, 12], [27, 12], [28, 11]]
[[16, 14], [17, 13], [18, 14], [19, 13], [20, 12], [21, 13], [22, 14], [23, 14], [24, 13], [25, 13], [26, 13], [27, 12], [28, 11]]
[[16, 14], [17, 13], [18, 14], [19, 15], [20, 14], [21, 14], [22, 13], [23, 13], [24, 13], [25, 13], [26, 13], [27, 12], [28, 11]]
[[16, 14], [17, 13], [18, 14], [19, 14], [20, 14], [21, 13], [22, 12], [23, 11], [24, 12], [25, 11], [26, 10], [27, 11], [28, 11]]
[[16, 14], [17, 13], [18, 12], [19, 11], [20, 12], [21, 13], [22, 14], [23, 14], [24, 14], [25, 13], [26, 13], [27, 12], [28, 11]]
[[16, 14], [17, 13], [18, 12], [19, 11], [20, 12], [21, 13], [22, 12], [23, 12], [24, 12], [25, 11], [26, 11], [27, 12], [28, 11]]
[[16, 14], [17, 13], [18, 12], [19, 11], [20, 10], [21, 11], [22, 12], [23, 13], [24, 12], [25, 13], [26, 12], [27, 11], [28, 11]]
[[16, 14], [17, 15], [18, 14], [19, 13], [20, 12], [21, 11], [22, 12], [23, 13], [24, 12], [25, 11], [26, 10], [27, 11], [28, 11]]
[[16, 14], [17, 15], [18, 14], [19, 13], [20, 12], [21, 11], [22, 12], [23, 12], [24, 11], [25, 10], [26, 11], [27, 11], [28, 11]]
[[16, 14], [17, 13], [18, 12], [19, 11], [20, 11], [21, 11], [22, 12], [23, 13], [24, 12], [25, 11], [26, 11], [27, 11], [28, 11]]
[[16, 14], [17, 13], [18, 13], [19, 13], [20, 14], [21, 13], [22, 13], [23, 12], [24, 12], [25, 13], [26, 12], [27, 12], [28, 11]]
[[16, 14], [17, 13], [18, 14], [19, 15], [20, 14], [21, 14], [22, 14], [23, 13], [23, 14], [24, 14], [25, 13], [26, 13], [27, 12], [28, 11]]
[[16, 14], [17, 13], [18, 13], [19, 13], [20, 12], [20, 11], [21, 11], [22, 11], [23, 12], [24, 12], [25, 11], [26, 11], [27, 11], [28, 11]]
[[16, 14], [17, 15], [18, 14], [19, 13], [20, 12], [21, 13], [22, 12], [23, 13], [23, 14], [24, 14], [25, 13], [26, 13], [27, 13], [28, 12], [28, 11]]
[[16, 14], [17, 13], [18, 12], [19, 13], [20, 12], [21, 13], [22, 13], [23, 14], [24, 14], [23, 15], [24, 14], [25, 13], [26, 12], [25, 11], [26, 11], [27, 12], [27, 11], [28, 12], [28, 11]]
