[[14, 8], [13, 7], [12, 7], [11, 8]]
[[14, 8], [13, 7], [12, 7], [11, 8]]
[[14, 8], [13, 7], [12, 7], [11, 8]]
[[14, 8], [13, 7], [12, 7], [11, 8]]
[[14, 8], [13, 8], [12, 7], [11, 8]]
[[14, 8], [13, 8], [12, 9], [11, 8]]
[[14, 8], [13, 7], [12, 7], [11, 8]]
[[14, 8], [13, 7], [12, 7], [11, 8]]
[[14, 8], [13, 9], [13, 10], [12, 10], [11, 9], [11, 8]]
[[14, 8], [15, 9], [16, 9], [17, 10], [17, 11], [16, 11], [16, 12], [15, 11], [14, 12], [15, 13], [15, 14], [14, 14], [15, 15], [15, 14], [16, 15], [16, 14], [15, 15], [14, 14], [14, 13], [13, 14], [13, 13], [12, 13], [13, 13], [12, 12], [13, 12], [12, 11], [11, 11], [12, 10], [13, 10], [13, 11], [13, 12], [13, 11], [13, 12], [12, 12], [13, 13], [14, 13], [15, 13], [16, 12], [15, 11], [16, 12], [16, 13], [16, 14], [17, 15], [16, 16], [17, 17], [17, 16], [17, 15], [18, 14], [19, 15], [20, 15], [21, 16], [22, 15], [23, 16], [23, 17], [22, 16], [22, 17], [23, 16], [24, 15], [25, 16], [26, 16], [27, 16], [26, 17], [25, 17], [26, 18], [27, 18], [28, 17], [28, 18], [28, 17], [28, 16], [29, 15], [28, 15], [29, 15], [28, 15], [29, 14], [28, 15], [27, 15], [28, 14], [27, 15], [26, 16], [25, 15], [25, 14], [26, 13], [25, 13], [24, 12], [24, 11], [23, 12], [23, 13], [22, 13], [23, 13], [22, 12], [23, 12], [22, 11], [22, 12], [23, 12], [23, 11], [22, 12], [22, 11], [22, 10], [23, 9], [22, 8], [23, 7], [24, 6], [24, 5], [25, 5], [24, 4], [25, 3], [24, 2], [25, 2], [24, 2], [23, 3], [22, 3], [21, 4], [20, 5], [20, 4], [21, 3], [21, 4], [20, 3], [21, 2], [21, 1], [22, 0], [21, 1], [20, 1], [20, 0], [19, 1], [20, 1], [20, 2], [19, 1], [18, 1], [19, 2], [18, 3], [18, 4], [17, 4], [17, 3], [18, 3], [17, 2], [16, 3], [15, 2], [14, 2], [15, 1], [16, 1], [15, 2], [14, 2], [13, 3], [12, 4], [12, 5], [11, 5], [11, 6], [12, 7], [11, 7], [11, 8]]
