[[26, 4], [25, 5], [24, 4], [23, 5], [22, 6], [21, 7], [20, 6], [19, 6], [18, 7], [17, 6], [16, 5], [15, 5], [14, 6], [13, 5], [12, 6], [11, 7], [10, 8], [9, 9], [8, 10], [7, 9]]
[[26, 4], [25, 5], [24, 4], [23, 5], [22, 6], [21, 7], [20, 7], [19, 7], [18, 8], [17, 7], [16, 6], [15, 5], [14, 6], [13, 7], [12, 8], [11, 7], [10, 8], [9, 8], [8, 9], [7, 9]]
[[26, 4], [25, 5], [24, 6], [23, 7], [22, 6], [21, 6], [20, 5], [19, 6], [18, 7], [17, 7], [16, 6], [15, 7], [14, 6], [13, 7], [12, 8], [11, 8], [10, 8], [9, 9], [8, 9], [7, 9]]
[[26, 4], [25, 5], [24, 4], [23, 5], [22, 5], [21, 6], [20, 7], [19, 7], [18, 6], [17, 6], [16, 5], [15, 6], [14, 6], [13, 7], [12, 8], [11, 9], [10, 10], [9, 9], [8, 10], [7, 9]]
[[26, 4], [25, 5], [24, 4], [23, 5], [22, 6], [21, 7], [20, 6], [19, 6], [18, 7], [17, 6], [16, 5], [15, 5], [14, 6], [13, 5], [12, 6], [11, 7], [10, 8], [9, 9], [8, 10], [7, 9]]
[[26, 4], [25, 5], [24, 5], [23, 5], [22, 4], [21, 5], [20, 5], [19, 5], [18, 5], [17, 5], [16, 6], [15, 7], [14, 8], [13, 8], [12, 8], [11, 9], [10, 10], [9, 9], [8, 9], [7, 9]]
[[26, 4], [25, 5], [24, 5], [23, 4], [22, 5], [21, 6], [20, 7], [19, 6], [18, 5], [17, 6], [16, 7], [15, 7], [14, 6], [13, 6], [12, 6], [11, 7], [10, 8], [9, 8], [8, 9], [7, 9]]
[[26, 4], [25, 5], [24, 5], [23, 6], [22, 6], [21, 6], [20, 7], [19, 6], [18, 5], [17, 5], [16, 6], [15, 7], [14, 8], [13, 7], [12, 6], [11, 7], [10, 8], [9, 9], [8, 10], [7, 9]]
[[26, 4], [25, 5], [24, 4], [23, 5], [22, 5], [21, 6], [20, 5], [19, 6], [18, 5], [17, 6], [16, 6], [15, 5], [14, 5], [13, 6], [12, 6], [11, 7], [10, 8], [9, 9], [8, 10], [7, 9]]
[[26, 4], [25, 5], [24, 5], [23, 6], [22, 7], [21, 8], [20, 8], [19, 7], [18, 8], [17, 7], [16, 6], [15, 5], [14, 6], [13, 7], [12, 8], [11, 9], [10, 10], [9, 9], [8, 10], [7, 9]]
[[26, 4], [25, 5], [24, 6], [23, 7], [22, 7], [21, 8], [20, 7], [19, 6], [18, 7], [17, 7], [16, 8], [15, 8], [14, 9], [13, 10], [12, 10], [11, 9], [10, 10], [9, 9], [8, 10], [7, 9]]
[[26, 4], [25, 5], [24, 5], [23, 5], [22, 6], [21, 5], [20, 6], [19, 5], [18, 5], [17, 6], [16, 6], [15, 5], [14, 5], [13, 6], [12, 6], [11, 7], [10, 8], [9, 8], [8, 9], [7, 9]]
[[26, 4], [25, 3], [24, 4], [23, 5], [22, 6], [21, 6], [20, 7], [19, 7], [18, 8], [17, 7], [16, 6], [15, 6], [14, 6], [13, 7], [12, 8], [11, 9], [10, 8], [9, 9], [8, 10], [7, 9]]
[[26, 4], [25, 3], [24, 3], [23, 4], [22, 5], [21, 5], [20, 4], [19, 5], [18, 6], [17, 6], [16, 7], [15, 7], [14, 8], [13, 8], [12, 8], [11, 7], [10, 8], [9, 8], [8, 9], [7, 9]]
[[26, 4], [25, 5], [24, 5], [23, 6], [22, 7], [21, 6], [20, 5], [19, 6], [18, 5], [17, 4], [16, 3], [15, 4], [14, 5], [13, 5], [12, 6], [11, 7], [10, 8], [9, 9], [8, 10], [7, 9]]
[[26, 4], [25, 5], [24, 4], [23, 5], [22, 5], [21, 6], [21, 5], [20, 6], [19, 7], [18, 8], [17, 7], [16, 6], [15, 7], [14, 8], [13, 9], [12, 9], [11, 8], [10, 8], [9, 8], [8, 9], [7, 9]]
[[26, 4], [25, 5], [24, 6], [23, 6], [22, 6], [22, 5], [21, 6], [20, 6], [19, 7], [18, 7], [17, 7], [17, 6], [16, 7], [15, 6], [14, 5], [13, 5], [12, 6], [11, 7], [10, 8], [9, 9], [8, 9], [7, 9]]
[[26, 4], [25, 5], [26, 6], [25, 7], [24, 8], [23, 7], [22, 6], [21, 5], [20, 6], [19, 7], [18, 6], [17, 6], [16, 5], [15, 6], [14, 6], [14, 5], [13, 5], [12, 6], [11, 7], [11, 8], [10, 8], [9, 9], [8, 10], [7, 9]]
[[26, 4], [25, 5], [24, 5], [24, 4], [23, 3], [23, 4], [23, 5], [22, 5], [22, 4], [21, 5], [20, 6], [19, 5], [18, 6], [17, 6], [16, 5], [15, 6], [14, 5], [15, 4], [16, 5], [15, 6], [15, 7], [15, 8], [14, 8], [14, 9], [14, 8], [13, 9], [12, 9], [12, 10], [11, 11], [11, 12], [10, 11], [9, 10], [8, 10], [7, 9]]
[[26, 4], [26, 5], [27, 4], [27, 5], [28, 6], [28, 7], [27, 6], [27, 5], [26, 4], [25, 5], [24, 5], [24, 4], [23, 5], [24, 5], [23, 4], [24, 4], [23, 3], [22, 4], [23, 5], [22, 6], [21, 7], [20, 6], [19, 7], [18, 8], [17, 9], [16, 9], [17, 10], [16, 10], [15, 9], [14, 9], [13, 10], [13, 9], [13, 8], [13, 9], [12, 9], [11, 8], [10, 8], [9, 9], [8, 9], [7, 8], [6, 8], [6, 7], [7, 8], [6, 9], [7, 9]]
