[[7, 4], [8, 4], [9, 5], [10, 4], [11, 3], [12, 4], [13, 3], [14, 4], [15, 4], [16, 5], [17, 6], [18, 7], [19, 6], [20, 6], [21, 7], [22, 7], [23, 8], [24, 7], [25, 8]]
[[7, 4], [8, 4], [9, 5], [10, 4], [11, 3], [12, 4], [13, 3], [14, 2], [15, 3], [16, 4], [17, 5], [18, 6], [19, 6], [20, 6], [21, 6], [22, 7], [23, 7], [24, 8], [25, 8]]
[[7, 4], [8, 4], [9, 5], [10, 4], [11, 3], [12, 4], [13, 3], [14, 4], [15, 4], [16, 5], [17, 6], [18, 7], [19, 6], [20, 6], [21, 7], [22, 7], [23, 8], [24, 7], [25, 8]]
[[7, 4], [8, 3], [9, 3], [10, 3], [11, 3], [12, 2], [13, 3], [14, 4], [15, 4], [16, 4], [17, 4], [18, 5], [19, 6], [20, 7], [21, 8], [22, 8], [23, 7], [24, 8], [25, 8]]
[[7, 4], [8, 5], [9, 5], [10, 4], [11, 4], [12, 4], [13, 3], [14, 4], [15, 4], [16, 4], [17, 5], [18, 6], [19, 6], [20, 7], [21, 7], [22, 8], [23, 9], [24, 8], [25, 8]]
[[7, 4], [8, 3], [9, 4], [10, 5], [11, 5], [12, 4], [13, 3], [14, 4], [15, 5], [16, 5], [17, 6], [18, 5], [19, 6], [20, 7], [21, 8], [22, 8], [23, 9], [24, 8], [25, 8]]
[[7, 4], [8, 3], [9, 2], [10, 2], [11, 2], [12, 2], [13, 1], [14, 2], [15, 3], [16, 4], [17, 5], [18, 5], [19, 6], [20, 6], [21, 7], [22, 7], [23, 6], [24, 7], [25, 8]]
[[7, 4], [8, 5], [9, 5], [10, 6], [11, 5], [12, 6], [13, 6], [14, 6], [15, 6], [16, 6], [17, 5], [18, 5], [19, 6], [20, 7], [21, 6], [22, 6], [23, 7], [24, 7], [25, 8]]
[[7, 4], [8, 5], [9, 5], [10, 4], [11, 4], [12, 3], [13, 3], [14, 4], [15, 5], [16, 6], [17, 6], [18, 6], [19, 6], [20, 6], [21, 7], [22, 6], [23, 6], [24, 7], [25, 8]]
[[7, 4], [8, 3], [9, 4], [10, 3], [11, 3], [12, 2], [13, 3], [14, 4], [15, 4], [16, 5], [17, 4], [18, 5], [19, 6], [20, 7], [21, 8], [22, 8], [23, 9], [24, 9], [25, 8]]
[[7, 4], [8, 4], [9, 5], [10, 5], [11, 5], [12, 5], [13, 6], [14, 6], [15, 6], [16, 5], [17, 6], [18, 7], [19, 7], [20, 6], [21, 7], [22, 8], [23, 7], [24, 8], [25, 8]]
[[7, 4], [8, 4], [8, 5], [9, 6], [10, 7], [11, 6], [12, 5], [13, 6], [14, 6], [15, 5], [16, 6], [17, 6], [18, 7], [19, 7], [20, 8], [21, 9], [22, 8], [23, 7], [24, 8], [25, 8]]
[[7, 4], [8, 3], [9, 2], [10, 1], [11, 1], [12, 0], [13, 1], [14, 2], [15, 3], [16, 4], [17, 5], [18, 6], [19, 7], [20, 6], [21, 7], [22, 8], [23, 8], [23, 7], [24, 7], [25, 8]]
[[7, 4], [8, 4], [9, 3], [10, 2], [11, 3], [12, 2], [13, 1], [14, 2], [15, 3], [16, 4], [17, 4], [18, 5], [18, 6], [19, 7], [20, 8], [21, 9], [22, 8], [23, 7], [23, 8], [24, 8], [25, 8]]
[[7, 4], [7, 3], [8, 3], [9, 3], [10, 3], [11, 2], [12, 2], [11, 2], [12, 2], [13, 3], [14, 4], [15, 5], [16, 5], [17, 5], [18, 6], [19, 7], [18, 8], [19, 8], [20, 9], [21, 10], [22, 9], [23, 10], [24, 9], [25, 8]]
[[7, 4], [8, 4], [9, 5], [9, 4], [10, 5], [11, 5], [12, 5], [13, 6], [14, 6], [15, 6], [16, 5], [17, 6], [18, 7], [19, 7], [20, 7], [20, 6], [19, 6], [20, 7], [21, 8], [21, 7], [22, 8], [23, 7], [24, 8], [25, 8]]
[[7, 4], [7, 3], [8, 3], [9, 3], [9, 2], [10, 3], [11, 3], [12, 2], [12, 3], [13, 3], [14, 4], [15, 5], [16, 6], [17, 5], [18, 4], [18, 5], [19, 6], [20, 7], [21, 8], [22, 9], [22, 8], [22, 7], [22, 6], [23, 7], [24, 8], [25, 8]]
[[7, 4], [7, 3], [8, 4], [9, 3], [10, 2], [11, 2], [12, 2], [11, 3], [12, 2], [13, 3], [14, 2], [15, 3], [16, 4], [17, 5], [18, 5], [18, 6], [19, 7], [20, 7], [20, 6], [21, 6], [20, 7], [21, 8], [22, 8], [22, 9], [23, 8], [24, 9], [25, 9], [26, 9], [27, 8], [26, 8], [25, 8]]
[[7, 4], [8, 3], [9, 3], [8, 3], [9, 4], [8, 3], [9, 4], [9, 5], [10, 4], [11, 5], [12, 6], [13, 7], [14, 6], [15, 6], [16, 7], [17, 8], [16, 9], [17, 9], [18, 10], [19, 10], [20, 11], [20, 12], [21, 13], [22, 14], [23, 13], [24, 13], [25, 12], [26, 11], [26, 10], [27, 10], [26, 9], [27, 8], [28, 7], [29, 8], [28, 8], [28, 9], [27, 10], [26, 11], [27, 11], [26, 11], [26, 10], [26, 11], [25, 11], [24, 10], [24, 9], [25, 8]]
[[7, 4], [7, 3], [8, 4], [9, 3], [10, 2], [11, 1], [11, 2], [12, 2], [13, 2], [13, 1], [14, 0], [14, 1], [13, 1], [14, 0], [15, 0], [16, 1], [17, 2], [18, 2], [19, 1], [20, 0], [19, 1], [20, 1], [20, 0], [21, 1], [22, 2], [23, 2], [23, 3], [24, 3], [23, 4], [24, 4], [25, 3], [26, 3], [27, 2], [28, 3], [27, 4], [27, 3], [27, 4], [27, 5], [26, 5], [25, 5], [26, 6], [27, 7], [28, 6], [28, 5], [29, 6], [28, 7], [27, 7], [26, 6], [27, 7], [26, 7], [25, 8]]
