[[3, 9], [4, 10], [5, 9], [6, 8], [7, 8], [8, 7], [9, 6], [10, 7], [11, 7], [12, 6], [13, 5], [14, 5], [15, 5], [16, 4], [17, 3], [18, 2]]
[[3, 9], [4, 8], [5, 7], [6, 7], [7, 6], [8, 7], [9, 6], [10, 6], [11, 6], [12, 6], [13, 6], [14, 6], [15, 5], [16, 4], [17, 3], [18, 2]]
[[3, 9], [4, 8], [5, 7], [6, 7], [7, 8], [8, 8], [9, 8], [10, 7], [11, 6], [12, 6], [13, 5], [14, 4], [15, 5], [16, 4], [17, 3], [18, 2]]
[[3, 9], [4, 10], [5, 9], [6, 8], [7, 8], [8, 7], [9, 6], [10, 7], [11, 7], [12, 6], [13, 5], [14, 5], [15, 5], [16, 4], [17, 3], [18, 2]]
[[3, 9], [4, 8], [5, 7], [6, 6], [7, 7], [8, 7], [9, 7], [10, 6], [11, 5], [12, 6], [13, 7], [14, 6], [15, 5], [16, 4], [17, 3], [18, 2]]
[[3, 9], [4, 8], [5, 7], [6, 7], [7, 6], [8, 7], [9, 7], [10, 6], [11, 6], [12, 5], [13, 5], [14, 5], [15, 5], [16, 4], [17, 3], [18, 2]]
[[3, 9], [4, 8], [5, 7], [6, 7], [7, 7], [8, 7], [9, 7], [10, 6], [11, 6], [12, 6], [13, 6], [14, 5], [15, 4], [16, 3], [17, 2], [18, 2]]
[[3, 9], [4, 9], [5, 9], [6, 9], [7, 8], [8, 8], [9, 7], [10, 7], [11, 6], [12, 5], [13, 6], [14, 5], [15, 4], [16, 3], [17, 3], [18, 2]]
[[3, 9], [4, 8], [5, 7], [6, 6], [7, 7], [8, 6], [9, 6], [10, 5], [11, 5], [12, 5], [13, 6], [14, 5], [15, 4], [16, 3], [17, 3], [18, 2]]
[[3, 9], [4, 8], [5, 7], [6, 7], [7, 8], [8, 7], [9, 6], [10, 7], [11, 6], [12, 6], [13, 5], [14, 5], [15, 5], [16, 4], [17, 3], [18, 2]]
[[3, 9], [4, 8], [5, 9], [6, 8], [7, 8], [8, 8], [9, 7], [10, 6], [11, 6], [12, 6], [13, 6], [14, 6], [15, 5], [16, 4], [17, 3], [18, 2]]
[[3, 9], [4, 9], [5, 9], [6, 9], [7, 8], [7, 7], [8, 6], [9, 6], [10, 7], [11, 6], [12, 5], [13, 6], [14, 5], [15, 4], [16, 3], [17, 2], [18, 2]]
[[3, 9], [4, 8], [5, 7], [6, 8], [7, 8], [8, 8], [9, 7], [10, 7], [11, 6], [12, 6], [13, 7], [14, 6], [15, 5], [16, 5], [16, 4], [17, 3], [18, 2]]
[[3, 9], [4, 8], [5, 9], [6, 8], [7, 7], [8, 8], [8, 7], [9, 6], [10, 6], [11, 5], [12, 5], [13, 5], [14, 5], [15, 5], [16, 4], [17, 5], [16, 5], [16, 4], [17, 3], [18, 2]]
[[3, 9], [4, 10], [5, 10], [6, 9], [6, 8], [7, 8], [8, 7], [7, 6], [8, 5], [9, 6], [10, 6], [11, 6], [12, 5], [12, 6], [13, 5], [14, 5], [15, 4], [16, 4], [17, 3], [18, 2]]
[[3, 9], [4, 8], [5, 7], [6, 7], [7, 8], [8, 7], [9, 7], [10, 6], [11, 5], [12, 5], [13, 5], [13, 6], [14, 7], [15, 6], [16, 5], [16, 4], [17, 3], [17, 4], [18, 3], [18, 2]]
[[3, 9], [4, 8], [5, 9], [6, 8], [7, 7], [6, 6], [6, 7], [7, 7], [8, 6], [9, 6], [10, 5], [11, 4], [12, 3], [12, 2], [13, 2], [13, 3], [14, 2], [15, 2], [16, 2], [16, 1], [17, 0], [17, 1], [18, 2], [18, 1], [18, 2]]
[[3, 9], [4, 10], [5, 9], [6, 8], [7, 8], [7, 9], [8, 8], [9, 7], [10, 6], [11, 6], [12, 6], [12, 7], [11, 7], [12, 7], [12, 8], [12, 7], [13, 7], [14, 7], [15, 6], [16, 5], [15, 4], [16, 5], [17, 4], [17, 3], [18, 2]]
[[3, 9], [4, 10], [5, 9], [6, 8], [7, 7], [8, 7], [9, 8], [10, 9], [10, 10], [11, 11], [11, 12], [12, 11], [13, 11], [13, 12], [13, 11], [14, 10], [15, 9], [16, 9], [17, 8], [18, 7], [17, 8], [16, 7], [15, 6], [16, 7], [17, 6], [18, 5], [18, 4], [19, 4], [18, 3], [18, 2]]
[[3, 9], [4, 9], [5, 10], [6, 9], [7, 10], [8, 10], [9, 11], [9, 12], [10, 11], [11, 10], [11, 11], [12, 12], [13, 13], [13, 12], [14, 13], [15, 12], [14, 11], [15, 11], [14, 10], [14, 9], [15, 8], [16, 7], [17, 6], [16, 5], [15, 4], [16, 3], [17, 2], [17, 3], [18, 3], [18, 2]]
