[[5, 2], [6, 3], [5, 4], [5, 5], [6, 6], [7, 7], [8, 8], [7, 9], [8, 10], [9, 11], [10, 12], [10, 13], [11, 14], [12, 15], [13, 16]]
[[5, 2], [5, 3], [4, 4], [5, 5], [6, 6], [7, 7], [6, 8], [7, 9], [8, 10], [9, 11], [10, 12], [10, 13], [11, 14], [12, 15], [13, 16]]
[[5, 2], [6, 3], [5, 4], [5, 5], [6, 6], [7, 7], [8, 8], [7, 9], [8, 10], [9, 11], [10, 12], [10, 13], [11, 14], [12, 15], [13, 16]]
[[5, 2], [4, 3], [4, 4], [5, 5], [5, 6], [6, 7], [7, 8], [8, 9], [8, 10], [9, 11], [10, 12], [11, 13], [11, 14], [12, 15], [13, 16]]
[[5, 2], [4, 3], [4, 4], [5, 5], [6, 6], [7, 7], [8, 8], [8, 9], [9, 10], [10, 11], [10, 12], [11, 13], [12, 14], [12, 15], [13, 16]]
[[5, 2], [5, 3], [4, 4], [5, 5], [6, 6], [7, 7], [7, 8], [8, 9], [9, 10], [10, 11], [10, 12], [11, 13], [12, 14], [12, 15], [13, 16]]
[[5, 2], [5, 3], [4, 4], [5, 5], [6, 6], [5, 7], [6, 8], [7, 9], [8, 10], [9, 11], [10, 12], [11, 13], [11, 14], [12, 15], [13, 16]]
[[5, 2], [4, 3], [4, 4], [5, 5], [6, 6], [7, 7], [7, 8], [7, 9], [8, 10], [9, 11], [10, 12], [11, 13], [11, 14], [12, 15], [13, 16]]
[[5, 2], [4, 3], [3, 4], [4, 5], [5, 6], [6, 7], [7, 8], [8, 9], [9, 10], [9, 11], [10, 12], [11, 13], [11, 14], [12, 15], [13, 16]]
[[5, 2], [5, 3], [4, 4], [5, 5], [5, 6], [6, 7], [6, 8], [7, 9], [7, 10], [8, 11], [9, 12], [10, 13], [11, 14], [12, 15], [13, 16]]
[[5, 2], [4, 3], [5, 4], [5, 5], [6, 6], [6, 7], [7, 8], [8, 9], [7, 10], [8, 11], [9, 12], [10, 13], [11, 14], [12, 15], [13, 16]]
[[5, 2], [5, 3], [5, 4], [5, 5], [6, 6], [7, 7], [7, 8], [8, 9], [8, 10], [8, 11], [9, 12], [10, 13], [11, 14], [12, 15], [13, 16]]
[[5, 2], [6, 3], [5, 4], [5, 5], [6, 6], [6, 7], [7, 8], [8, 8], [8, 9], [8, 10], [9, 11], [10, 12], [11, 13], [11, 14], [12, 15], [13, 16]]
[[5, 2], [6, 3], [5, 4], [5, 5], [6, 6], [5, 7], [6, 8], [7, 9], [7, 10], [8, 10], [9, 11], [10, 12], [11, 13], [11, 14], [12, 15], [13, 16]]
[[5, 2], [5, 3], [5, 4], [5, 5], [6, 6], [6, 7], [7, 8], [8, 9], [9, 10], [9, 11], [8, 12], [9, 13], [10, 13], [11, 14], [12, 15], [13, 16]]
[[5, 2], [6, 3], [5, 3], [4, 4], [5, 5], [6, 6], [6, 7], [7, 8], [7, 9], [8, 10], [9, 11], [9, 12], [10, 13], [11, 14], [12, 15], [13, 16]]
[[5, 2], [5, 3], [4, 4], [5, 5], [6, 6], [6, 7], [6, 8], [7, 9], [8, 10], [8, 11], [9, 11], [9, 12], [10, 13], [11, 14], [12, 15], [13, 16]]
[[5, 2], [4, 3], [3, 4], [4, 5], [5, 6], [6, 7], [7, 8], [7, 9], [8, 10], [9, 11], [10, 12], [10, 13], [11, 13], [12, 14], [13, 15], [13, 16]]
[[5, 2], [4, 3], [5, 4], [5, 5], [6, 6], [7, 6], [8, 7], [7, 8], [8, 9], [9, 10], [8, 11], [9, 12], [10, 13], [11, 14], [12, 15], [13, 16]]
[[5, 2], [6, 3], [5, 4], [4, 5], [5, 6], [6, 7], [7, 8], [7, 9], [8, 10], [8, 11], [8, 12], [9, 13], [10, 14], [11, 15], [12, 15], [13, 16]]
