[[10, 19], [9, 18], [9, 17], [8, 16], [8, 15], [9, 14], [10, 13], [11, 12], [12, 11], [12, 10], [13, 9], [14, 8], [15, 7], [16, 6], [17, 5], [18, 4], [19, 3], [20, 2], [20, 1], [21, 0]]
[[10, 19], [10, 18], [11, 17], [10, 16], [10, 15], [10, 14], [11, 13], [11, 12], [12, 11], [13, 10], [14, 9], [14, 8], [15, 7], [16, 6], [17, 5], [18, 4], [19, 3], [20, 2], [20, 1], [21, 0]]
[[10, 19], [9, 18], [9, 17], [8, 16], [8, 15], [9, 14], [10, 13], [11, 12], [12, 11], [12, 10], [13, 9], [14, 8], [15, 7], [16, 6], [17, 5], [18, 4], [19, 3], [20, 2], [20, 1], [21, 0]]
[[10, 19], [9, 18], [8, 17], [7, 16], [7, 15], [8, 14], [9, 13], [10, 12], [11, 11], [12, 10], [13, 9], [14, 8], [14, 7], [15, 6], [16, 5], [17, 4], [18, 3], [19, 2], [20, 1], [21, 0]]
[[10, 19], [10, 18], [11, 17], [12, 16], [12, 15], [11, 14], [12, 13], [13, 12], [13, 11], [14, 10], [15, 9], [16, 8], [16, 7], [17, 6], [17, 5], [18, 4], [19, 3], [20, 2], [21, 1], [21, 0]]
[[10, 19], [9, 18], [9, 17], [8, 16], [9, 15], [9, 14], [10, 13], [10, 12], [11, 11], [12, 10], [13, 9], [14, 8], [15, 7], [15, 6], [16, 5], [17, 4], [18, 3], [19, 2], [20, 1], [21, 0]]
[[10, 19], [9, 18], [9, 17], [9, 16], [9, 15], [8, 14], [9, 13], [10, 12], [11, 11], [12, 10], [13, 9], [14, 8], [15, 7], [16, 6], [17, 5], [18, 4], [19, 3], [19, 2], [20, 1], [21, 0]]
[[10, 19], [9, 18], [9, 17], [9, 16], [9, 15], [10, 14], [9, 13], [10, 12], [11, 11], [12, 10], [13, 9], [14, 8], [15, 7], [16, 6], [17, 5], [18, 4], [19, 3], [20, 2], [20, 1], [21, 0]]
[[10, 19], [10, 18], [9, 17], [9, 16], [9, 15], [10, 14], [10, 13], [11, 12], [12, 11], [13, 10], [13, 9], [14, 8], [15, 7], [16, 6], [17, 5], [18, 4], [19, 3], [20, 2], [20, 1], [21, 0]]
[[10, 19], [10, 18], [10, 17], [9, 16], [10, 15], [10, 14], [9, 13], [10, 12], [11, 11], [12, 10], [13, 9], [14, 8], [15, 7], [16, 6], [16, 5], [17, 4], [18, 3], [19, 2], [20, 1], [21, 0]]
[[10, 19], [9, 18], [9, 17], [9, 16], [9, 15], [10, 14], [9, 13], [10, 12], [11, 11], [12, 10], [13, 9], [14, 8], [15, 7], [16, 6], [17, 5], [18, 4], [19, 3], [19, 2], [20, 1], [21, 0]]
[[10, 19], [10, 18], [10, 17], [10, 16], [10, 15], [10, 14], [11, 13], [10, 12], [11, 11], [12, 10], [13, 10], [12, 9], [13, 8], [14, 7], [15, 6], [16, 5], [17, 4], [18, 3], [19, 2], [20, 1], [21, 0]]
[[10, 19], [10, 18], [10, 17], [10, 16], [10, 15], [10, 14], [11, 13], [10, 12], [11, 11], [12, 10], [13, 10], [12, 9], [13, 8], [14, 7], [15, 6], [16, 5], [17, 4], [18, 3], [19, 2], [20, 1], [21, 0]]
[[10, 19], [9, 18], [9, 17], [9, 16], [9, 15], [10, 14], [10, 13], [10, 12], [10, 11], [11, 10], [12, 9], [13, 9], [14, 8], [15, 7], [16, 6], [17, 5], [18, 4], [19, 3], [20, 2], [20, 1], [21, 0]]
[[10, 19], [9, 19], [10, 18], [10, 17], [10, 16], [10, 15], [11, 14], [12, 14], [12, 13], [13, 12], [12, 11], [11, 10], [12, 9], [13, 8], [14, 7], [13, 7], [12, 7], [13, 6], [14, 5], [15, 4], [16, 3], [17, 2], [18, 1], [19, 0], [20, 0], [21, 0]]
[[10, 19], [10, 18], [11, 17], [11, 16], [11, 15], [11, 14], [12, 13], [11, 14], [10, 13], [11, 12], [10, 11], [10, 10], [10, 11], [10, 10], [11, 9], [12, 8], [13, 7], [14, 6], [15, 5], [16, 5], [17, 4], [18, 3], [19, 2], [20, 2], [21, 1], [21, 0]]
[[10, 19], [9, 18], [10, 17], [10, 16], [9, 15], [9, 14], [10, 13], [11, 12], [12, 11], [13, 11], [12, 10], [13, 10], [14, 9], [13, 9], [12, 9], [12, 8], [13, 7], [12, 6], [13, 6], [14, 5], [15, 4], [16, 3], [17, 2], [18, 1], [19, 2], [20, 1], [21, 0]]
[[10, 19], [10, 18], [10, 17], [9, 16], [10, 16], [11, 16], [11, 15], [12, 15], [13, 14], [14, 13], [13, 12], [12, 11], [13, 10], [13, 9], [12, 9], [11, 9], [12, 8], [13, 7], [13, 6], [14, 5], [15, 4], [16, 3], [17, 2], [18, 1], [19, 0], [20, 1], [21, 0]]
[[10, 19], [9, 18], [9, 17], [10, 16], [11, 16], [12, 17], [12, 16], [13, 15], [14, 16], [15, 17], [16, 16], [15, 17], [16, 16], [17, 17], [18, 16], [18, 15], [19, 14], [20, 13], [21, 12], [20, 11], [21, 10], [20, 10], [21, 9], [21, 8], [20, 7], [19, 6], [18, 5], [17, 5], [18, 4], [19, 3], [19, 2], [20, 1], [21, 0]]
[[10, 19], [11, 19], [12, 19], [12, 18], [12, 17], [12, 16], [13, 15], [14, 16], [15, 15], [16, 16], [15, 17], [14, 17], [15, 18], [15, 19], [16, 18], [17, 17], [18, 16], [19, 15], [20, 14], [20, 13], [21, 12], [20, 12], [21, 11], [21, 10], [20, 9], [19, 8], [19, 7], [19, 6], [18, 5], [18, 4], [19, 4], [20, 3], [20, 2], [20, 1], [21, 0]]
