[[9, 16], [8, 15], [7, 14], [6, 13], [6, 12], [6, 11], [5, 10], [6, 9], [6, 8], [7, 7], [6, 6], [6, 5], [5, 4], [5, 3]]
[[9, 16], [8, 15], [7, 14], [6, 13], [5, 12], [6, 11], [5, 10], [4, 9], [3, 8], [4, 7], [4, 6], [5, 5], [5, 4], [5, 3]]
[[9, 16], [8, 15], [8, 14], [7, 13], [7, 12], [6, 11], [7, 10], [7, 9], [6, 8], [7, 7], [6, 6], [7, 5], [6, 4], [5, 3]]
[[9, 16], [8, 15], [7, 14], [7, 13], [6, 12], [5, 11], [6, 10], [7, 9], [6, 8], [7, 7], [6, 6], [5, 5], [4, 4], [5, 3]]
[[9, 16], [8, 15], [7, 14], [6, 13], [7, 12], [6, 11], [5, 10], [4, 9], [3, 8], [4, 7], [4, 6], [5, 5], [5, 4], [5, 3]]
[[9, 16], [9, 15], [8, 14], [7, 13], [6, 12], [6, 11], [6, 10], [7, 9], [6, 8], [6, 7], [6, 6], [5, 5], [5, 4], [5, 3]]
[[9, 16], [8, 15], [7, 14], [6, 13], [6, 12], [6, 11], [5, 10], [6, 9], [6, 8], [7, 7], [6, 6], [6, 5], [5, 4], [5, 3]]
[[9, 16], [8, 15], [7, 14], [6, 13], [5, 12], [5, 11], [5, 10], [4, 9], [4, 8], [4, 7], [4, 6], [5, 5], [6, 4], [5, 3]]
[[9, 16], [8, 15], [7, 14], [6, 13], [6, 12], [6, 11], [7, 10], [6, 9], [6, 8], [7, 7], [6, 6], [5, 5], [5, 4], [5, 3]]
[[9, 16], [8, 15], [7, 14], [6, 13], [5, 12], [4, 11], [3, 10], [3, 9], [4, 8], [4, 7], [4, 6], [5, 5], [5, 4], [5, 3]]
[[9, 16], [8, 15], [9, 14], [8, 13], [7, 12], [8, 11], [7, 10], [7, 9], [8, 8], [7, 7], [6, 6], [7, 5], [6, 4], [5, 3]]
[[9, 16], [9, 15], [8, 14], [7, 13], [6, 12], [6, 11], [5, 10], [4, 9], [5, 8], [5, 7], [6, 6], [6, 5], [5, 4], [5, 3]]
[[9, 16], [8, 15], [7, 14], [8, 13], [7, 12], [6, 11], [5, 10], [4, 9], [5, 8], [5, 7], [4, 6], [5, 5], [4, 4], [5, 3]]
[[9, 16], [8, 15], [7, 14], [6, 13], [7, 12], [8, 11], [8, 10], [7, 9], [8, 8], [7, 7], [6, 6], [5, 5], [6, 4], [5, 3]]
[[9, 16], [9, 15], [8, 14], [7, 13], [6, 12], [5, 11], [6, 11], [7, 10], [7, 9], [6, 8], [5, 7], [6, 6], [5, 5], [6, 4], [5, 3]]
[[9, 16], [8, 15], [8, 14], [7, 13], [6, 12], [7, 12], [6, 11], [5, 10], [5, 11], [6, 10], [6, 9], [5, 8], [4, 7], [4, 6], [3, 5], [4, 4], [5, 3]]
[[9, 16], [8, 15], [7, 14], [6, 13], [7, 12], [6, 11], [5, 11], [4, 10], [5, 11], [4, 10], [4, 9], [4, 8], [3, 7], [4, 6], [5, 5], [5, 4], [5, 3]]
[[9, 16], [8, 15], [7, 14], [7, 13], [6, 12], [6, 11], [7, 12], [8, 11], [8, 10], [8, 11], [8, 10], [7, 9], [6, 8], [5, 7], [6, 6], [5, 5], [4, 4], [5, 3]]
[[9, 16], [9, 15], [8, 14], [7, 15], [8, 16], [9, 15], [8, 14], [8, 13], [7, 12], [6, 11], [6, 10], [5, 11], [5, 10], [6, 9], [6, 8], [5, 7], [6, 7], [6, 6], [6, 5], [7, 4], [7, 3], [8, 4], [7, 5], [6, 4], [5, 3]]
[[9, 16], [10, 16], [9, 15], [8, 16], [9, 15], [8, 16], [7, 15], [8, 14], [7, 15], [6, 14], [5, 13], [6, 14], [6, 13], [6, 12], [5, 13], [4, 13], [3, 12], [3, 11], [2, 10], [2, 11], [1, 12], [1, 11], [0, 11], [0, 10], [1, 10], [2, 9], [1, 8], [1, 7], [0, 7], [0, 6], [1, 6], [0, 5], [0, 4], [1, 4], [2, 5], [3, 5], [4, 4], [5, 3]]
