[[28, 8], [27, 9], [26, 8], [25, 8], [24, 8], [23, 9]]
[[28, 8], [27, 9], [26, 8], [25, 7], [24, 8], [23, 9]]
[[28, 8], [27, 9], [26, 10], [25, 9], [24, 9], [23, 9]]
[[28, 8], [27, 9], [26, 8], [25, 9], [24, 10], [23, 9]]
[[28, 8], [27, 9], [26, 10], [25, 10], [24, 10], [23, 9]]
[[28, 8], [27, 9], [26, 8], [25, 9], [24, 10], [23, 9]]
[[28, 8], [27, 9], [26, 10], [25, 11], [24, 10], [23, 9]]
[[28, 8], [27, 9], [26, 8], [25, 8], [24, 8], [23, 9]]
[[28, 8], [27, 7], [26, 7], [25, 8], [24, 9], [23, 9]]
[[28, 8], [27, 9], [26, 8], [25, 8], [24, 9], [23, 9]]
[[28, 8], [27, 9], [26, 10], [25, 9], [24, 9], [23, 9]]
[[28, 8], [27, 9], [26, 8], [25, 8], [24, 8], [23, 9]]
[[28, 8], [27, 9], [26, 8], [25, 9], [24, 10], [23, 9]]
[[28, 8], [27, 7], [27, 6], [26, 7], [26, 6], [25, 7], [24, 8], [25, 9], [24, 9], [23, 9]]
[[28, 8], [27, 7], [26, 7], [26, 6], [25, 6], [24, 6], [23, 6], [22, 7], [22, 8], [23, 9]]
[[28, 8], [29, 9], [28, 9], [29, 10], [29, 11], [28, 11], [27, 11], [26, 12], [26, 11], [27, 12], [27, 13], [28, 12], [29, 13], [28, 13], [28, 14], [28, 15], [27, 14], [26, 15], [25, 14], [25, 13], [25, 12], [25, 11], [24, 10], [25, 9], [26, 10], [27, 9], [26, 8], [25, 8], [24, 7], [25, 7], [26, 6], [27, 7], [28, 6], [28, 7], [27, 7], [27, 6], [26, 7], [25, 6], [24, 7], [23, 8], [24, 9], [23, 9]]
[[28, 8], [28, 7], [28, 6], [27, 6], [27, 7], [26, 8], [26, 7], [25, 7], [24, 6], [25, 6], [26, 5], [26, 6], [25, 5], [24, 5], [24, 4], [23, 4], [23, 3], [22, 2], [23, 2], [22, 3], [21, 3], [20, 3], [19, 2], [20, 2], [19, 1], [20, 1], [21, 1], [22, 0], [23, 0], [23, 1], [24, 0], [24, 1], [25, 1], [26, 1], [27, 2], [26, 3], [26, 4], [27, 5], [28, 5], [27, 4], [27, 3], [28, 3], [28, 2], [29, 1], [28, 0], [29, 0], [28, 1], [29, 2], [29, 3], [28, 4], [29, 5], [29, 6], [29, 7], [29, 8], [28, 9], [29, 9], [29, 10], [29, 11], [28, 12], [28, 13], [29, 13], [28, 14], [27, 14], [26, 15], [25, 15], [24, 16], [24, 17], [25, 18], [25, 19], [24, 18], [23, 19], [22, 19], [23, 18], [22, 18], [21, 19], [21, 18], [22, 17], [22, 16], [21, 15], [22, 15], [22, 14], [21, 13], [22, 12], [23, 11], [23, 10], [22, 9], [23, 9]]
