[[23, 12], [22, 11], [23, 10], [24, 9], [25, 8], [26, 7], [27, 6], [26, 5], [25, 4], [24, 3], [24, 2]]
[[23, 12], [24, 11], [25, 10], [26, 9], [26, 8], [26, 7], [26, 6], [27, 5], [26, 4], [25, 3], [24, 2]]
[[23, 12], [24, 11], [25, 10], [26, 9], [26, 8], [27, 7], [27, 6], [26, 5], [26, 4], [25, 3], [24, 2]]
[[23, 12], [22, 11], [23, 10], [24, 9], [25, 8], [26, 7], [26, 6], [25, 5], [25, 4], [25, 3], [24, 2]]
[[23, 12], [24, 11], [25, 10], [26, 9], [25, 8], [24, 7], [24, 6], [25, 5], [24, 4], [24, 3], [24, 2]]
[[23, 12], [24, 11], [23, 10], [22, 9], [23, 8], [23, 7], [23, 6], [22, 5], [23, 4], [23, 3], [24, 2]]
[[23, 12], [22, 11], [23, 10], [24, 9], [25, 8], [25, 7], [24, 6], [23, 5], [22, 4], [23, 3], [24, 2]]
[[23, 12], [23, 11], [24, 10], [25, 9], [26, 8], [26, 7], [25, 6], [26, 5], [25, 4], [24, 3], [24, 2]]
[[23, 12], [22, 11], [23, 10], [24, 9], [25, 8], [26, 7], [27, 6], [26, 5], [25, 4], [24, 3], [24, 2]]
[[23, 12], [23, 11], [24, 10], [25, 9], [25, 8], [24, 7], [23, 6], [24, 5], [24, 4], [25, 3], [24, 2]]
[[23, 12], [24, 11], [25, 10], [26, 9], [25, 8], [26, 7], [25, 6], [26, 5], [26, 4], [25, 3], [24, 2]]
[[23, 12], [23, 11], [24, 10], [24, 9], [25, 8], [26, 7], [25, 6], [25, 5], [24, 4], [23, 3], [24, 2]]
[[23, 12], [24, 11], [25, 10], [26, 9], [26, 8], [26, 7], [26, 6], [25, 5], [24, 4], [25, 3], [24, 2]]
[[23, 12], [24, 11], [24, 10], [25, 9], [25, 8], [26, 7], [26, 6], [25, 5], [25, 4], [25, 3], [24, 2]]
[[23, 12], [24, 11], [23, 10], [24, 9], [25, 8], [25, 7], [24, 6], [24, 5], [24, 4], [25, 3], [24, 2]]
[[23, 12], [22, 11], [23, 10], [24, 9], [25, 8], [25, 7], [24, 6], [24, 5], [23, 4], [24, 3], [24, 2]]
[[23, 12], [22, 11], [22, 10], [22, 9], [23, 8], [24, 7], [23, 6], [24, 5], [23, 4], [24, 3], [24, 2]]
[[23, 12], [24, 12], [25, 11], [25, 10], [26, 9], [25, 8], [25, 7], [24, 6], [25, 6], [24, 5], [25, 5], [25, 4], [25, 3], [24, 2]]
[[23, 12], [24, 12], [25, 11], [26, 12], [26, 11], [25, 10], [25, 9], [25, 8], [26, 7], [26, 6], [25, 5], [26, 4], [25, 3], [24, 2]]
[[23, 12], [24, 12], [24, 13], [25, 12], [26, 11], [27, 10], [26, 9], [27, 8], [26, 7], [26, 6], [25, 5], [25, 4], [24, 3], [23, 3], [24, 3], [24, 2]]
