[[10, 1], [9, 1], [8, 1], [7, 0], [6, 0], [5, 1]]
[[10, 1], [9, 1], [8, 1], [7, 2], [6, 2], [5, 1]]
[[10, 1], [9, 2], [8, 1], [7, 0], [6, 1], [5, 1]]
[[10, 1], [9, 1], [8, 1], [7, 0], [6, 0], [5, 1]]
[[10, 1], [9, 1], [8, 1], [7, 0], [6, 1], [5, 1]]
[[10, 1], [9, 2], [8, 1], [7, 0], [6, 0], [5, 1]]
[[10, 1], [9, 1], [8, 1], [7, 0], [6, 1], [5, 1]]
[[10, 1], [9, 1], [8, 1], [7, 0], [6, 1], [5, 1]]
[[10, 1], [9, 2], [8, 1], [7, 0], [6, 0], [5, 1]]
[[10, 1], [9, 2], [9, 1], [8, 0], [7, 0], [8, 0], [7, 0], [6, 1], [5, 2], [5, 1]]
[[10, 1], [9, 2], [8, 1], [9, 1], [8, 0], [7, 0], [6, 0], [5, 0], [4, 1], [3, 0], [3, 1], [3, 2], [4, 2], [5, 1]]
