[[18, 6], [19, 5], [20, 5], [21, 4], [22, 4], [23, 4]]
[[18, 6], [19, 7], [20, 6], [21, 6], [22, 5], [23, 4]]
[[18, 6], [19, 5], [20, 5], [21, 5], [22, 4], [23, 4]]
[[18, 6], [19, 5], [20, 5], [21, 4], [22, 4], [23, 4]]
[[18, 6], [19, 6], [20, 5], [21, 4], [22, 4], [23, 4]]
[[18, 6], [19, 5], [20, 5], [21, 6], [22, 5], [23, 4]]
[[18, 6], [19, 5], [20, 4], [21, 4], [22, 5], [23, 4]]
[[18, 6], [19, 5], [20, 4], [21, 5], [22, 4], [23, 4]]
[[18, 6], [19, 5], [20, 4], [21, 3], [22, 4], [23, 4]]
[[18, 6], [17, 6], [16, 5], [15, 4], [14, 5], [14, 6], [13, 7], [13, 6], [13, 5], [12, 5], [13, 4], [13, 3], [12, 3], [12, 2], [11, 1], [12, 1], [13, 1], [14, 1], [14, 2], [15, 3], [16, 2], [17, 1], [18, 0], [19, 0], [19, 1], [20, 0], [20, 1], [20, 2], [21, 2], [22, 1], [23, 2], [23, 1], [24, 0], [25, 1], [26, 2], [27, 1], [28, 0], [27, 0], [26, 0], [26, 1], [27, 2], [28, 2], [27, 3], [26, 3], [25, 2], [24, 3], [23, 4]]
[[18, 6], [17, 5], [17, 4], [18, 3], [17, 2], [16, 2], [17, 3], [16, 3], [15, 3], [14, 3], [14, 2], [15, 2], [14, 1], [13, 2], [12, 3], [11, 2], [12, 2], [11, 3], [10, 3], [9, 3], [8, 2], [8, 1], [9, 0], [10, 0], [9, 1], [8, 0], [7, 1], [6, 2], [5, 2], [6, 3], [6, 4], [5, 4], [4, 3], [3, 4], [3, 3], [3, 2], [4, 2], [5, 1], [6, 0], [7, 0], [6, 1], [5, 0], [4, 0], [4, 1], [3, 0], [2, 1], [1, 0], [0, 1], [0, 0], [1, 1], [0, 2], [1, 3], [2, 4], [3, 5], [4, 5], [5, 5], [6, 6], [7, 7], [7, 6], [6, 5], [7, 4], [8, 3], [7, 3], [8, 4], [9, 5], [10, 6], [11, 6], [12, 5], [12, 6], [13, 5], [13, 4], [14, 5], [14, 6], [15, 5], [16, 4], [15, 4], [16, 5], [17, 6], [16, 6], [15, 7], [15, 6], [16, 7], [16, 8], [16, 9], [17, 10], [18, 11], [18, 10], [17, 11], [18, 12], [19, 13], [20, 14], [19, 14], [19, 15], [20, 16], [20, 17], [21, 18], [22, 17], [23, 17], [23, 18], [22, 19], [21, 19], [20, 19], [19, 19], [18, 19], [17, 19], [17, 18], [16, 17], [16, 16], [17, 15], [18, 15], [17, 16], [18, 17], [17, 17], [18, 18], [19, 17], [19, 16], [20, 15], [21, 14], [22, 14], [23, 13], [23, 14], [24, 13], [25, 12], [24, 12], [25, 13], [25, 14], [26, 14], [26, 13], [27, 12], [26, 11], [25, 11], [26, 12], [27, 13], [27, 14], [28, 14], [29, 15], [29, 16], [28, 15], [29, 14], [28, 13], [29, 12], [29, 11], [29, 10], [28, 11], [27, 11], [26, 10], [26, 9], [25, 10], [24, 11], [23, 12], [22, 12], [22, 13], [21, 13], [21, 12], [22, 11], [23, 10], [24, 10], [24, 9], [25, 8], [24, 7], [25, 7], [26, 6], [27, 5], [27, 4], [27, 3], [27, 2], [26, 3], [25, 2], [24, 3], [23, 4]]
