[[28, 6], [27, 5], [26, 6], [25, 5], [24, 5], [23, 4], [22, 3], [21, 2], [20, 1], [19, 2], [18, 1], [17, 2], [16, 1], [15, 1], [14, 0], [13, 0], [12, 1], [11, 2], [10, 1], [9, 2], [8, 2]]
[[28, 6], [27, 5], [26, 5], [25, 5], [24, 4], [23, 3], [22, 2], [21, 2], [20, 1], [19, 1], [18, 1], [17, 2], [16, 1], [15, 0], [14, 0], [13, 0], [12, 1], [11, 1], [10, 1], [9, 1], [8, 2]]
[[28, 6], [27, 5], [26, 5], [25, 5], [24, 4], [23, 3], [22, 2], [21, 2], [20, 1], [19, 1], [18, 1], [17, 0], [16, 0], [15, 0], [14, 0], [13, 0], [12, 1], [11, 0], [10, 0], [9, 1], [8, 2]]
[[28, 6], [27, 7], [26, 6], [25, 5], [24, 4], [23, 3], [22, 3], [21, 2], [20, 1], [19, 1], [18, 1], [17, 0], [16, 0], [15, 1], [14, 0], [13, 1], [12, 2], [11, 1], [10, 1], [9, 2], [8, 2]]
[[28, 6], [27, 5], [26, 4], [25, 4], [24, 4], [23, 3], [22, 2], [21, 1], [20, 1], [19, 1], [18, 1], [17, 2], [16, 1], [15, 0], [14, 0], [13, 0], [12, 0], [11, 0], [10, 1], [9, 2], [8, 2]]
[[28, 6], [27, 5], [26, 5], [25, 5], [24, 4], [23, 3], [22, 3], [21, 2], [20, 1], [19, 2], [18, 1], [17, 0], [16, 1], [15, 2], [14, 1], [13, 0], [12, 0], [11, 1], [10, 1], [9, 1], [8, 2]]
[[28, 6], [27, 5], [26, 6], [25, 5], [24, 5], [23, 4], [22, 3], [21, 2], [20, 1], [19, 2], [18, 1], [17, 2], [16, 1], [15, 1], [14, 0], [13, 0], [12, 1], [11, 2], [10, 1], [9, 2], [8, 2]]
[[28, 6], [27, 7], [26, 6], [25, 5], [24, 4], [23, 4], [22, 3], [21, 2], [20, 1], [19, 1], [18, 1], [17, 0], [16, 0], [15, 1], [14, 1], [13, 1], [12, 2], [11, 1], [10, 1], [9, 1], [8, 2]]
[[28, 6], [27, 7], [26, 6], [25, 5], [24, 4], [23, 3], [22, 2], [21, 1], [20, 1], [19, 1], [18, 1], [17, 0], [16, 1], [15, 0], [14, 0], [13, 0], [12, 0], [11, 1], [10, 1], [9, 2], [8, 2]]
[[28, 6], [27, 5], [26, 5], [25, 5], [24, 4], [23, 4], [22, 3], [21, 2], [20, 1], [19, 2], [18, 1], [17, 2], [16, 1], [15, 1], [14, 1], [13, 1], [12, 0], [11, 0], [10, 0], [9, 1], [8, 2]]
[[28, 6], [27, 5], [26, 4], [25, 3], [24, 4], [23, 3], [22, 2], [21, 1], [20, 1], [19, 1], [18, 1], [17, 2], [16, 1], [15, 2], [14, 2], [13, 1], [12, 0], [11, 1], [10, 1], [9, 1], [8, 2]]
[[28, 6], [27, 5], [26, 4], [25, 3], [24, 4], [23, 3], [22, 2], [21, 3], [20, 3], [19, 2], [18, 3], [17, 2], [16, 1], [15, 0], [14, 1], [13, 2], [12, 2], [11, 1], [10, 0], [9, 1], [8, 2]]
[[28, 6], [27, 5], [26, 4], [25, 3], [24, 4], [23, 3], [22, 3], [21, 3], [20, 3], [19, 2], [18, 2], [17, 2], [16, 3], [15, 3], [14, 2], [13, 2], [12, 1], [11, 1], [10, 1], [9, 1], [8, 2]]
[[28, 6], [27, 7], [26, 6], [25, 5], [24, 4], [23, 3], [22, 3], [21, 2], [20, 3], [19, 2], [18, 1], [17, 0], [16, 0], [15, 1], [14, 0], [13, 1], [12, 2], [11, 2], [10, 1], [9, 1], [8, 2]]
[[28, 6], [27, 7], [26, 6], [25, 5], [24, 5], [23, 4], [22, 3], [21, 2], [20, 1], [19, 0], [18, 1], [17, 2], [16, 1], [15, 2], [14, 1], [13, 1], [12, 2], [11, 1], [10, 1], [9, 1], [8, 2]]
[[28, 6], [27, 5], [26, 5], [25, 4], [24, 4], [23, 3], [22, 2], [21, 1], [20, 1], [19, 1], [18, 2], [17, 2], [16, 1], [15, 0], [14, 0], [13, 1], [12, 1], [11, 2], [10, 1], [9, 2], [8, 2]]
[[28, 6], [28, 5], [27, 5], [26, 4], [25, 4], [25, 5], [24, 4], [23, 3], [22, 3], [21, 2], [20, 1], [19, 1], [19, 0], [18, 0], [17, 0], [16, 1], [15, 1], [14, 2], [13, 2], [12, 1], [11, 2], [10, 1], [9, 1], [8, 2]]
[[28, 6], [28, 5], [27, 5], [27, 4], [26, 5], [25, 4], [24, 4], [23, 4], [22, 3], [21, 2], [20, 1], [19, 1], [19, 0], [18, 1], [17, 0], [16, 0], [16, 1], [15, 1], [14, 0], [13, 1], [12, 0], [12, 1], [11, 1], [10, 1], [9, 2], [8, 2]]
[[28, 6], [28, 5], [27, 4], [26, 4], [25, 4], [24, 5], [23, 4], [22, 3], [21, 3], [21, 2], [20, 1], [19, 1], [18, 2], [18, 1], [17, 0], [16, 1], [15, 0], [14, 1], [13, 2], [12, 1], [11, 2], [10, 1], [9, 1], [9, 2], [9, 1], [8, 2]]
[[28, 6], [27, 5], [26, 6], [25, 6], [24, 6], [23, 5], [23, 4], [23, 3], [22, 2], [21, 1], [20, 1], [19, 2], [18, 2], [18, 1], [17, 2], [16, 1], [15, 2], [14, 1], [13, 1], [13, 0], [12, 1], [11, 0], [10, 1], [9, 2], [10, 1], [9, 1], [9, 2], [8, 2]]
