[[5, 6], [4, 6], [3, 5], [2, 5], [1, 4]]
[[5, 6], [4, 5], [3, 5], [2, 5], [1, 4]]
[[5, 6], [4, 7], [3, 6], [2, 5], [1, 4]]
[[5, 6], [4, 5], [3, 4], [2, 3], [1, 4]]
[[5, 6], [4, 6], [3, 5], [2, 5], [1, 4]]
[[5, 6], [4, 5], [3, 4], [2, 5], [1, 4]]
[[5, 6], [4, 7], [3, 6], [2, 5], [1, 4]]
[[5, 6], [4, 5], [3, 6], [2, 5], [1, 4]]
[[5, 6], [4, 7], [3, 6], [2, 5], [1, 4]]
[[5, 6], [4, 6], [3, 5], [2, 5], [1, 4]]
[[5, 6], [4, 7], [3, 6], [2, 5], [1, 4]]
[[5, 6], [4, 7], [3, 6], [2, 5], [1, 5], [1, 4]]
[[5, 6], [4, 7], [3, 6], [4, 7], [3, 8], [2, 8], [1, 7], [0, 6], [0, 5], [1, 4]]
[[5, 6], [4, 6], [3, 7], [4, 8], [5, 9], [6, 8], [5, 7], [4, 6], [3, 6], [2, 6], [2, 5], [1, 4]]
