[[23, 19], [22, 18], [21, 17], [20, 16], [19, 15], [18, 14], [17, 13], [16, 12], [15, 11], [15, 10], [14, 9], [13, 8], [12, 7], [11, 6]]
[[23, 19], [22, 18], [21, 17], [20, 16], [19, 15], [18, 14], [17, 13], [16, 12], [15, 11], [14, 10], [14, 9], [13, 8], [12, 7], [11, 6]]
[[23, 19], [22, 18], [21, 17], [20, 16], [19, 15], [18, 14], [17, 13], [16, 12], [15, 11], [14, 10], [14, 9], [13, 8], [12, 7], [11, 6]]
[[23, 19], [22, 18], [21, 17], [20, 16], [19, 15], [18, 14], [17, 13], [16, 12], [16, 11], [15, 10], [14, 9], [13, 8], [12, 7], [11, 6]]
[[23, 19], [22, 18], [21, 17], [20, 16], [19, 15], [18, 14], [17, 13], [16, 12], [15, 11], [15, 10], [14, 9], [13, 8], [12, 7], [11, 6]]
[[23, 19], [22, 18], [21, 17], [20, 16], [19, 15], [18, 14], [17, 13], [16, 12], [15, 11], [14, 10], [14, 9], [13, 8], [12, 7], [11, 6]]
[[23, 19], [22, 18], [21, 17], [20, 16], [19, 15], [18, 14], [17, 13], [16, 12], [15, 11], [15, 10], [14, 9], [13, 8], [12, 7], [11, 6]]
[[23, 19], [22, 18], [21, 17], [20, 16], [19, 16], [18, 15], [17, 14], [17, 13], [16, 12], [16, 11], [15, 10], [14, 9], [13, 8], [12, 7], [11, 6]]
[[23, 19], [22, 18], [21, 18], [20, 17], [19, 16], [18, 15], [17, 14], [17, 13], [17, 12], [16, 11], [15, 10], [14, 9], [13, 8], [12, 7], [11, 6]]
[[23, 19], [22, 18], [21, 17], [20, 16], [19, 16], [18, 15], [17, 14], [17, 13], [16, 12], [16, 11], [15, 10], [14, 9], [13, 8], [12, 7], [11, 6]]
[[23, 19], [22, 18], [22, 17], [21, 17], [20, 16], [19, 15], [18, 14], [17, 14], [16, 13], [15, 12], [14, 11], [13, 10], [14, 9], [13, 8], [12, 7], [11, 6]]
[[23, 19], [22, 18], [21, 17], [20, 16], [20, 15], [19, 16], [19, 15], [18, 14], [17, 13], [16, 12], [15, 11], [15, 10], [14, 9], [13, 8], [12, 7], [11, 6]]
[[23, 19], [22, 19], [21, 18], [20, 17], [19, 16], [18, 15], [17, 15], [16, 14], [15, 13], [15, 12], [16, 11], [15, 10], [14, 9], [13, 8], [12, 7], [11, 6]]
[[23, 19], [22, 19], [21, 18], [20, 17], [19, 16], [19, 15], [18, 14], [17, 13], [16, 12], [15, 12], [15, 11], [14, 10], [14, 9], [13, 8], [12, 7], [11, 6]]
[[23, 19], [22, 18], [21, 17], [20, 16], [19, 16], [18, 15], [17, 14], [16, 13], [15, 12], [14, 12], [14, 11], [15, 10], [14, 9], [13, 8], [12, 7], [11, 6]]
[[23, 19], [22, 19], [21, 18], [21, 17], [20, 16], [19, 15], [18, 14], [17, 13], [16, 13], [15, 12], [15, 11], [15, 10], [14, 9], [13, 8], [12, 7], [11, 6]]
[[23, 19], [22, 19], [21, 19], [21, 18], [20, 17], [19, 16], [18, 15], [17, 14], [17, 13], [16, 13], [15, 12], [16, 11], [15, 10], [14, 9], [13, 8], [12, 7], [11, 6]]
[[23, 19], [22, 19], [21, 19], [21, 18], [20, 17], [19, 16], [18, 16], [17, 15], [17, 14], [16, 13], [15, 12], [15, 11], [14, 10], [14, 9], [13, 8], [12, 7], [11, 6]]
[[23, 19], [23, 18], [22, 18], [21, 19], [20, 18], [19, 17], [18, 16], [17, 15], [16, 14], [15, 13], [15, 12], [14, 11], [13, 10], [14, 9], [13, 8], [12, 7], [11, 6]]
[[23, 19], [22, 18], [21, 19], [20, 18], [20, 17], [19, 16], [18, 16], [19, 15], [18, 14], [17, 15], [16, 14], [15, 13], [16, 12], [16, 11], [15, 10], [15, 9], [14, 8], [13, 8], [12, 7], [11, 6]]
