[[10, 8], [9, 7], [8, 6], [9, 5], [10, 4], [9, 3], [8, 2], [7, 1]]
[[10, 8], [9, 7], [8, 6], [9, 5], [10, 4], [9, 3], [8, 2], [7, 1]]
[[10, 8], [9, 7], [9, 6], [9, 5], [10, 4], [9, 3], [8, 2], [7, 1]]
[[10, 8], [9, 7], [9, 6], [9, 5], [9, 4], [9, 3], [8, 2], [7, 1]]
[[10, 8], [9, 7], [8, 6], [9, 5], [10, 4], [9, 3], [8, 2], [7, 1]]
[[10, 8], [9, 7], [9, 6], [10, 5], [9, 4], [8, 3], [7, 2], [7, 1]]
[[10, 8], [9, 7], [9, 6], [10, 5], [9, 4], [8, 3], [7, 2], [7, 1]]
[[10, 8], [10, 7], [9, 6], [10, 5], [9, 4], [9, 3], [8, 2], [7, 1]]
[[10, 8], [9, 7], [9, 6], [10, 5], [9, 4], [8, 3], [7, 2], [7, 1]]
[[10, 8], [9, 7], [8, 6], [9, 5], [9, 4], [8, 3], [8, 2], [7, 1]]
[[10, 8], [9, 7], [9, 6], [10, 5], [9, 4], [9, 3], [8, 2], [7, 1]]
[[10, 8], [9, 7], [8, 6], [9, 5], [10, 4], [9, 3], [8, 2], [7, 1]]
[[10, 8], [10, 7], [9, 6], [10, 5], [10, 4], [9, 4], [8, 3], [8, 2], [7, 1]]
[[10, 8], [9, 7], [8, 6], [8, 5], [7, 6], [7, 5], [6, 4], [7, 3], [6, 2], [7, 2], [7, 1]]
[[10, 8], [9, 7], [8, 8], [8, 7], [9, 8], [9, 7], [8, 8], [7, 8], [8, 7], [9, 6], [9, 5], [9, 4], [8, 3], [7, 2], [7, 1]]
[[10, 8], [11, 8], [12, 8], [13, 9], [14, 8], [15, 8], [14, 7], [14, 8], [13, 9], [12, 9], [11, 8], [10, 8], [11, 7], [12, 6], [13, 6], [12, 5], [12, 4], [13, 5], [12, 6], [12, 5], [11, 6], [10, 7], [9, 6], [8, 7], [9, 8], [8, 9], [8, 10], [7, 10], [8, 11], [7, 12], [8, 12], [8, 11], [9, 11], [10, 10], [10, 11], [11, 12], [11, 11], [11, 10], [12, 11], [12, 12], [13, 11], [13, 12], [14, 11], [14, 10], [15, 10], [16, 10], [17, 9], [18, 10], [17, 9], [18, 8], [17, 7], [18, 7], [18, 8], [17, 8], [16, 8], [17, 8], [18, 9], [19, 10], [19, 11], [19, 10], [18, 9], [18, 8], [19, 8], [20, 8], [21, 9], [22, 10], [23, 9], [24, 8], [25, 7], [25, 8], [24, 8], [25, 7], [25, 8], [26, 7], [25, 8], [26, 8], [25, 9], [24, 9], [23, 10], [22, 10], [21, 10], [20, 11], [19, 11], [18, 12], [19, 12], [19, 13], [20, 14], [19, 15], [18, 16], [19, 17], [20, 16], [21, 17], [20, 17], [21, 16], [21, 15], [21, 16], [21, 17], [22, 17], [23, 17], [24, 16], [23, 17], [22, 17], [21, 18], [22, 18], [21, 19], [21, 18], [22, 18], [23, 19], [24, 18], [25, 18], [24, 19], [25, 19], [26, 18], [27, 17], [27, 18], [28, 18], [28, 17], [29, 16], [28, 16], [28, 15], [28, 14], [29, 14], [29, 13], [28, 14], [28, 15], [27, 16], [26, 16], [25, 17], [24, 17], [25, 17], [26, 16], [26, 15], [25, 14], [24, 13], [25, 13], [26, 13], [25, 14], [26, 14], [25, 14], [24, 15], [23, 15], [24, 15], [23, 14], [23, 13], [24, 12], [25, 11], [25, 10], [24, 11], [25, 10], [26, 9], [26, 8], [26, 7], [27, 6], [27, 5], [28, 6], [28, 7], [29, 7], [28, 8], [29, 8], [29, 7], [29, 6], [28, 5], [27, 4], [26, 5], [25, 4], [24, 5], [25, 6], [25, 5], [25, 4], [26, 4], [25, 3], [25, 2], [25, 1], [24, 1], [23, 1], [24, 0], [23, 1], [22, 2], [21, 2], [20, 1], [19, 2], [20, 3], [19, 2], [18, 2], [19, 1], [20, 1], [20, 0], [19, 0], [18, 1], [19, 1], [19, 2], [18, 1], [17, 1], [17, 0], [16, 1], [15, 0], [14, 0], [14, 1], [13, 2], [14, 2], [15, 1], [16, 2], [15, 1], [14, 0], [13, 1], [12, 2], [11, 1], [10, 2], [9, 2], [9, 1], [8, 2], [9, 1], [9, 0], [8, 1], [7, 0], [7, 1]]
