[[20, 9], [19, 8], [18, 7], [17, 6], [16, 6], [15, 5], [14, 4]]
[[20, 9], [19, 8], [18, 7], [17, 7], [16, 6], [15, 5], [14, 4]]
[[20, 9], [19, 8], [18, 7], [17, 7], [16, 6], [15, 5], [14, 4]]
[[20, 9], [19, 8], [18, 7], [17, 6], [16, 5], [15, 4], [14, 4]]
[[20, 9], [19, 8], [18, 7], [17, 6], [16, 6], [15, 5], [14, 4]]
[[20, 9], [19, 8], [18, 8], [17, 7], [16, 6], [15, 5], [14, 4]]
[[20, 9], [19, 9], [18, 8], [17, 7], [16, 6], [15, 5], [14, 4]]
[[20, 9], [19, 8], [18, 7], [17, 7], [16, 6], [15, 5], [14, 4]]
[[20, 9], [19, 8], [18, 8], [17, 7], [16, 6], [15, 5], [14, 4]]
[[20, 9], [19, 8], [18, 7], [17, 6], [16, 5], [15, 4], [14, 4]]
[[20, 9], [19, 8], [18, 7], [17, 6], [16, 5], [15, 5], [14, 4]]
[[20, 9], [19, 8], [18, 7], [17, 7], [16, 6], [15, 5], [14, 4]]
[[20, 9], [19, 8], [18, 7], [17, 6], [16, 6], [15, 5], [14, 4]]
[[20, 9], [19, 8], [18, 7], [17, 6], [16, 5], [15, 5], [14, 4]]
[[20, 9], [19, 8], [18, 8], [17, 7], [16, 6], [15, 5], [14, 4]]
[[20, 9], [19, 8], [18, 7], [17, 6], [17, 5], [16, 6], [16, 5], [15, 5], [14, 4]]
[[20, 9], [19, 8], [18, 9], [19, 9], [18, 8], [17, 7], [16, 7], [16, 6], [15, 7], [16, 6], [15, 7], [15, 6], [15, 5], [14, 6], [15, 5], [14, 4]]
[[20, 9], [19, 10], [18, 11], [18, 10], [17, 10], [18, 9], [19, 8], [20, 7], [19, 6], [18, 7], [17, 6], [17, 5], [17, 4], [16, 5], [15, 6], [15, 7], [16, 8], [15, 9], [14, 10], [13, 11], [13, 10], [12, 9], [12, 8], [13, 7], [14, 8], [15, 8], [16, 9], [17, 8], [16, 7], [17, 7], [16, 6], [15, 5], [14, 6], [13, 5], [12, 4], [12, 5], [13, 6], [14, 5], [14, 4]]
