[[19, 12], [20, 11], [20, 10], [20, 9], [21, 8], [21, 7], [22, 6], [23, 5], [24, 4]]
[[19, 12], [18, 11], [19, 10], [19, 9], [20, 8], [21, 7], [22, 6], [23, 5], [24, 4]]
[[19, 12], [20, 11], [21, 10], [22, 9], [21, 8], [22, 7], [22, 6], [23, 5], [24, 4]]
[[19, 12], [20, 11], [20, 10], [20, 9], [21, 8], [21, 7], [22, 6], [23, 5], [24, 4]]
[[19, 12], [20, 11], [21, 10], [20, 9], [20, 8], [21, 7], [22, 6], [23, 5], [24, 4]]
[[19, 12], [18, 11], [19, 10], [20, 9], [21, 8], [22, 7], [22, 6], [23, 5], [24, 4]]
[[19, 12], [18, 11], [18, 10], [19, 9], [20, 8], [21, 7], [22, 6], [23, 5], [24, 4]]
[[19, 12], [20, 11], [19, 10], [19, 9], [20, 8], [21, 7], [22, 6], [23, 5], [24, 4]]
[[19, 12], [20, 11], [20, 10], [21, 9], [21, 8], [21, 7], [22, 6], [23, 5], [24, 4]]
[[19, 12], [18, 11], [19, 10], [20, 9], [21, 8], [21, 7], [22, 6], [23, 5], [24, 4]]
[[19, 12], [20, 11], [19, 10], [19, 9], [20, 8], [21, 7], [22, 6], [23, 5], [24, 4]]
[[19, 12], [18, 11], [19, 10], [20, 9], [21, 8], [21, 7], [22, 6], [23, 5], [24, 4]]
[[19, 12], [20, 11], [20, 10], [20, 9], [21, 8], [22, 7], [22, 6], [23, 5], [24, 4]]
[[19, 12], [20, 11], [21, 10], [20, 9], [21, 8], [21, 7], [22, 6], [23, 5], [24, 4]]
[[19, 12], [20, 11], [20, 10], [19, 9], [20, 8], [21, 7], [22, 6], [23, 5], [24, 4]]
[[19, 12], [20, 11], [20, 10], [21, 9], [21, 8], [22, 7], [21, 6], [22, 5], [23, 4], [24, 4]]
[[19, 12], [20, 11], [19, 10], [20, 9], [21, 8], [20, 7], [21, 6], [22, 5], [23, 4], [24, 4]]
[[19, 12], [20, 11], [21, 10], [20, 9], [19, 8], [20, 7], [20, 6], [21, 5], [22, 5], [23, 5], [24, 4]]
[[19, 12], [18, 11], [18, 10], [19, 9], [19, 8], [19, 7], [20, 6], [21, 5], [22, 4], [23, 3], [22, 4], [23, 4], [24, 4]]
[[19, 12], [20, 11], [19, 10], [19, 9], [20, 10], [21, 9], [21, 8], [21, 7], [22, 7], [21, 6], [22, 5], [23, 4], [24, 4]]
