[[25, 3], [24, 3], [23, 4], [22, 3], [21, 2], [20, 1], [19, 0], [18, 0], [17, 1], [16, 0], [15, 0], [14, 0], [13, 1], [12, 1], [11, 0], [10, 1], [9, 2], [8, 2], [7, 1]]
[[25, 3], [24, 3], [23, 2], [22, 2], [21, 2], [20, 1], [19, 0], [18, 1], [17, 2], [16, 1], [15, 0], [14, 1], [13, 2], [12, 1], [11, 0], [10, 0], [9, 1], [8, 2], [7, 1]]
[[25, 3], [24, 3], [23, 4], [22, 3], [21, 2], [20, 1], [19, 0], [18, 0], [17, 1], [16, 0], [15, 0], [14, 0], [13, 1], [12, 1], [11, 0], [10, 1], [9, 2], [8, 2], [7, 1]]
[[25, 3], [24, 3], [23, 3], [22, 2], [21, 1], [20, 1], [19, 0], [18, 0], [17, 1], [16, 1], [15, 0], [14, 0], [13, 1], [12, 1], [11, 1], [10, 0], [9, 1], [8, 0], [7, 1]]
[[25, 3], [24, 2], [23, 2], [22, 2], [21, 1], [20, 0], [19, 1], [18, 1], [17, 2], [16, 2], [15, 2], [14, 3], [13, 2], [12, 3], [11, 2], [10, 1], [9, 2], [8, 2], [7, 1]]
[[25, 3], [24, 3], [23, 2], [22, 2], [21, 2], [20, 1], [19, 1], [18, 1], [17, 1], [16, 1], [15, 2], [14, 1], [13, 2], [12, 2], [11, 2], [10, 3], [9, 3], [8, 2], [7, 1]]
[[25, 3], [24, 2], [23, 3], [22, 2], [21, 1], [20, 2], [19, 1], [18, 1], [17, 2], [16, 3], [15, 2], [14, 3], [13, 2], [12, 1], [11, 2], [10, 3], [9, 3], [8, 2], [7, 1]]
[[25, 3], [24, 2], [23, 2], [22, 2], [21, 2], [20, 2], [19, 2], [18, 1], [17, 2], [16, 1], [15, 0], [14, 0], [13, 1], [12, 0], [11, 1], [10, 0], [9, 1], [8, 0], [7, 1]]
[[25, 3], [24, 3], [23, 2], [22, 3], [21, 2], [20, 1], [19, 2], [18, 1], [17, 2], [16, 1], [15, 2], [14, 1], [13, 0], [12, 1], [11, 0], [10, 1], [9, 1], [8, 0], [7, 1]]
[[25, 3], [24, 2], [23, 1], [22, 0], [21, 1], [20, 0], [19, 1], [18, 1], [17, 0], [16, 1], [15, 0], [14, 1], [13, 0], [12, 1], [11, 2], [10, 1], [9, 1], [8, 2], [7, 1]]
[[25, 3], [24, 2], [23, 1], [22, 2], [21, 2], [20, 2], [19, 2], [18, 3], [17, 2], [16, 1], [15, 2], [14, 1], [13, 2], [12, 3], [11, 4], [10, 3], [9, 2], [8, 2], [7, 1]]
[[25, 3], [24, 2], [23, 1], [22, 0], [21, 0], [20, 1], [19, 0], [18, 1], [17, 2], [16, 1], [15, 0], [14, 0], [13, 0], [12, 1], [11, 2], [10, 3], [9, 3], [8, 2], [7, 1]]
[[25, 3], [24, 2], [23, 2], [22, 2], [21, 2], [20, 2], [19, 1], [18, 1], [17, 1], [16, 1], [15, 2], [14, 1], [13, 1], [12, 2], [11, 1], [10, 0], [9, 1], [8, 2], [7, 1]]
[[25, 3], [24, 4], [23, 4], [22, 3], [21, 2], [20, 1], [19, 2], [18, 1], [17, 0], [16, 0], [15, 0], [14, 1], [13, 1], [12, 1], [11, 0], [10, 0], [9, 1], [8, 2], [7, 1]]
[[25, 3], [24, 2], [23, 2], [22, 2], [21, 2], [20, 2], [19, 1], [18, 1], [17, 1], [17, 0], [16, 1], [15, 0], [14, 1], [13, 1], [12, 2], [11, 2], [10, 1], [9, 1], [8, 2], [7, 1]]
[[25, 3], [24, 2], [23, 3], [22, 2], [21, 1], [21, 2], [20, 2], [19, 2], [18, 1], [17, 0], [16, 1], [15, 0], [14, 0], [13, 1], [12, 0], [11, 1], [10, 1], [9, 1], [8, 2], [7, 1]]
[[25, 3], [24, 2], [23, 1], [22, 2], [21, 2], [20, 2], [19, 1], [18, 1], [17, 2], [17, 1], [16, 0], [15, 0], [14, 1], [13, 0], [12, 0], [11, 1], [10, 0], [9, 1], [8, 2], [7, 1]]
[[25, 3], [24, 3], [23, 2], [22, 2], [21, 3], [20, 2], [19, 2], [18, 1], [17, 0], [17, 1], [16, 2], [16, 1], [15, 0], [14, 0], [13, 0], [12, 1], [11, 0], [10, 1], [9, 0], [8, 0], [7, 1]]
[[25, 3], [24, 2], [23, 2], [22, 2], [22, 1], [21, 1], [20, 1], [19, 0], [18, 0], [17, 1], [16, 2], [15, 2], [14, 1], [13, 1], [12, 1], [11, 1], [10, 1], [9, 1], [8, 0], [7, 0], [7, 1]]
[[25, 3], [24, 2], [23, 2], [22, 1], [21, 2], [20, 2], [19, 2], [18, 1], [17, 1], [17, 0], [16, 1], [16, 2], [15, 2], [14, 1], [13, 0], [12, 1], [11, 1], [10, 0], [9, 1], [8, 0], [7, 1]]
