[[11, 8], [12, 9], [13, 10], [14, 11], [15, 12], [16, 12], [17, 13], [18, 13], [19, 14], [20, 15], [21, 16], [22, 17], [23, 17], [24, 17], [25, 16], [26, 16], [27, 16]]
[[11, 8], [12, 9], [13, 8], [14, 9], [15, 10], [16, 11], [17, 12], [18, 13], [19, 14], [20, 15], [21, 16], [22, 17], [23, 17], [24, 16], [25, 17], [26, 16], [27, 16]]
[[11, 8], [12, 9], [13, 10], [14, 11], [15, 12], [16, 12], [17, 13], [18, 13], [19, 14], [20, 15], [21, 16], [22, 17], [23, 17], [24, 17], [25, 16], [26, 16], [27, 16]]
[[11, 8], [12, 9], [13, 10], [14, 11], [15, 10], [16, 11], [17, 12], [18, 13], [19, 14], [20, 15], [21, 15], [22, 16], [23, 17], [24, 18], [25, 17], [26, 16], [27, 16]]
[[11, 8], [12, 9], [13, 10], [14, 9], [15, 10], [16, 11], [17, 12], [18, 13], [19, 14], [20, 15], [21, 15], [22, 16], [23, 17], [24, 17], [25, 17], [26, 17], [27, 16]]
[[11, 8], [12, 9], [13, 10], [14, 10], [15, 10], [16, 11], [17, 12], [18, 13], [19, 14], [20, 15], [21, 16], [22, 17], [23, 18], [24, 18], [25, 17], [26, 16], [27, 16]]
[[11, 8], [12, 9], [13, 10], [14, 11], [15, 12], [16, 12], [17, 13], [18, 14], [19, 14], [20, 15], [21, 16], [22, 17], [23, 17], [24, 17], [25, 17], [26, 16], [27, 16]]
[[11, 8], [12, 8], [13, 9], [14, 9], [15, 10], [16, 11], [17, 12], [18, 13], [19, 14], [20, 15], [21, 16], [22, 17], [23, 18], [24, 18], [25, 17], [26, 17], [27, 16]]
[[11, 8], [12, 9], [13, 9], [14, 9], [15, 10], [16, 11], [17, 12], [18, 13], [19, 14], [20, 15], [21, 15], [22, 16], [23, 17], [24, 17], [25, 17], [26, 17], [27, 16]]
[[11, 8], [12, 9], [13, 9], [14, 9], [15, 10], [16, 11], [17, 12], [18, 13], [19, 14], [20, 15], [21, 16], [22, 16], [23, 17], [24, 17], [25, 16], [26, 17], [27, 16]]
[[11, 8], [12, 9], [13, 10], [14, 9], [15, 10], [16, 11], [17, 12], [18, 13], [19, 14], [20, 14], [21, 15], [22, 16], [23, 17], [24, 18], [25, 17], [26, 16], [27, 16]]
[[11, 8], [12, 9], [13, 10], [14, 9], [15, 10], [16, 11], [17, 12], [18, 13], [19, 14], [20, 14], [21, 15], [22, 16], [23, 17], [24, 17], [25, 17], [26, 16], [27, 16]]
[[11, 8], [12, 9], [13, 10], [14, 11], [15, 12], [16, 11], [17, 12], [18, 13], [19, 14], [20, 14], [21, 15], [22, 16], [23, 17], [24, 17], [25, 18], [26, 17], [27, 16]]
[[11, 8], [12, 9], [13, 9], [14, 10], [15, 10], [16, 11], [17, 12], [18, 13], [19, 14], [20, 14], [21, 15], [22, 16], [23, 17], [24, 16], [25, 15], [26, 15], [27, 16]]
[[11, 8], [12, 9], [13, 10], [14, 11], [15, 10], [16, 11], [17, 12], [18, 13], [18, 14], [19, 14], [20, 15], [21, 16], [22, 17], [23, 17], [24, 17], [25, 17], [26, 17], [27, 16]]
[[11, 8], [12, 9], [13, 10], [14, 10], [14, 11], [15, 12], [16, 12], [17, 13], [18, 14], [19, 14], [20, 15], [21, 16], [22, 16], [23, 17], [24, 17], [25, 16], [26, 17], [27, 16]]
[[11, 8], [12, 9], [13, 10], [14, 10], [14, 11], [15, 12], [16, 12], [17, 13], [18, 14], [19, 14], [20, 14], [21, 15], [22, 16], [23, 17], [24, 17], [25, 16], [26, 17], [27, 16]]
[[11, 8], [12, 9], [13, 10], [14, 11], [15, 10], [16, 11], [17, 12], [17, 13], [18, 13], [19, 14], [20, 14], [21, 15], [22, 16], [23, 17], [24, 18], [25, 17], [26, 16], [27, 16]]
[[11, 8], [12, 9], [13, 10], [14, 11], [14, 12], [15, 12], [16, 12], [17, 13], [18, 13], [19, 14], [20, 15], [21, 15], [22, 16], [23, 17], [24, 18], [25, 18], [26, 17], [27, 16]]
[[11, 8], [12, 9], [13, 10], [13, 11], [14, 12], [15, 13], [16, 12], [17, 12], [17, 13], [18, 13], [19, 14], [20, 14], [21, 15], [22, 16], [23, 17], [24, 16], [25, 15], [26, 15], [27, 16]]
