[[12, 15], [12, 14], [13, 13], [14, 12], [15, 11], [16, 11], [17, 10], [18, 10], [19, 9], [20, 9], [21, 8], [22, 7], [23, 6], [24, 6], [25, 5]]
[[12, 15], [12, 14], [13, 13], [14, 13], [15, 12], [16, 12], [17, 11], [18, 11], [19, 10], [20, 10], [21, 9], [22, 8], [23, 7], [24, 6], [25, 5]]
[[12, 15], [12, 14], [13, 13], [14, 12], [15, 11], [16, 11], [17, 10], [18, 10], [19, 9], [20, 9], [21, 8], [22, 7], [23, 6], [24, 6], [25, 5]]
[[12, 15], [12, 14], [13, 13], [14, 13], [15, 12], [16, 12], [17, 11], [18, 11], [19, 10], [20, 10], [21, 9], [22, 8], [23, 7], [24, 6], [25, 5]]
[[12, 15], [12, 14], [13, 13], [14, 13], [15, 13], [16, 12], [17, 11], [18, 10], [19, 10], [20, 9], [21, 8], [22, 7], [23, 6], [24, 5], [25, 5]]
[[12, 15], [12, 14], [13, 13], [14, 12], [15, 12], [16, 11], [17, 11], [18, 12], [19, 11], [20, 10], [21, 9], [22, 8], [23, 7], [24, 6], [25, 5]]
[[12, 15], [12, 14], [13, 13], [14, 12], [15, 11], [16, 10], [17, 10], [18, 10], [19, 10], [20, 9], [21, 8], [22, 8], [23, 7], [24, 6], [25, 5]]
[[12, 15], [12, 14], [13, 13], [14, 13], [15, 12], [16, 11], [17, 10], [18, 11], [19, 10], [20, 9], [21, 8], [22, 7], [23, 6], [24, 5], [25, 5]]
[[12, 15], [12, 14], [13, 13], [14, 12], [15, 11], [16, 10], [17, 10], [18, 10], [19, 10], [20, 9], [21, 8], [22, 7], [23, 6], [24, 5], [25, 5]]
[[12, 15], [12, 14], [13, 13], [14, 14], [15, 14], [16, 13], [17, 13], [18, 12], [19, 11], [20, 10], [21, 9], [22, 8], [23, 7], [24, 6], [25, 5]]
[[12, 15], [12, 14], [13, 13], [14, 12], [15, 12], [16, 11], [17, 10], [18, 10], [19, 10], [20, 9], [21, 8], [22, 8], [23, 7], [24, 6], [25, 5]]
[[12, 15], [12, 14], [13, 13], [14, 12], [15, 12], [16, 11], [17, 11], [18, 10], [19, 9], [20, 9], [21, 8], [22, 8], [23, 7], [24, 6], [25, 5]]
[[12, 15], [13, 16], [14, 15], [14, 14], [15, 13], [16, 13], [17, 13], [18, 12], [19, 11], [20, 10], [21, 9], [22, 8], [23, 7], [24, 6], [25, 5]]
[[12, 15], [12, 14], [13, 13], [14, 12], [15, 13], [16, 12], [17, 11], [18, 11], [19, 10], [19, 9], [20, 9], [21, 8], [22, 7], [23, 7], [24, 6], [25, 5]]
[[12, 15], [12, 14], [13, 13], [13, 12], [14, 12], [15, 11], [16, 10], [17, 9], [18, 10], [19, 10], [20, 9], [21, 8], [22, 7], [23, 7], [24, 6], [25, 5]]
[[12, 15], [11, 14], [12, 13], [13, 12], [14, 12], [15, 11], [16, 11], [17, 11], [18, 10], [19, 9], [20, 9], [21, 8], [22, 7], [23, 6], [24, 6], [25, 5]]
[[12, 15], [12, 14], [12, 13], [13, 12], [14, 11], [15, 10], [16, 10], [17, 9], [18, 10], [19, 10], [20, 9], [21, 8], [22, 7], [23, 6], [24, 5], [25, 5]]
[[12, 15], [12, 14], [12, 13], [13, 12], [14, 11], [15, 10], [16, 11], [17, 10], [18, 11], [19, 10], [20, 9], [21, 8], [22, 8], [23, 7], [24, 6], [25, 5]]
[[12, 15], [13, 16], [13, 15], [14, 14], [15, 14], [16, 13], [16, 12], [17, 11], [18, 10], [19, 10], [20, 10], [21, 9], [22, 8], [23, 7], [24, 6], [25, 5]]
[[12, 15], [12, 14], [13, 13], [14, 12], [14, 11], [15, 11], [16, 10], [17, 11], [18, 12], [19, 11], [20, 10], [21, 10], [21, 9], [21, 8], [22, 8], [23, 7], [24, 6], [25, 5]]
