[[28, 18], [27, 17], [26, 16], [25, 15], [24, 15], [23, 15], [22, 14]]
[[28, 18], [27, 17], [26, 17], [25, 16], [24, 16], [23, 15], [22, 14]]
[[28, 18], [27, 17], [26, 16], [25, 15], [24, 15], [23, 15], [22, 14]]
[[28, 18], [27, 18], [26, 17], [25, 16], [24, 15], [23, 15], [22, 14]]
[[28, 18], [27, 17], [26, 16], [25, 15], [24, 15], [23, 15], [22, 14]]
[[28, 18], [27, 17], [26, 16], [25, 17], [24, 16], [23, 15], [22, 14]]
[[28, 18], [27, 17], [26, 16], [25, 15], [24, 16], [23, 15], [22, 14]]
[[28, 18], [27, 18], [26, 17], [25, 17], [24, 16], [23, 15], [22, 14]]
[[28, 18], [27, 17], [26, 17], [25, 16], [24, 16], [23, 15], [22, 14]]
[[28, 18], [27, 17], [26, 16], [25, 15], [24, 14], [23, 13], [22, 14]]
[[28, 18], [27, 17], [26, 17], [25, 16], [24, 16], [23, 15], [22, 14]]
[[28, 18], [27, 17], [26, 17], [25, 17], [24, 16], [23, 15], [22, 14]]
[[28, 18], [27, 17], [26, 17], [25, 16], [24, 15], [23, 15], [22, 14]]
[[28, 18], [27, 17], [26, 16], [25, 16], [24, 15], [23, 15], [22, 14]]
[[28, 18], [27, 18], [26, 17], [25, 18], [24, 17], [23, 16], [22, 15], [22, 14]]
[[28, 18], [27, 18], [26, 17], [26, 16], [25, 15], [24, 16], [23, 16], [22, 16], [23, 15], [22, 14]]
[[28, 18], [27, 18], [27, 17], [26, 16], [25, 15], [24, 16], [23, 17], [24, 16], [23, 15], [22, 14]]
[[28, 18], [28, 19], [27, 18], [26, 17], [26, 16], [25, 16], [24, 16], [23, 16], [23, 15], [22, 14]]
[[28, 18], [27, 17], [26, 16], [26, 15], [25, 14], [25, 13], [24, 14], [24, 13], [23, 13], [23, 12], [23, 13], [22, 14], [23, 13], [22, 14]]
[[28, 18], [27, 17], [27, 18], [26, 17], [25, 17], [24, 16], [23, 16], [22, 17], [21, 16], [20, 15], [21, 15], [22, 16], [22, 15], [22, 14]]
