[[14, 6], [15, 6], [16, 6], [17, 7], [18, 8], [19, 9], [20, 10], [21, 11], [22, 11], [23, 10], [24, 11], [25, 12], [26, 13], [27, 14], [28, 15], [29, 16]]
[[14, 6], [15, 6], [16, 7], [17, 8], [18, 9], [19, 10], [20, 9], [21, 9], [22, 10], [23, 11], [24, 11], [25, 12], [26, 13], [27, 14], [28, 15], [29, 16]]
[[14, 6], [15, 6], [16, 6], [17, 7], [18, 8], [19, 9], [20, 10], [21, 11], [22, 11], [23, 10], [24, 11], [25, 12], [26, 13], [27, 14], [28, 15], [29, 16]]
[[14, 6], [15, 5], [16, 6], [17, 7], [18, 8], [19, 9], [20, 10], [21, 10], [22, 11], [23, 11], [24, 12], [25, 13], [26, 14], [27, 15], [28, 16], [29, 16]]
[[14, 6], [15, 6], [16, 7], [17, 8], [18, 9], [19, 9], [20, 9], [21, 10], [22, 10], [23, 11], [24, 12], [25, 13], [26, 14], [27, 15], [28, 16], [29, 16]]
[[14, 6], [15, 5], [16, 6], [17, 6], [18, 7], [19, 7], [20, 8], [21, 9], [22, 10], [23, 11], [24, 12], [25, 12], [26, 13], [27, 14], [28, 15], [29, 16]]
[[14, 6], [15, 5], [16, 6], [17, 7], [18, 8], [19, 9], [20, 9], [21, 9], [22, 10], [23, 11], [24, 12], [25, 13], [26, 13], [27, 14], [28, 15], [29, 16]]
[[14, 6], [15, 5], [16, 6], [17, 7], [18, 8], [19, 9], [20, 10], [21, 10], [22, 11], [23, 11], [24, 12], [25, 13], [26, 14], [27, 15], [28, 15], [29, 16]]
[[14, 6], [15, 6], [16, 7], [17, 7], [18, 6], [19, 5], [20, 6], [21, 7], [22, 7], [23, 8], [23, 9], [24, 10], [24, 11], [25, 12], [26, 13], [27, 14], [28, 15], [29, 16]]
[[14, 6], [15, 5], [16, 6], [17, 6], [18, 6], [19, 6], [20, 7], [21, 8], [22, 7], [23, 8], [23, 9], [24, 10], [24, 11], [25, 12], [26, 13], [27, 14], [28, 15], [29, 16]]
[[14, 6], [15, 6], [16, 7], [17, 7], [18, 6], [19, 7], [20, 6], [21, 7], [22, 7], [23, 8], [24, 9], [24, 10], [24, 11], [25, 12], [26, 13], [27, 14], [28, 15], [29, 16]]
[[14, 6], [15, 5], [16, 6], [17, 7], [18, 6], [19, 5], [20, 6], [21, 7], [22, 7], [23, 8], [24, 9], [25, 10], [26, 11], [27, 12], [26, 13], [27, 14], [28, 15], [29, 16]]
[[14, 6], [15, 6], [16, 6], [17, 7], [18, 7], [19, 6], [20, 7], [21, 6], [22, 7], [23, 8], [23, 9], [23, 10], [24, 11], [25, 12], [26, 13], [27, 14], [28, 15], [29, 16]]
[[14, 6], [15, 6], [16, 7], [17, 6], [18, 7], [19, 6], [20, 7], [21, 6], [22, 7], [23, 8], [23, 9], [24, 10], [25, 11], [25, 12], [26, 13], [27, 14], [28, 15], [29, 16]]
[[14, 6], [15, 5], [16, 6], [17, 6], [18, 7], [19, 6], [20, 6], [21, 6], [22, 7], [23, 8], [23, 9], [24, 10], [25, 11], [25, 12], [26, 13], [27, 14], [28, 15], [29, 16]]
[[14, 6], [15, 5], [16, 6], [17, 6], [18, 7], [19, 7], [20, 7], [21, 6], [22, 7], [23, 8], [24, 8], [24, 9], [25, 10], [26, 11], [27, 12], [28, 13], [28, 14], [28, 15], [29, 16]]
[[14, 6], [15, 6], [16, 6], [17, 6], [18, 7], [19, 8], [20, 7], [21, 6], [22, 7], [23, 8], [23, 9], [23, 10], [24, 11], [25, 12], [25, 13], [26, 14], [27, 14], [28, 15], [29, 16]]
[[14, 6], [15, 6], [16, 7], [17, 6], [18, 6], [19, 6], [20, 7], [21, 6], [22, 7], [23, 8], [24, 9], [25, 10], [26, 11], [26, 10], [27, 11], [27, 12], [28, 13], [28, 14], [27, 14], [28, 15], [29, 16]]
[[14, 6], [15, 6], [16, 6], [17, 7], [18, 7], [19, 7], [18, 8], [19, 7], [20, 7], [21, 6], [21, 7], [22, 7], [23, 8], [23, 9], [24, 10], [25, 11], [25, 12], [26, 13], [27, 14], [28, 15], [29, 16]]
[[14, 6], [15, 6], [15, 5], [16, 6], [17, 5], [18, 6], [18, 7], [19, 7], [19, 6], [20, 7], [21, 6], [22, 6], [23, 7], [23, 8], [23, 9], [24, 10], [24, 11], [25, 11], [25, 12], [26, 13], [26, 14], [27, 15], [27, 16], [28, 16], [29, 17], [29, 16]]
