[[8, 18], [7, 19], [6, 18], [5, 17], [4, 18], [3, 18], [2, 18]]
[[8, 18], [7, 19], [6, 18], [5, 18], [4, 17], [3, 18], [2, 18]]
[[8, 18], [7, 19], [6, 18], [5, 17], [4, 18], [3, 18], [2, 18]]
[[8, 18], [7, 19], [6, 18], [5, 18], [4, 19], [3, 19], [2, 18]]
[[8, 18], [7, 19], [6, 18], [5, 17], [4, 18], [3, 17], [2, 18]]
[[8, 18], [7, 19], [6, 18], [5, 19], [4, 18], [3, 18], [2, 18]]
[[8, 18], [7, 17], [6, 18], [5, 17], [4, 17], [3, 18], [2, 18]]
[[8, 18], [7, 19], [6, 19], [5, 18], [4, 18], [3, 19], [2, 18]]
[[8, 18], [7, 17], [6, 18], [5, 17], [4, 18], [3, 17], [2, 18]]
[[8, 18], [8, 19], [7, 19], [6, 19], [6, 18], [5, 18], [5, 17], [5, 16], [4, 17], [3, 18], [2, 18]]
[[8, 18], [7, 19], [6, 18], [5, 17], [4, 16], [4, 15], [5, 14], [5, 13], [4, 12], [4, 11], [4, 12], [5, 11], [4, 11], [4, 12], [3, 13], [3, 14], [4, 15], [5, 16], [5, 17], [4, 17], [3, 17], [2, 18], [3, 17], [2, 18]]
[[8, 18], [8, 19], [7, 19], [6, 19], [6, 18], [7, 17], [6, 16], [5, 17], [4, 17], [5, 16], [4, 17], [5, 18], [5, 19], [4, 19], [3, 19], [3, 18], [2, 18], [3, 18], [4, 17], [5, 16], [4, 16], [3, 16], [4, 15], [4, 14], [5, 13], [4, 13], [4, 14], [4, 13], [5, 14], [6, 15], [7, 15], [7, 14], [8, 13], [7, 12], [6, 13], [7, 12], [8, 11], [7, 10], [6, 9], [7, 9], [7, 8], [6, 7], [6, 6], [5, 5], [6, 4], [7, 5], [6, 6], [7, 7], [8, 8], [9, 9], [10, 8], [10, 7], [11, 8], [12, 9], [13, 8], [14, 9], [13, 10], [12, 10], [11, 9], [10, 10], [10, 11], [11, 11], [11, 12], [12, 12], [12, 13], [13, 14], [14, 13], [15, 12], [15, 13], [14, 12], [13, 12], [12, 13], [13, 14], [14, 14], [14, 15], [15, 16], [16, 16], [15, 16], [15, 17], [14, 17], [14, 18], [13, 18], [12, 18], [11, 19], [10, 18], [9, 17], [9, 16], [10, 17], [9, 17], [8, 18], [7, 17], [6, 18], [7, 19], [6, 19], [5, 19], [6, 19], [5, 19], [4, 18], [4, 17], [3, 18], [2, 18]]
[[8, 18], [9, 17], [8, 17], [7, 16], [6, 16], [5, 16], [4, 16], [3, 15], [2, 14], [2, 13], [1, 12], [2, 11], [3, 10], [3, 11], [4, 11], [4, 10], [4, 9], [4, 8], [5, 8], [5, 9], [6, 8], [5, 7], [6, 7], [6, 6], [5, 6], [5, 5], [5, 4], [4, 5], [4, 6], [3, 5], [2, 5], [1, 5], [0, 4], [0, 3], [0, 2], [1, 1], [2, 1], [3, 2], [4, 3], [4, 4], [3, 4], [2, 3], [2, 2], [3, 1], [4, 0], [5, 0], [6, 1], [5, 1], [6, 2], [7, 1], [8, 0], [9, 0], [10, 0], [10, 1], [9, 1], [10, 2], [11, 3], [12, 2], [13, 3], [12, 3], [13, 2], [14, 2], [14, 3], [15, 2], [16, 2], [17, 3], [17, 2], [18, 3], [18, 4], [19, 3], [20, 3], [21, 4], [22, 3], [22, 4], [23, 3], [23, 2], [22, 2], [21, 3], [21, 2], [20, 2], [21, 1], [21, 0], [20, 1], [19, 0], [19, 1], [18, 1], [17, 1], [16, 1], [17, 0], [16, 0], [15, 0], [14, 0], [14, 1], [13, 0], [12, 0], [13, 1], [12, 1], [11, 0], [11, 1], [11, 2], [10, 3], [11, 4], [10, 4], [10, 5], [11, 5], [12, 6], [12, 7], [13, 7], [14, 7], [14, 8], [13, 9], [13, 8], [12, 9], [11, 8], [11, 9], [10, 9], [9, 9], [10, 10], [10, 11], [11, 10], [11, 11], [11, 12], [10, 13], [9, 12], [9, 13], [9, 14], [8, 13], [7, 12], [6, 13], [6, 12], [5, 11], [4, 12], [3, 12], [3, 13], [3, 14], [2, 15], [2, 16], [1, 16], [0, 15], [0, 14], [1, 13], [0, 13], [1, 14], [1, 15], [0, 16], [1, 17], [2, 17], [3, 18], [2, 19], [3, 19], [2, 18]]
