[[8, 19], [9, 18], [10, 17]]
[[8, 19], [9, 18], [10, 17]]
[[8, 19], [9, 18], [10, 17]]
[[8, 19], [9, 18], [10, 17]]
[[8, 19], [9, 18], [10, 17]]
[[8, 19], [9, 18], [10, 17]]
[[8, 19], [9, 18], [10, 17]]
[[8, 19], [9, 18], [10, 17]]
[[8, 19], [9, 18], [10, 17]]
[[8, 19], [9, 18], [10, 17]]
[[8, 19], [9, 18], [10, 17]]
[[8, 19], [9, 18], [10, 17]]
[[8, 19], [9, 18], [10, 17]]
[[8, 19], [7, 19], [8, 18], [9, 19], [9, 18], [10, 17]]
[[8, 19], [9, 19], [10, 19], [11, 18], [12, 18], [11, 18], [10, 17]]
