[[16, 13], [15, 14], [14, 15], [13, 14], [12, 13], [11, 14]]
[[16, 13], [15, 14], [14, 14], [13, 14], [12, 13], [11, 14]]
[[16, 13], [15, 14], [14, 14], [13, 15], [12, 14], [11, 14]]
[[16, 13], [15, 14], [14, 15], [13, 14], [12, 13], [11, 14]]
[[16, 13], [15, 13], [14, 14], [13, 14], [12, 13], [11, 14]]
[[16, 13], [15, 14], [14, 14], [13, 14], [12, 13], [11, 14]]
[[16, 13], [15, 13], [14, 12], [13, 12], [12, 13], [11, 14]]
[[16, 13], [15, 13], [14, 13], [13, 14], [12, 14], [11, 14]]
[[16, 13], [15, 14], [14, 13], [13, 14], [12, 15], [11, 14]]
[[16, 13], [15, 14], [14, 15], [13, 15], [12, 16], [13, 16], [12, 15], [11, 14]]
[[16, 13], [15, 12], [14, 13], [14, 14], [15, 15], [15, 14], [14, 15], [13, 16], [13, 15], [13, 14], [12, 15], [11, 15], [10, 15], [11, 14]]
[[16, 13], [15, 14], [16, 14], [17, 14], [18, 15], [17, 15], [18, 14], [18, 13], [19, 14], [19, 13], [20, 12], [19, 11], [19, 12], [18, 11], [19, 10], [20, 9], [21, 8], [22, 9], [22, 10], [21, 11], [21, 12], [20, 13], [21, 13], [20, 14], [20, 15], [21, 15], [21, 14], [22, 13], [23, 12], [24, 12], [25, 11], [25, 12], [26, 12], [25, 13], [24, 13], [25, 14], [24, 15], [23, 14], [23, 15], [24, 14], [23, 13], [22, 12], [23, 11], [24, 10], [24, 11], [25, 10], [24, 9], [25, 9], [25, 8], [25, 7], [26, 7], [25, 6], [24, 7], [24, 6], [23, 7], [22, 8], [21, 9], [20, 10], [19, 9], [18, 9], [17, 9], [17, 10], [16, 11], [15, 11], [14, 12], [14, 13], [14, 14], [13, 13], [13, 14], [12, 13], [13, 12], [12, 11], [11, 10], [11, 11], [10, 11], [10, 12], [9, 12], [9, 13], [8, 13], [7, 12], [6, 12], [5, 11], [4, 11], [3, 12], [4, 13], [5, 13], [4, 14], [3, 15], [4, 15], [5, 15], [4, 16], [5, 17], [5, 16], [4, 17], [3, 17], [2, 17], [1, 18], [1, 19], [0, 18], [0, 17], [1, 16], [0, 15], [0, 16], [1, 15], [0, 14], [1, 13], [2, 14], [3, 14], [2, 15], [1, 14], [2, 13], [3, 13], [2, 12], [3, 11], [3, 10], [2, 10], [1, 10], [1, 11], [0, 12], [1, 12], [0, 11], [0, 10], [0, 9], [1, 9], [2, 9], [2, 8], [3, 7], [4, 6], [4, 7], [5, 8], [6, 7], [6, 8], [5, 7], [6, 6], [6, 5], [5, 6], [4, 5], [4, 4], [3, 4], [2, 4], [2, 3], [1, 4], [1, 3], [1, 2], [0, 3], [0, 2], [0, 1], [0, 0], [1, 0], [1, 1], [2, 1], [3, 2], [4, 1], [5, 1], [6, 1], [7, 2], [6, 2], [7, 1], [8, 2], [8, 1], [9, 0], [10, 1], [10, 2], [9, 3], [8, 4], [7, 4], [6, 4], [7, 5], [7, 6], [8, 7], [9, 8], [9, 7], [8, 6], [7, 7], [8, 8], [7, 9], [7, 10], [8, 9], [7, 8], [6, 9], [6, 10], [7, 11], [8, 12], [9, 11], [8, 11], [9, 10], [10, 9], [10, 8], [11, 9], [12, 9], [13, 10], [13, 9], [14, 9], [14, 8], [15, 7], [15, 8], [14, 7], [14, 6], [15, 5], [15, 4], [16, 5], [17, 4], [18, 5], [17, 6], [17, 5], [16, 4], [17, 3], [16, 2], [15, 2], [16, 3], [17, 2], [18, 3], [19, 4], [20, 5], [21, 5], [22, 6], [21, 6], [21, 7], [20, 7], [19, 7], [18, 6], [19, 5], [20, 4], [21, 4], [22, 5], [23, 5], [23, 4], [22, 4], [21, 3], [20, 3], [21, 2], [20, 1], [21, 1], [22, 1], [23, 2], [24, 3], [25, 2], [24, 1], [25, 1], [26, 2], [27, 2], [28, 1], [28, 2], [29, 2], [29, 3], [28, 3], [27, 3], [27, 4], [28, 5], [28, 6], [27, 5], [27, 6], [28, 7], [29, 8], [29, 7], [28, 8], [29, 9], [28, 10], [27, 10], [26, 10], [26, 9], [27, 8], [27, 9], [28, 9], [29, 10], [28, 11], [29, 11], [28, 12], [28, 13], [27, 12], [27, 13], [26, 13], [26, 14], [27, 15], [28, 15], [29, 16], [28, 17], [29, 17], [28, 18], [29, 18], [29, 19], [28, 19], [27, 19], [26, 19], [25, 18], [26, 18], [25, 17], [25, 16], [24, 16], [24, 17], [23, 16], [22, 16], [23, 17], [22, 18], [23, 18], [22, 19], [21, 18], [20, 18], [21, 17], [20, 17], [19, 16], [20, 16], [19, 17], [18, 18], [17, 17], [17, 18], [16, 18], [16, 17], [15, 16], [14, 15], [13, 16], [14, 17], [15, 18], [14, 19], [14, 18], [13, 17], [13, 18], [12, 17], [12, 18], [11, 17], [11, 16], [11, 15], [10, 14], [11, 13], [12, 14], [13, 15], [12, 16], [13, 17], [13, 18], [12, 17], [11, 16], [11, 15], [10, 15], [11, 14]]
