[[10, 16], [11, 16], [12, 15], [13, 14], [14, 13], [15, 12], [16, 12], [17, 11], [18, 10]]
[[10, 16], [11, 16], [12, 15], [13, 15], [14, 14], [15, 13], [16, 12], [17, 11], [18, 10]]
[[10, 16], [11, 17], [12, 16], [13, 15], [14, 14], [15, 13], [16, 12], [17, 11], [18, 10]]
[[10, 16], [11, 16], [12, 15], [13, 14], [14, 13], [15, 13], [16, 12], [17, 11], [18, 10]]
[[10, 16], [11, 17], [12, 16], [13, 15], [14, 14], [15, 13], [16, 12], [17, 11], [18, 10]]
[[10, 16], [11, 16], [12, 15], [13, 14], [14, 13], [15, 12], [16, 12], [17, 11], [18, 10]]
[[10, 16], [11, 16], [12, 15], [13, 14], [14, 13], [15, 12], [16, 11], [17, 11], [18, 10]]
[[10, 16], [11, 16], [12, 15], [13, 14], [14, 13], [15, 12], [16, 11], [17, 11], [18, 10]]
[[10, 16], [11, 16], [12, 15], [13, 14], [14, 13], [15, 12], [16, 11], [17, 11], [18, 10]]
[[10, 16], [11, 17], [12, 16], [13, 15], [14, 14], [15, 13], [16, 12], [17, 11], [18, 10]]
[[10, 16], [11, 17], [12, 16], [13, 15], [14, 14], [15, 13], [16, 12], [17, 11], [18, 10]]
[[10, 16], [11, 17], [12, 16], [13, 15], [14, 14], [15, 13], [16, 12], [17, 11], [18, 10]]
[[10, 16], [11, 17], [12, 16], [13, 15], [14, 14], [15, 13], [16, 12], [17, 11], [18, 10]]
[[10, 16], [11, 16], [12, 17], [13, 16], [13, 15], [14, 14], [15, 13], [16, 12], [17, 11], [18, 10]]
[[10, 16], [11, 16], [12, 15], [11, 14], [12, 15], [13, 14], [13, 13], [14, 13], [15, 12], [16, 12], [17, 11], [18, 10]]
[[10, 16], [11, 16], [12, 15], [12, 16], [12, 15], [12, 14], [13, 14], [14, 14], [15, 13], [16, 12], [17, 11], [18, 10]]
[[10, 16], [11, 17], [12, 18], [11, 17], [12, 16], [12, 15], [13, 15], [14, 14], [15, 14], [14, 13], [15, 13], [16, 12], [17, 11], [18, 10]]
[[10, 16], [11, 17], [12, 16], [13, 16], [14, 15], [14, 14], [15, 15], [15, 14], [16, 15], [17, 14], [17, 13], [18, 14], [19, 13], [18, 12], [17, 11], [18, 10]]
[[10, 16], [10, 17], [11, 17], [12, 17], [13, 16], [14, 16], [13, 15], [13, 14], [14, 14], [14, 13], [15, 12], [16, 12], [17, 12], [18, 12], [17, 12], [18, 11], [17, 10], [16, 9], [17, 10], [18, 10]]
[[10, 16], [10, 17], [11, 18], [12, 18], [12, 17], [13, 17], [14, 18], [15, 18], [15, 17], [15, 16], [16, 15], [15, 14], [16, 15], [16, 14], [15, 13], [16, 12], [17, 13], [18, 12], [17, 12], [17, 11], [18, 10], [19, 9], [19, 10], [18, 10]]
