[[5, 18], [6, 19], [7, 19], [8, 18], [9, 17], [10, 18], [11, 17], [12, 16], [13, 15], [14, 14], [15, 14], [16, 13], [17, 12], [18, 11], [19, 11], [20, 11], [21, 10], [22, 9], [21, 8], [22, 7], [23, 6], [24, 5], [25, 4]]
[[5, 18], [6, 18], [7, 17], [8, 16], [9, 15], [10, 15], [11, 15], [12, 15], [13, 15], [14, 14], [15, 13], [16, 12], [17, 11], [18, 11], [19, 12], [20, 11], [21, 10], [22, 9], [21, 8], [22, 7], [23, 6], [24, 5], [25, 4]]
[[5, 18], [6, 18], [7, 17], [8, 16], [9, 15], [10, 15], [11, 15], [12, 15], [13, 14], [14, 13], [15, 12], [16, 13], [17, 12], [18, 11], [19, 12], [20, 11], [21, 10], [22, 9], [21, 8], [22, 7], [23, 6], [24, 5], [25, 4]]
[[5, 18], [6, 17], [7, 16], [8, 16], [9, 15], [10, 16], [11, 16], [12, 15], [13, 15], [14, 16], [15, 15], [16, 15], [17, 14], [18, 13], [19, 12], [20, 11], [21, 10], [22, 9], [21, 8], [22, 7], [23, 6], [24, 5], [25, 4]]
[[5, 18], [6, 19], [7, 19], [8, 18], [9, 17], [10, 18], [11, 17], [12, 16], [13, 15], [14, 14], [15, 14], [16, 13], [17, 12], [18, 11], [19, 11], [20, 11], [21, 10], [22, 9], [21, 8], [22, 7], [23, 6], [24, 5], [25, 4]]
[[5, 18], [6, 17], [7, 16], [8, 15], [9, 16], [10, 17], [11, 16], [12, 15], [13, 14], [14, 13], [15, 13], [16, 13], [17, 12], [18, 12], [19, 11], [20, 10], [21, 10], [22, 9], [22, 8], [22, 7], [23, 6], [24, 5], [25, 4]]
[[5, 18], [6, 17], [7, 17], [8, 17], [9, 17], [10, 17], [11, 16], [12, 15], [13, 16], [14, 16], [15, 16], [16, 15], [17, 14], [18, 13], [19, 12], [20, 11], [21, 10], [22, 9], [22, 8], [22, 7], [23, 6], [24, 5], [25, 4]]
[[5, 18], [6, 17], [7, 16], [8, 16], [9, 17], [10, 17], [11, 16], [12, 15], [13, 16], [14, 15], [15, 14], [16, 13], [17, 12], [18, 11], [19, 11], [20, 10], [21, 10], [22, 9], [22, 8], [22, 7], [23, 6], [24, 5], [25, 4]]
[[5, 18], [6, 17], [7, 16], [8, 16], [9, 17], [10, 17], [11, 16], [12, 15], [13, 16], [14, 15], [15, 14], [16, 13], [17, 12], [18, 11], [19, 11], [20, 10], [21, 10], [22, 9], [22, 8], [22, 7], [23, 6], [24, 5], [25, 4]]
[[5, 18], [6, 17], [7, 17], [8, 17], [9, 16], [10, 16], [11, 15], [12, 16], [13, 15], [14, 14], [15, 13], [16, 13], [17, 12], [18, 12], [19, 11], [20, 11], [21, 10], [22, 9], [21, 8], [22, 7], [23, 6], [24, 5], [25, 4]]
[[5, 18], [6, 18], [7, 17], [8, 16], [9, 16], [10, 17], [11, 16], [12, 16], [13, 16], [14, 16], [15, 15], [16, 15], [17, 14], [18, 13], [19, 12], [20, 11], [21, 10], [22, 9], [22, 8], [22, 7], [23, 6], [24, 5], [25, 4]]
[[5, 18], [6, 19], [7, 19], [8, 18], [9, 19], [10, 18], [11, 17], [12, 16], [13, 15], [14, 14], [15, 14], [16, 13], [17, 14], [18, 13], [19, 12], [20, 11], [21, 10], [22, 9], [21, 8], [22, 7], [23, 6], [24, 5], [25, 4]]
[[5, 18], [6, 19], [7, 19], [8, 18], [9, 19], [10, 18], [11, 17], [12, 16], [13, 16], [14, 15], [15, 15], [16, 15], [17, 14], [18, 13], [19, 12], [20, 11], [21, 10], [22, 9], [22, 8], [22, 7], [23, 6], [24, 5], [25, 4]]
[[5, 18], [6, 18], [7, 17], [8, 16], [9, 15], [10, 16], [11, 17], [12, 18], [13, 18], [14, 17], [15, 16], [16, 15], [17, 14], [18, 13], [19, 12], [20, 11], [21, 10], [22, 9], [21, 8], [22, 7], [23, 6], [24, 5], [25, 4]]
[[5, 18], [6, 18], [7, 19], [8, 18], [9, 19], [10, 18], [11, 17], [12, 17], [13, 16], [14, 15], [15, 15], [16, 16], [17, 15], [18, 14], [19, 13], [20, 12], [21, 11], [22, 10], [23, 9], [22, 8], [22, 7], [23, 6], [24, 5], [25, 4]]
[[5, 18], [6, 18], [7, 17], [8, 16], [9, 16], [10, 16], [11, 16], [12, 15], [13, 15], [14, 16], [14, 15], [15, 15], [16, 15], [17, 14], [18, 13], [19, 12], [20, 11], [21, 10], [22, 9], [22, 8], [22, 7], [23, 6], [24, 5], [25, 4]]
[[5, 18], [6, 18], [7, 17], [8, 16], [9, 15], [10, 16], [11, 17], [12, 17], [13, 16], [14, 16], [14, 15], [15, 14], [16, 13], [17, 13], [18, 12], [19, 11], [20, 11], [21, 11], [21, 10], [22, 9], [21, 8], [22, 7], [23, 6], [24, 5], [25, 4]]
[[5, 18], [6, 17], [7, 17], [8, 16], [9, 16], [10, 17], [11, 16], [12, 16], [13, 15], [14, 16], [14, 17], [15, 16], [16, 15], [17, 14], [18, 13], [19, 13], [20, 12], [21, 11], [22, 10], [23, 9], [24, 8], [25, 7], [25, 6], [26, 5], [25, 4]]
[[5, 18], [6, 17], [7, 17], [7, 16], [8, 16], [9, 17], [10, 16], [11, 16], [12, 16], [13, 17], [14, 16], [15, 15], [15, 14], [16, 13], [17, 12], [18, 13], [19, 13], [20, 12], [20, 11], [21, 11], [22, 10], [23, 9], [24, 8], [25, 7], [25, 6], [26, 5], [25, 4]]
[[5, 18], [6, 19], [7, 19], [8, 18], [9, 17], [10, 16], [11, 17], [12, 18], [13, 17], [14, 16], [13, 17], [14, 16], [15, 16], [16, 15], [17, 14], [18, 14], [19, 14], [20, 13], [21, 12], [20, 11], [21, 10], [22, 10], [23, 9], [24, 8], [25, 7], [24, 6], [25, 5], [25, 4]]
