[[4, 5], [5, 5], [6, 6], [7, 7], [8, 7], [9, 6], [10, 7], [11, 8], [12, 8], [13, 9], [14, 10], [15, 11], [16, 11], [17, 12], [18, 13], [19, 14], [20, 13], [21, 13], [22, 14], [23, 15], [24, 14], [25, 15]]
[[4, 5], [5, 6], [6, 7], [7, 7], [8, 6], [9, 7], [10, 8], [11, 7], [12, 8], [13, 8], [14, 9], [15, 10], [16, 11], [17, 12], [18, 13], [19, 13], [20, 13], [21, 13], [22, 14], [23, 15], [24, 14], [25, 15]]
[[4, 5], [5, 5], [6, 6], [7, 6], [8, 7], [9, 8], [10, 7], [11, 8], [12, 9], [13, 9], [14, 10], [15, 11], [16, 11], [17, 11], [18, 12], [19, 12], [20, 13], [21, 13], [22, 14], [23, 14], [24, 15], [25, 15]]
[[4, 5], [5, 6], [6, 6], [7, 7], [8, 6], [9, 7], [10, 7], [11, 8], [12, 9], [13, 10], [14, 11], [15, 11], [16, 11], [17, 11], [18, 11], [19, 12], [20, 13], [21, 13], [22, 14], [23, 14], [24, 14], [25, 15]]
[[4, 5], [5, 5], [6, 6], [7, 7], [8, 7], [9, 6], [10, 7], [11, 8], [12, 8], [13, 9], [14, 10], [15, 11], [16, 11], [17, 12], [18, 13], [19, 14], [20, 13], [21, 13], [22, 14], [23, 15], [24, 14], [25, 15]]
[[4, 5], [5, 5], [6, 6], [7, 6], [8, 7], [9, 7], [10, 7], [11, 8], [12, 8], [13, 9], [14, 9], [15, 10], [16, 11], [17, 12], [18, 13], [19, 12], [20, 13], [21, 13], [22, 14], [23, 14], [24, 15], [25, 15]]
[[4, 5], [5, 6], [6, 6], [7, 5], [8, 5], [9, 5], [10, 6], [11, 6], [12, 7], [13, 8], [14, 9], [15, 10], [16, 11], [17, 12], [18, 13], [19, 14], [20, 14], [21, 13], [22, 14], [23, 13], [24, 14], [25, 15]]
[[4, 5], [5, 6], [6, 6], [7, 5], [8, 5], [9, 6], [10, 6], [11, 7], [12, 8], [13, 8], [14, 9], [15, 10], [16, 11], [17, 12], [18, 13], [19, 14], [20, 14], [21, 13], [22, 14], [23, 14], [24, 14], [25, 15]]
[[4, 5], [5, 5], [6, 6], [7, 6], [8, 7], [9, 8], [10, 8], [11, 9], [12, 8], [13, 9], [14, 9], [15, 10], [16, 11], [17, 12], [18, 13], [19, 13], [20, 13], [21, 13], [22, 14], [23, 13], [24, 14], [25, 15]]
[[4, 5], [5, 6], [6, 7], [7, 7], [8, 6], [9, 7], [10, 6], [11, 7], [12, 8], [13, 8], [14, 9], [15, 10], [16, 11], [17, 12], [18, 13], [19, 14], [20, 14], [21, 15], [22, 14], [23, 14], [24, 15], [25, 16], [25, 15]]
[[4, 5], [5, 5], [6, 6], [7, 7], [8, 7], [9, 6], [10, 6], [11, 7], [12, 8], [13, 8], [14, 9], [15, 10], [16, 11], [17, 10], [18, 11], [19, 12], [19, 13], [20, 13], [20, 14], [21, 15], [22, 14], [23, 13], [24, 14], [25, 15]]
[[4, 5], [5, 6], [6, 6], [7, 7], [8, 7], [9, 8], [10, 8], [11, 8], [12, 9], [13, 9], [14, 10], [15, 10], [16, 11], [17, 12], [18, 13], [18, 12], [19, 12], [20, 13], [21, 13], [22, 14], [23, 14], [24, 15], [24, 14], [25, 15]]
[[4, 5], [5, 6], [6, 6], [7, 5], [8, 6], [9, 5], [10, 6], [11, 6], [12, 7], [12, 8], [13, 9], [14, 10], [15, 10], [16, 11], [17, 11], [18, 12], [19, 12], [19, 13], [20, 13], [20, 14], [21, 13], [22, 14], [23, 13], [24, 14], [25, 15]]
[[4, 5], [3, 5], [4, 5], [5, 5], [6, 4], [7, 5], [7, 6], [8, 7], [9, 7], [10, 8], [11, 9], [12, 10], [13, 10], [14, 10], [15, 11], [16, 11], [17, 10], [18, 11], [19, 12], [19, 13], [20, 14], [20, 13], [21, 13], [22, 14], [23, 13], [23, 14], [24, 15], [23, 14], [24, 14], [25, 15]]
[[4, 5], [5, 6], [5, 7], [5, 6], [6, 7], [7, 8], [8, 9], [8, 10], [9, 9], [10, 8], [11, 9], [11, 10], [11, 9], [12, 9], [13, 9], [14, 10], [15, 11], [16, 12], [17, 12], [18, 11], [19, 12], [20, 13], [19, 12], [20, 13], [21, 13], [22, 14], [23, 15], [23, 14], [24, 14], [25, 15]]
[[4, 5], [5, 6], [5, 7], [6, 6], [7, 6], [8, 5], [8, 6], [9, 7], [10, 7], [11, 6], [10, 7], [11, 7], [12, 8], [12, 9], [13, 10], [14, 10], [15, 11], [16, 11], [17, 12], [18, 13], [19, 14], [19, 15], [20, 14], [21, 15], [22, 14], [23, 14], [22, 14], [23, 14], [24, 13], [24, 14], [25, 15]]
[[4, 5], [3, 5], [4, 4], [5, 5], [6, 6], [7, 5], [8, 5], [9, 5], [10, 6], [11, 5], [11, 6], [12, 7], [13, 8], [13, 9], [14, 9], [15, 10], [16, 11], [17, 11], [18, 11], [19, 12], [19, 11], [19, 12], [19, 13], [20, 14], [21, 15], [22, 16], [23, 16], [24, 17], [24, 16], [23, 15], [24, 14], [25, 15]]
[[4, 5], [3, 5], [4, 5], [5, 5], [6, 6], [7, 6], [8, 6], [9, 5], [10, 5], [10, 6], [11, 6], [12, 7], [13, 8], [14, 8], [14, 9], [15, 10], [16, 11], [17, 11], [17, 12], [18, 12], [18, 13], [19, 14], [19, 15], [20, 14], [21, 15], [22, 15], [23, 16], [24, 15], [25, 14], [25, 15], [26, 16], [25, 15]]
[[4, 5], [5, 5], [6, 4], [7, 5], [7, 6], [8, 7], [7, 6], [8, 7], [9, 6], [9, 7], [9, 8], [10, 8], [10, 9], [11, 8], [12, 9], [12, 10], [12, 9], [13, 9], [14, 9], [15, 10], [16, 11], [17, 11], [18, 12], [18, 13], [19, 13], [20, 14], [21, 13], [22, 14], [23, 15], [24, 15], [24, 14], [25, 14], [24, 15], [25, 15]]
[[4, 5], [5, 6], [6, 6], [7, 5], [8, 5], [9, 5], [8, 6], [9, 6], [10, 7], [11, 7], [12, 8], [13, 9], [13, 10], [14, 10], [15, 11], [15, 12], [16, 11], [16, 12], [16, 13], [15, 12], [14, 11], [14, 10], [15, 11], [16, 11], [15, 11], [15, 10], [16, 9], [17, 8], [18, 8], [19, 8], [19, 9], [20, 10], [21, 11], [21, 12], [22, 11], [23, 12], [24, 13], [25, 14], [25, 15]]
