[[16, 4], [17, 3], [18, 3], [19, 2], [20, 1], [21, 1]]
[[16, 4], [17, 4], [18, 3], [19, 2], [20, 1], [21, 1]]
[[16, 4], [17, 3], [18, 2], [19, 1], [20, 1], [21, 1]]
[[16, 4], [17, 3], [18, 2], [19, 1], [20, 1], [21, 1]]
[[16, 4], [17, 3], [18, 3], [19, 2], [20, 1], [21, 1]]
[[16, 4], [17, 4], [18, 3], [19, 2], [20, 1], [21, 1]]
[[16, 4], [17, 4], [18, 3], [19, 2], [20, 1], [21, 1]]
[[16, 4], [17, 4], [18, 3], [19, 2], [20, 1], [21, 1]]
[[16, 4], [17, 3], [18, 2], [19, 1], [20, 1], [21, 1]]
[[16, 4], [17, 3], [18, 2], [19, 1], [20, 1], [21, 1]]
[[16, 4], [17, 3], [18, 2], [19, 1], [20, 1], [21, 1]]
[[16, 4], [17, 4], [18, 3], [19, 3], [20, 3], [21, 2], [21, 1]]
[[16, 4], [17, 3], [18, 2], [19, 2], [20, 1], [21, 0], [21, 1]]
[[16, 4], [17, 3], [17, 2], [18, 1], [17, 0], [18, 0], [19, 0], [20, 1], [21, 1]]
[[16, 4], [15, 3], [16, 2], [16, 3], [17, 2], [18, 3], [17, 3], [18, 2], [19, 2], [20, 3], [21, 2], [21, 1]]
[[16, 4], [16, 5], [16, 6], [17, 5], [16, 4], [17, 3], [18, 3], [19, 2], [19, 1], [19, 2], [20, 1], [21, 2], [20, 3], [21, 4], [22, 4], [23, 3], [24, 3], [24, 2], [23, 1], [24, 1], [25, 0], [24, 0], [23, 0], [23, 1], [23, 2], [22, 3], [21, 2], [21, 1]]
[[16, 4], [16, 3], [15, 2], [15, 1], [16, 1], [16, 0], [17, 1], [16, 2], [15, 2], [16, 1], [17, 1], [17, 2], [18, 3], [19, 2], [18, 2], [17, 3], [18, 2], [17, 1], [16, 2], [15, 3], [16, 2], [17, 1], [18, 0], [19, 0], [20, 1], [19, 2], [20, 3], [20, 4], [21, 5], [22, 4], [23, 3], [22, 3], [21, 2], [21, 1]]
[[16, 4], [15, 3], [16, 4], [17, 5], [16, 4], [15, 5], [16, 4], [15, 3], [14, 4], [14, 5], [13, 5], [14, 5], [13, 6], [14, 7], [13, 7], [12, 7], [11, 8], [11, 7], [11, 6], [10, 6], [10, 5], [10, 4], [11, 3], [11, 4], [12, 4], [11, 3], [12, 2], [13, 2], [14, 2], [15, 1], [15, 0], [14, 1], [14, 0], [15, 1], [16, 2], [17, 3], [18, 2], [18, 3], [19, 2], [20, 1], [21, 1]]
