[[20, 17], [21, 18], [22, 18], [23, 17], [24, 18], [25, 18], [26, 17], [27, 16], [28, 15]]
[[20, 17], [21, 16], [22, 16], [23, 16], [24, 16], [25, 16], [26, 16], [27, 15], [28, 15]]
[[20, 17], [21, 18], [22, 18], [23, 18], [24, 17], [25, 16], [26, 17], [27, 16], [28, 15]]
[[20, 17], [21, 16], [22, 15], [23, 16], [24, 15], [25, 16], [26, 17], [27, 16], [28, 15]]
[[20, 17], [21, 18], [22, 18], [23, 18], [24, 17], [25, 16], [26, 17], [27, 16], [28, 15]]
[[20, 17], [21, 17], [22, 18], [23, 17], [24, 18], [25, 18], [26, 17], [27, 16], [28, 15]]
[[20, 17], [21, 18], [22, 18], [23, 17], [24, 18], [25, 18], [26, 17], [27, 16], [28, 15]]
[[20, 17], [21, 18], [22, 19], [23, 18], [24, 19], [25, 18], [26, 17], [27, 16], [28, 15]]
[[20, 17], [21, 17], [22, 16], [23, 16], [24, 15], [25, 16], [26, 16], [27, 15], [28, 15]]
[[20, 17], [21, 18], [22, 18], [23, 18], [24, 17], [25, 17], [26, 17], [27, 16], [28, 15]]
[[20, 17], [21, 18], [22, 18], [23, 18], [24, 18], [25, 17], [26, 17], [27, 16], [28, 15]]
[[20, 17], [21, 17], [22, 18], [23, 17], [24, 16], [25, 15], [26, 16], [27, 16], [28, 15]]
[[20, 17], [21, 18], [22, 18], [23, 17], [24, 16], [25, 16], [26, 17], [27, 16], [28, 15]]
[[20, 17], [21, 18], [22, 18], [23, 17], [24, 16], [25, 15], [26, 15], [27, 16], [28, 15]]
[[20, 17], [21, 18], [22, 18], [23, 18], [24, 18], [25, 17], [26, 16], [27, 16], [28, 15]]
[[20, 17], [21, 18], [22, 19], [23, 18], [24, 18], [25, 18], [26, 17], [27, 16], [28, 15]]
[[20, 17], [21, 17], [22, 18], [23, 17], [24, 18], [25, 18], [26, 17], [27, 16], [27, 15], [28, 15]]
[[20, 17], [21, 17], [21, 18], [22, 18], [23, 18], [23, 17], [24, 17], [25, 16], [26, 17], [27, 17], [28, 16], [28, 15]]
[[20, 17], [21, 16], [21, 17], [22, 18], [23, 18], [24, 18], [24, 19], [24, 18], [25, 17], [26, 16], [27, 16], [28, 15]]
[[20, 17], [21, 18], [22, 18], [23, 17], [24, 17], [24, 18], [25, 19], [25, 18], [24, 19], [25, 18], [26, 17], [27, 16], [28, 15]]
