[[24, 11], [25, 12], [26, 13]]
[[24, 11], [25, 12], [26, 13]]
[[24, 11], [25, 12], [26, 13]]
[[24, 11], [25, 12], [26, 13]]
[[24, 11], [25, 12], [26, 13]]
[[24, 11], [25, 12], [26, 13]]
[[24, 11], [25, 12], [26, 13]]
[[24, 11], [25, 12], [26, 13]]
[[24, 11], [25, 12], [26, 13]]
[[24, 11], [25, 12], [26, 13]]
[[24, 11], [25, 12], [26, 13]]
[[24, 11], [25, 12], [26, 13]]
[[24, 11], [25, 12], [26, 13]]
[[24, 11], [25, 12], [26, 13]]
[[24, 11], [25, 12], [26, 13]]
[[24, 11], [25, 12], [26, 13]]
[[24, 11], [25, 12], [26, 12], [26, 13]]
[[24, 11], [25, 12], [24, 11], [24, 12], [25, 12], [26, 13]]
[[24, 11], [24, 12], [24, 13], [25, 14], [24, 14], [25, 14], [26, 13]]
[[24, 11], [23, 11], [23, 10], [22, 10], [22, 11], [22, 12], [23, 12], [24, 12], [25, 13], [26, 13]]
