[[27, 4], [26, 5], [25, 5], [24, 5], [23, 6], [22, 6], [21, 7], [20, 8], [19, 9], [18, 10], [17, 10], [16, 10], [15, 11], [14, 11]]
[[27, 4], [26, 5], [25, 4], [24, 5], [23, 5], [22, 6], [21, 7], [20, 8], [19, 9], [18, 10], [17, 11], [16, 11], [15, 11], [14, 11]]
[[27, 4], [26, 5], [25, 5], [24, 5], [23, 6], [22, 6], [21, 7], [20, 8], [19, 9], [18, 10], [17, 10], [16, 10], [15, 11], [14, 11]]
[[27, 4], [26, 5], [25, 6], [24, 6], [23, 7], [22, 8], [21, 9], [20, 10], [19, 10], [18, 10], [17, 11], [16, 11], [15, 11], [14, 11]]
[[27, 4], [26, 5], [25, 4], [24, 5], [23, 6], [22, 7], [21, 8], [20, 9], [19, 10], [18, 11], [17, 10], [16, 11], [15, 10], [14, 11]]
[[27, 4], [26, 5], [25, 5], [24, 5], [23, 5], [22, 6], [21, 7], [20, 8], [19, 9], [18, 9], [17, 10], [16, 11], [15, 11], [14, 11]]
[[27, 4], [26, 3], [25, 4], [24, 5], [23, 5], [22, 6], [21, 7], [20, 8], [19, 9], [18, 9], [17, 10], [16, 10], [15, 11], [14, 11]]
[[27, 4], [26, 4], [25, 5], [24, 5], [23, 6], [22, 6], [21, 7], [20, 8], [19, 9], [18, 10], [17, 10], [16, 9], [15, 10], [14, 11]]
[[27, 4], [26, 3], [25, 4], [24, 5], [23, 5], [22, 6], [21, 7], [20, 8], [19, 9], [18, 10], [17, 11], [16, 11], [15, 10], [14, 11]]
[[27, 4], [26, 3], [25, 4], [24, 5], [23, 5], [22, 6], [21, 7], [20, 8], [19, 9], [18, 9], [17, 10], [16, 10], [15, 10], [14, 11]]
[[27, 4], [26, 5], [25, 6], [24, 6], [23, 7], [22, 7], [21, 8], [20, 9], [19, 10], [18, 9], [17, 10], [16, 11], [15, 10], [14, 11]]
[[27, 4], [26, 3], [25, 4], [24, 5], [23, 5], [22, 6], [21, 5], [20, 6], [19, 5], [18, 6], [17, 7], [16, 7], [16, 8], [15, 9], [15, 10], [14, 11]]
[[27, 4], [26, 5], [25, 4], [24, 5], [23, 6], [22, 6], [21, 5], [20, 4], [19, 5], [18, 6], [17, 7], [16, 7], [16, 8], [15, 9], [14, 10], [14, 11]]
[[27, 4], [26, 5], [25, 4], [24, 5], [23, 5], [22, 5], [21, 6], [20, 6], [19, 5], [18, 6], [17, 7], [16, 7], [16, 8], [16, 9], [16, 10], [15, 10], [14, 11]]
[[27, 4], [26, 5], [25, 4], [24, 5], [23, 5], [22, 6], [21, 7], [20, 6], [20, 5], [19, 6], [18, 7], [17, 7], [16, 7], [16, 8], [16, 9], [15, 10], [14, 10], [14, 11]]
[[27, 4], [26, 4], [25, 4], [24, 3], [23, 4], [23, 3], [22, 4], [22, 5], [21, 6], [21, 5], [20, 6], [19, 6], [18, 6], [17, 7], [16, 7], [16, 8], [15, 9], [14, 9], [15, 10], [14, 11]]
[[27, 4], [26, 5], [26, 4], [25, 3], [24, 2], [23, 3], [22, 4], [22, 5], [21, 6], [20, 6], [19, 7], [18, 6], [18, 7], [17, 7], [16, 7], [16, 8], [15, 9], [15, 10], [15, 11], [14, 11]]
[[27, 4], [26, 4], [27, 5], [27, 6], [26, 6], [25, 6], [24, 7], [23, 8], [22, 8], [23, 7], [22, 7], [22, 6], [21, 5], [21, 6], [20, 7], [19, 6], [18, 7], [17, 7], [16, 7], [16, 8], [15, 9], [16, 10], [15, 11], [14, 11]]
[[27, 4], [27, 5], [27, 4], [26, 4], [27, 4], [26, 3], [27, 4], [26, 4], [25, 4], [24, 3], [25, 2], [24, 2], [25, 2], [25, 3], [24, 3], [23, 4], [23, 5], [22, 6], [21, 6], [20, 5], [19, 5], [19, 6], [18, 6], [17, 7], [16, 7], [17, 7], [16, 8], [15, 9], [14, 9], [15, 10], [14, 11]]
[[27, 4], [28, 3], [28, 2], [27, 2], [26, 3], [27, 4], [28, 5], [29, 5], [28, 6], [27, 7], [27, 8], [26, 7], [27, 7], [26, 7], [25, 7], [25, 6], [24, 7], [23, 8], [22, 8], [22, 7], [21, 8], [20, 7], [19, 7], [18, 6], [17, 7], [16, 8], [17, 7], [16, 7], [16, 8], [15, 9], [15, 10], [15, 11], [14, 10], [14, 11]]
