[[18, 7], [17, 7], [16, 8], [15, 9], [15, 10]]
[[18, 7], [17, 7], [16, 8], [15, 9], [15, 10]]
[[18, 7], [17, 7], [16, 8], [16, 9], [15, 10]]
[[18, 7], [17, 7], [16, 8], [15, 9], [15, 10]]
[[18, 7], [17, 7], [16, 8], [15, 9], [15, 10]]
[[18, 7], [17, 7], [16, 8], [15, 9], [15, 10]]
[[18, 7], [17, 7], [16, 8], [15, 9], [15, 10]]
[[18, 7], [17, 7], [16, 8], [16, 9], [15, 10]]
[[18, 7], [17, 7], [16, 8], [16, 9], [15, 10]]
[[18, 7], [17, 7], [16, 8], [16, 9], [15, 10]]
[[18, 7], [17, 7], [16, 8], [15, 9], [15, 10]]
[[18, 7], [17, 7], [16, 8], [16, 9], [15, 10]]
[[18, 7], [17, 7], [16, 8], [16, 9], [15, 10]]
[[18, 7], [17, 7], [16, 8], [15, 9], [15, 10]]
[[18, 7], [17, 7], [16, 8], [15, 9], [15, 10]]
[[18, 7], [17, 7], [16, 7], [15, 8], [16, 9], [15, 10]]
[[18, 7], [17, 7], [16, 8], [16, 9], [16, 10], [15, 10]]
[[18, 7], [18, 6], [19, 5], [19, 4], [18, 3], [19, 3], [18, 4], [17, 5], [16, 4], [17, 4], [17, 3], [16, 3], [17, 2], [18, 1], [19, 0], [20, 0], [21, 0], [21, 1], [22, 1], [22, 2], [21, 2], [20, 2], [21, 3], [22, 4], [21, 4], [22, 5], [21, 6], [20, 5], [20, 6], [19, 7], [19, 6], [18, 5], [17, 6], [17, 7], [16, 8], [16, 7], [16, 6], [15, 7], [15, 8], [14, 7], [14, 6], [13, 5], [14, 5], [15, 5], [16, 5], [15, 6], [16, 6], [17, 5], [17, 4], [17, 3], [16, 3], [17, 2], [18, 3], [18, 4], [19, 5], [18, 5], [19, 4], [20, 3], [21, 4], [22, 4], [22, 5], [23, 5], [24, 5], [25, 4], [24, 4], [25, 5], [25, 6], [26, 7], [26, 6], [27, 6], [28, 7], [27, 8], [26, 9], [25, 10], [26, 10], [25, 11], [26, 12], [25, 13], [24, 12], [24, 11], [24, 10], [25, 9], [26, 8], [27, 7], [28, 8], [29, 8], [28, 9], [29, 9], [29, 10], [29, 11], [29, 12], [28, 12], [27, 11], [27, 10], [26, 11], [25, 12], [26, 13], [25, 14], [24, 13], [23, 14], [24, 14], [23, 15], [24, 16], [25, 15], [26, 15], [25, 16], [26, 17], [26, 16], [27, 17], [26, 18], [27, 19], [27, 18], [26, 19], [25, 19], [24, 18], [23, 19], [24, 19], [23, 18], [22, 19], [22, 18], [21, 19], [20, 18], [21, 18], [20, 17], [20, 16], [19, 17], [18, 18], [17, 18], [18, 17], [18, 16], [19, 15], [20, 15], [21, 14], [21, 13], [20, 14], [19, 13], [19, 12], [18, 12], [17, 12], [16, 11], [16, 10], [17, 10], [16, 9], [15, 10]]
