[[28, 3], [27, 4], [26, 3], [25, 4], [24, 4], [23, 4], [22, 5], [21, 5], [20, 6], [19, 6], [18, 5], [17, 4]]
[[28, 3], [27, 2], [26, 3], [25, 4], [24, 5], [23, 5], [22, 5], [21, 6], [20, 5], [19, 4], [18, 3], [17, 4]]
[[28, 3], [27, 4], [26, 5], [25, 5], [24, 4], [23, 4], [22, 5], [21, 5], [20, 4], [19, 5], [18, 4], [17, 4]]
[[28, 3], [27, 4], [26, 3], [25, 4], [24, 5], [23, 5], [22, 5], [21, 4], [20, 4], [19, 5], [18, 4], [17, 4]]
[[28, 3], [27, 4], [26, 4], [25, 4], [24, 5], [23, 4], [22, 4], [21, 5], [20, 5], [19, 4], [18, 4], [17, 4]]
[[28, 3], [27, 2], [26, 3], [25, 4], [24, 5], [23, 6], [22, 7], [21, 7], [20, 7], [19, 6], [18, 5], [17, 4]]
[[28, 3], [27, 2], [26, 1], [25, 2], [24, 3], [23, 4], [22, 3], [21, 3], [20, 4], [19, 5], [18, 4], [17, 4]]
[[28, 3], [27, 4], [26, 5], [25, 4], [24, 5], [23, 5], [22, 4], [21, 3], [20, 4], [19, 5], [18, 5], [17, 4]]
[[28, 3], [27, 3], [26, 2], [25, 2], [24, 3], [23, 4], [22, 5], [21, 5], [20, 4], [19, 4], [18, 3], [17, 4]]
[[28, 3], [27, 3], [26, 4], [25, 3], [24, 4], [23, 4], [22, 5], [21, 6], [20, 6], [19, 6], [18, 5], [17, 4]]
[[28, 3], [27, 4], [26, 3], [25, 4], [24, 4], [23, 4], [22, 5], [21, 5], [20, 6], [19, 6], [18, 5], [17, 4]]
[[28, 3], [27, 4], [27, 5], [26, 4], [25, 4], [24, 4], [23, 4], [22, 3], [21, 3], [20, 4], [19, 4], [18, 4], [17, 4]]
[[28, 3], [29, 2], [29, 3], [28, 2], [29, 1], [29, 0], [29, 1], [28, 0], [27, 0], [26, 1], [27, 2], [27, 1], [26, 1], [25, 0], [24, 0], [25, 1], [24, 1], [23, 0], [22, 0], [21, 1], [20, 0], [21, 0], [20, 1], [19, 2], [18, 2], [18, 3], [17, 4]]
[[28, 3], [27, 2], [27, 3], [27, 4], [26, 5], [27, 5], [26, 6], [25, 5], [24, 6], [24, 7], [23, 6], [22, 6], [22, 7], [21, 8], [21, 9], [20, 9], [20, 10], [21, 11], [20, 11], [20, 12], [19, 13], [20, 12], [21, 13], [22, 14], [23, 14], [24, 15], [25, 16], [24, 16], [25, 15], [24, 15], [25, 15], [25, 14], [26, 14], [26, 13], [27, 12], [26, 11], [25, 11], [25, 10], [26, 11], [27, 10], [26, 9], [27, 8], [27, 7], [26, 6], [25, 5], [25, 4], [24, 4], [23, 5], [22, 4], [21, 3], [20, 2], [19, 2], [18, 2], [18, 1], [17, 1], [18, 1], [17, 1], [18, 1], [18, 2], [18, 3], [18, 4], [17, 4]]
[[28, 3], [27, 3], [26, 3], [26, 4], [25, 3], [24, 4], [24, 5], [25, 4], [26, 5], [27, 4], [28, 4], [29, 5], [28, 5], [27, 5], [26, 6], [25, 5], [25, 6], [24, 7], [25, 8], [25, 7], [26, 8], [27, 9], [28, 10], [28, 11], [29, 10], [28, 9], [28, 8], [27, 8], [26, 9], [25, 10], [25, 11], [24, 12], [23, 11], [23, 10], [23, 9], [24, 10], [24, 9], [25, 9], [24, 8], [23, 7], [22, 7], [21, 8], [20, 7], [21, 7], [22, 6], [23, 5], [23, 4], [24, 3], [23, 2], [22, 1], [21, 1], [22, 0], [21, 0], [20, 0], [20, 1], [19, 0], [18, 1], [18, 0], [17, 1], [16, 2], [15, 1], [15, 0], [16, 0], [16, 1], [15, 2], [14, 2], [13, 3], [13, 4], [12, 3], [12, 2], [11, 3], [11, 4], [10, 5], [11, 6], [12, 6], [13, 7], [13, 6], [14, 5], [15, 4], [15, 5], [15, 6], [14, 6], [15, 7], [14, 8], [14, 9], [15, 8], [16, 9], [17, 10], [16, 10], [15, 11], [15, 12], [14, 12], [15, 13], [15, 14], [15, 15], [14, 16], [15, 17], [16, 18], [16, 17], [17, 17], [18, 18], [18, 17], [18, 16], [18, 15], [17, 14], [18, 13], [18, 12], [17, 12], [16, 11], [15, 10], [15, 9], [16, 8], [16, 7], [17, 7], [17, 8], [18, 9], [18, 8], [19, 8], [19, 7], [18, 6], [19, 5], [20, 6], [19, 6], [20, 5], [19, 4], [18, 3], [17, 4]]
