[[2, 11], [3, 12], [4, 12], [5, 12], [6, 13], [7, 14], [8, 14], [9, 15], [10, 15], [11, 16], [12, 16], [13, 16], [14, 17], [15, 18], [16, 18], [17, 17], [18, 16], [19, 15], [20, 15], [21, 15], [22, 14], [23, 15]]
[[2, 11], [3, 12], [4, 13], [5, 13], [6, 13], [7, 14], [8, 13], [9, 14], [10, 15], [11, 14], [12, 15], [13, 15], [14, 15], [15, 15], [16, 15], [17, 14], [18, 14], [19, 15], [20, 14], [21, 15], [22, 14], [23, 15]]
[[2, 11], [3, 11], [4, 11], [5, 11], [6, 12], [7, 13], [8, 14], [9, 15], [10, 16], [11, 15], [12, 14], [13, 15], [14, 14], [15, 15], [16, 14], [17, 15], [18, 15], [19, 16], [20, 16], [21, 16], [22, 16], [23, 15]]
[[2, 11], [3, 11], [4, 11], [5, 12], [6, 13], [7, 14], [8, 15], [9, 15], [10, 15], [11, 16], [12, 16], [13, 17], [14, 16], [15, 15], [16, 15], [17, 14], [18, 15], [19, 16], [20, 15], [21, 15], [22, 15], [23, 15]]
[[2, 11], [3, 12], [4, 12], [5, 12], [6, 13], [7, 14], [8, 14], [9, 15], [10, 15], [11, 16], [12, 16], [13, 16], [14, 17], [15, 18], [16, 18], [17, 17], [18, 16], [19, 15], [20, 15], [21, 15], [22, 14], [23, 15]]
[[2, 11], [3, 12], [4, 13], [5, 14], [6, 15], [7, 16], [8, 17], [9, 16], [10, 15], [11, 15], [12, 14], [13, 15], [14, 15], [15, 16], [16, 15], [17, 15], [18, 15], [19, 15], [20, 16], [21, 15], [22, 14], [23, 15]]
[[2, 11], [3, 12], [4, 13], [5, 14], [6, 14], [7, 14], [8, 14], [9, 15], [10, 15], [11, 14], [12, 15], [13, 16], [14, 15], [15, 15], [16, 14], [17, 13], [18, 14], [19, 15], [20, 16], [21, 15], [22, 16], [23, 15]]
[[2, 11], [3, 12], [4, 13], [5, 13], [6, 14], [7, 13], [8, 14], [9, 15], [10, 14], [11, 14], [12, 15], [13, 15], [14, 16], [15, 16], [16, 16], [17, 15], [18, 16], [19, 15], [20, 16], [21, 16], [22, 16], [23, 15]]
[[2, 11], [3, 11], [4, 12], [5, 13], [6, 14], [7, 15], [8, 15], [9, 15], [10, 15], [11, 16], [12, 17], [13, 16], [14, 16], [15, 17], [16, 18], [17, 17], [18, 16], [19, 15], [20, 16], [21, 15], [22, 16], [23, 15]]
[[2, 11], [3, 11], [4, 11], [5, 12], [6, 13], [7, 14], [8, 15], [9, 16], [10, 15], [11, 16], [12, 17], [13, 18], [14, 18], [15, 17], [16, 16], [17, 17], [18, 16], [19, 17], [20, 16], [21, 15], [22, 14], [23, 15]]
[[2, 11], [3, 12], [4, 13], [5, 13], [6, 14], [7, 14], [8, 15], [9, 16], [10, 17], [11, 17], [12, 16], [13, 16], [14, 16], [15, 17], [16, 16], [17, 15], [18, 16], [19, 17], [20, 17], [21, 18], [21, 17], [22, 16], [23, 15]]
[[2, 11], [3, 11], [4, 12], [4, 13], [5, 14], [6, 15], [7, 15], [8, 15], [9, 15], [10, 15], [11, 16], [12, 16], [13, 15], [14, 14], [15, 15], [16, 16], [17, 15], [18, 16], [19, 16], [20, 16], [21, 15], [22, 15], [23, 15]]
[[2, 11], [3, 11], [4, 12], [5, 13], [6, 14], [7, 14], [8, 13], [9, 13], [10, 13], [11, 14], [12, 14], [13, 14], [14, 14], [14, 15], [15, 16], [16, 16], [17, 17], [18, 16], [19, 15], [20, 14], [21, 14], [22, 15], [23, 15]]
[[2, 11], [3, 12], [4, 11], [5, 12], [5, 13], [6, 13], [7, 14], [8, 15], [9, 15], [8, 15], [9, 16], [10, 16], [11, 16], [12, 16], [13, 15], [14, 16], [15, 15], [16, 15], [17, 15], [18, 15], [19, 16], [20, 17], [21, 18], [22, 17], [22, 16], [23, 15]]
[[2, 11], [3, 12], [3, 11], [4, 12], [5, 13], [6, 13], [7, 12], [8, 13], [9, 14], [10, 15], [11, 15], [12, 15], [13, 14], [13, 15], [14, 16], [15, 16], [15, 17], [16, 16], [17, 15], [18, 15], [19, 15], [20, 16], [21, 15], [22, 15], [22, 16], [23, 15]]
[[2, 11], [2, 12], [3, 12], [4, 11], [5, 11], [5, 12], [5, 13], [6, 14], [7, 15], [8, 16], [9, 17], [10, 16], [11, 16], [12, 17], [13, 17], [14, 16], [15, 16], [16, 15], [16, 16], [16, 15], [17, 14], [17, 15], [16, 16], [17, 16], [18, 16], [19, 17], [20, 18], [20, 17], [21, 16], [22, 15], [21, 16], [20, 15], [21, 15], [22, 15], [23, 15]]
[[2, 11], [3, 11], [2, 11], [2, 12], [3, 12], [4, 12], [4, 13], [5, 13], [6, 13], [7, 14], [8, 14], [9, 14], [10, 15], [10, 16], [10, 17], [9, 17], [10, 18], [10, 19], [11, 18], [12, 17], [13, 16], [13, 15], [12, 16], [11, 15], [12, 15], [13, 15], [13, 14], [13, 13], [12, 12], [12, 13], [13, 14], [13, 15], [14, 14], [15, 15], [16, 16], [17, 16], [17, 15], [17, 14], [18, 15], [18, 16], [19, 17], [20, 16], [21, 16], [21, 17], [22, 18], [23, 17], [23, 16], [24, 17], [23, 16], [23, 15]]
[[2, 11], [1, 11], [0, 12], [0, 11], [1, 12], [1, 13], [0, 14], [1, 14], [1, 15], [1, 16], [1, 17], [2, 18], [2, 17], [3, 16], [3, 17], [4, 16], [5, 17], [4, 18], [5, 18], [4, 19], [3, 19], [2, 19], [3, 18], [2, 17], [1, 17], [0, 16], [1, 16], [2, 16], [2, 15], [1, 15], [1, 14], [1, 13], [2, 14], [3, 14], [4, 14], [4, 13], [5, 13], [6, 12], [7, 12], [8, 12], [7, 11], [6, 11], [5, 12], [6, 13], [6, 14], [6, 15], [7, 14], [8, 14], [7, 15], [8, 16], [7, 17], [6, 18], [7, 18], [8, 18], [9, 18], [9, 19], [10, 19], [10, 18], [11, 19], [12, 19], [13, 18], [14, 18], [13, 17], [12, 17], [11, 18], [10, 17], [11, 17], [10, 16], [11, 16], [12, 16], [12, 15], [12, 14], [13, 15], [13, 14], [14, 14], [15, 15], [14, 16], [13, 16], [14, 17], [15, 17], [16, 18], [17, 19], [18, 18], [17, 17], [16, 16], [17, 16], [18, 16], [19, 16], [18, 15], [19, 15], [20, 16], [19, 17], [20, 17], [21, 16], [21, 17], [21, 18], [20, 18], [21, 19], [22, 19], [22, 18], [22, 17], [23, 16], [22, 16], [23, 17], [23, 18], [24, 17], [25, 18], [24, 19], [24, 18], [25, 19], [26, 18], [26, 19], [27, 18], [28, 17], [29, 18], [29, 17], [28, 16], [27, 17], [26, 16], [27, 15], [27, 14], [26, 15], [25, 14], [25, 13], [26, 12], [25, 12], [24, 13], [23, 13], [23, 14], [23, 15]]
