[[17, 16], [16, 15], [15, 14], [14, 15], [13, 16], [12, 16], [11, 17], [10, 16], [9, 17], [8, 18], [7, 19], [6, 19]]
[[17, 16], [16, 15], [15, 16], [14, 16], [13, 16], [12, 17], [11, 18], [10, 19], [9, 18], [8, 19], [7, 19], [6, 19]]
[[17, 16], [16, 15], [15, 16], [14, 17], [13, 16], [12, 15], [11, 16], [10, 17], [9, 18], [8, 18], [7, 19], [6, 19]]
[[17, 16], [16, 15], [15, 14], [14, 15], [13, 16], [12, 16], [11, 17], [10, 16], [9, 17], [8, 18], [7, 19], [6, 19]]
[[17, 16], [16, 17], [15, 16], [14, 17], [13, 17], [12, 18], [11, 19], [10, 18], [9, 19], [8, 19], [7, 19], [6, 19]]
[[17, 16], [16, 17], [15, 16], [14, 15], [13, 16], [12, 16], [11, 17], [10, 18], [9, 18], [8, 19], [7, 19], [6, 19]]
[[17, 16], [16, 15], [15, 15], [14, 16], [13, 17], [12, 17], [11, 16], [10, 17], [9, 18], [8, 18], [7, 19], [6, 19]]
[[17, 16], [16, 17], [15, 16], [14, 16], [13, 16], [12, 17], [11, 18], [10, 19], [9, 18], [8, 18], [7, 19], [6, 19]]
[[17, 16], [16, 17], [15, 16], [14, 17], [13, 18], [12, 19], [11, 19], [10, 18], [9, 19], [8, 18], [7, 19], [6, 19]]
[[17, 16], [16, 15], [15, 16], [14, 16], [13, 17], [12, 16], [11, 17], [10, 18], [9, 19], [8, 19], [7, 19], [6, 19]]
[[17, 16], [16, 15], [15, 15], [14, 16], [13, 17], [12, 18], [11, 19], [10, 18], [9, 17], [9, 18], [8, 19], [7, 19], [6, 19]]
[[17, 16], [16, 17], [15, 16], [14, 16], [14, 17], [13, 18], [12, 18], [11, 17], [11, 18], [10, 17], [9, 18], [9, 17], [8, 18], [8, 19], [7, 19], [6, 19]]
[[17, 16], [18, 17], [17, 18], [16, 19], [15, 19], [16, 18], [15, 17], [14, 16], [14, 17], [13, 17], [12, 16], [12, 17], [11, 18], [10, 18], [9, 18], [8, 17], [8, 18], [8, 19], [7, 19], [6, 19]]
