[[20, 2], [19, 3], [18, 4], [18, 5], [17, 6], [17, 7], [16, 8], [16, 9], [16, 10], [15, 11], [15, 12]]
[[20, 2], [19, 3], [19, 4], [18, 5], [17, 6], [16, 7], [16, 8], [15, 9], [15, 10], [14, 11], [15, 12]]
[[20, 2], [19, 3], [19, 4], [18, 5], [17, 6], [17, 7], [16, 8], [17, 9], [16, 10], [16, 11], [15, 12]]
[[20, 2], [19, 3], [18, 4], [18, 5], [17, 6], [17, 7], [16, 8], [16, 9], [16, 10], [16, 11], [15, 12]]
[[20, 2], [19, 3], [18, 4], [18, 5], [17, 6], [17, 7], [16, 8], [16, 9], [16, 10], [15, 11], [15, 12]]
[[20, 2], [19, 3], [19, 4], [18, 5], [17, 6], [17, 7], [17, 8], [16, 9], [17, 10], [16, 11], [15, 12]]
[[20, 2], [19, 3], [18, 4], [18, 5], [17, 6], [17, 7], [16, 8], [15, 9], [15, 10], [15, 11], [15, 12]]
[[20, 2], [19, 3], [18, 4], [18, 5], [17, 6], [16, 7], [17, 8], [16, 9], [16, 10], [16, 11], [15, 12]]
[[20, 2], [19, 3], [19, 4], [18, 5], [17, 6], [17, 7], [17, 8], [16, 9], [15, 10], [14, 11], [15, 12]]
[[20, 2], [19, 3], [19, 4], [18, 5], [17, 6], [16, 7], [16, 8], [17, 9], [16, 10], [15, 11], [15, 12]]
[[20, 2], [19, 3], [18, 4], [18, 5], [17, 6], [16, 7], [17, 8], [16, 9], [15, 10], [14, 11], [15, 12]]
[[20, 2], [19, 3], [19, 4], [18, 5], [17, 6], [16, 7], [17, 8], [16, 9], [15, 10], [15, 11], [15, 12]]
[[20, 2], [19, 3], [19, 4], [18, 5], [17, 6], [17, 7], [17, 8], [16, 9], [16, 10], [16, 11], [15, 12]]
[[20, 2], [19, 3], [19, 4], [18, 5], [17, 6], [17, 7], [16, 8], [15, 9], [16, 10], [15, 11], [15, 12]]
[[20, 2], [19, 3], [19, 4], [18, 5], [17, 6], [17, 7], [17, 8], [17, 9], [16, 10], [15, 11], [15, 12]]
[[20, 2], [19, 3], [18, 4], [17, 4], [16, 5], [16, 6], [15, 7], [14, 8], [15, 9], [14, 10], [14, 11], [15, 12]]
[[20, 2], [19, 3], [18, 4], [18, 5], [17, 6], [17, 7], [17, 8], [16, 9], [17, 10], [17, 11], [16, 11], [15, 12]]
[[20, 2], [19, 3], [18, 2], [17, 3], [16, 4], [16, 5], [16, 6], [16, 7], [16, 8], [15, 9], [16, 10], [16, 11], [15, 12]]
[[20, 2], [19, 3], [18, 4], [19, 4], [18, 4], [18, 5], [17, 6], [16, 7], [17, 7], [16, 8], [16, 9], [16, 10], [15, 11], [15, 12]]
[[20, 2], [19, 2], [18, 2], [17, 3], [18, 2], [17, 3], [17, 4], [16, 5], [17, 6], [17, 7], [16, 8], [15, 9], [16, 10], [15, 11], [15, 12]]
