[[28, 3], [27, 3], [26, 4], [25, 5], [24, 6], [23, 7], [22, 8], [21, 9], [20, 10], [19, 11], [18, 12], [17, 13], [16, 13], [15, 14], [14, 15], [13, 16], [12, 17], [11, 18]]
[[28, 3], [27, 4], [26, 4], [25, 5], [24, 6], [23, 7], [22, 8], [21, 9], [20, 10], [19, 11], [18, 12], [17, 12], [16, 13], [15, 14], [14, 15], [13, 16], [12, 17], [11, 18]]
[[28, 3], [27, 3], [26, 4], [25, 5], [24, 6], [23, 7], [22, 8], [21, 9], [20, 10], [19, 10], [18, 11], [17, 12], [16, 13], [15, 14], [14, 15], [13, 16], [12, 17], [11, 18]]
[[28, 3], [27, 3], [26, 4], [25, 5], [24, 6], [23, 7], [22, 8], [21, 9], [20, 10], [19, 11], [18, 12], [17, 13], [16, 13], [15, 14], [14, 15], [13, 16], [12, 17], [11, 18]]
[[28, 3], [27, 4], [26, 4], [25, 5], [24, 6], [23, 7], [22, 8], [21, 9], [20, 10], [19, 11], [18, 11], [17, 12], [16, 13], [15, 14], [14, 15], [13, 16], [12, 17], [11, 18]]
[[28, 3], [27, 3], [26, 4], [25, 5], [24, 6], [23, 7], [22, 8], [21, 9], [20, 10], [19, 11], [18, 12], [17, 13], [16, 13], [15, 14], [14, 15], [13, 16], [12, 17], [11, 18]]
[[28, 3], [27, 3], [26, 4], [25, 5], [24, 6], [23, 7], [22, 8], [21, 9], [20, 10], [19, 11], [18, 11], [17, 12], [16, 13], [15, 14], [14, 15], [13, 16], [12, 17], [11, 18]]
[[28, 3], [27, 3], [26, 4], [25, 5], [24, 6], [23, 7], [22, 8], [21, 9], [20, 10], [19, 11], [18, 12], [17, 13], [16, 13], [15, 14], [14, 15], [13, 16], [12, 17], [11, 18]]
[[28, 3], [27, 4], [26, 4], [25, 5], [24, 6], [23, 7], [22, 8], [21, 9], [20, 10], [19, 11], [18, 12], [17, 12], [16, 13], [15, 14], [14, 15], [13, 16], [12, 17], [11, 18]]
[[28, 3], [27, 4], [26, 4], [25, 5], [24, 6], [23, 7], [22, 8], [21, 9], [20, 10], [19, 11], [18, 12], [17, 12], [16, 13], [15, 14], [14, 15], [13, 16], [12, 17], [11, 18]]
[[28, 3], [27, 4], [26, 4], [25, 5], [24, 6], [23, 7], [22, 8], [21, 9], [20, 10], [19, 10], [18, 11], [17, 12], [16, 13], [15, 14], [14, 15], [13, 16], [12, 17], [11, 18]]
[[28, 3], [27, 4], [26, 4], [25, 5], [24, 6], [23, 7], [22, 8], [21, 9], [20, 10], [19, 11], [18, 12], [17, 12], [16, 13], [15, 14], [14, 15], [13, 16], [12, 17], [11, 18]]
[[28, 3], [27, 4], [26, 4], [25, 5], [24, 6], [23, 7], [22, 8], [21, 9], [20, 10], [19, 11], [18, 12], [17, 13], [16, 13], [15, 14], [14, 15], [13, 16], [12, 17], [11, 18]]
[[28, 3], [27, 3], [26, 4], [25, 5], [24, 6], [23, 7], [22, 8], [21, 9], [20, 10], [19, 11], [18, 12], [17, 13], [16, 13], [15, 14], [14, 15], [13, 16], [12, 17], [11, 18]]
[[28, 3], [27, 3], [26, 4], [25, 5], [24, 6], [23, 7], [22, 8], [21, 9], [20, 10], [19, 11], [18, 12], [17, 13], [16, 13], [15, 14], [14, 15], [13, 16], [12, 17], [11, 18]]
[[28, 3], [27, 3], [26, 4], [25, 5], [24, 6], [23, 7], [22, 8], [21, 9], [20, 10], [19, 11], [18, 12], [17, 13], [16, 13], [15, 14], [14, 15], [13, 16], [12, 17], [11, 18]]
[[28, 3], [27, 4], [26, 4], [25, 5], [24, 6], [23, 7], [22, 8], [21, 9], [20, 10], [19, 11], [18, 11], [17, 12], [16, 13], [15, 14], [14, 15], [13, 16], [12, 17], [11, 18]]
[[28, 3], [27, 3], [26, 4], [25, 5], [24, 6], [23, 7], [22, 8], [23, 7], [22, 8], [21, 9], [20, 10], [19, 11], [18, 12], [17, 13], [16, 13], [15, 14], [14, 15], [13, 15], [13, 16], [12, 17], [11, 18]]
[[28, 3], [27, 3], [26, 4], [25, 5], [24, 6], [23, 7], [22, 8], [22, 9], [22, 10], [21, 9], [20, 10], [19, 11], [18, 12], [17, 12], [16, 13], [15, 14], [14, 15], [14, 16], [13, 17], [12, 18], [11, 18]]
[[28, 3], [27, 3], [26, 4], [25, 4], [24, 4], [23, 5], [22, 6], [21, 6], [20, 7], [21, 8], [22, 9], [22, 10], [21, 11], [20, 11], [19, 11], [18, 11], [17, 12], [16, 13], [15, 14], [16, 15], [15, 16], [14, 16], [13, 16], [12, 17], [11, 18]]
