[[6, 4], [7, 4], [8, 5], [9, 6], [10, 5]]
[[6, 4], [7, 3], [8, 4], [9, 4], [10, 5]]
[[6, 4], [7, 3], [8, 3], [9, 4], [10, 5]]
[[6, 4], [7, 3], [8, 3], [9, 4], [10, 5]]
[[6, 4], [7, 4], [8, 5], [9, 6], [10, 5]]
[[6, 4], [7, 3], [8, 3], [9, 4], [10, 5]]
[[6, 4], [7, 4], [8, 4], [9, 4], [10, 5]]
[[6, 4], [7, 4], [8, 5], [9, 6], [10, 5]]
[[6, 4], [7, 3], [8, 4], [9, 4], [10, 5]]
[[6, 4], [7, 3], [8, 4], [9, 4], [10, 5]]
[[6, 4], [7, 4], [8, 5], [9, 4], [10, 5]]
[[6, 4], [7, 4], [8, 4], [9, 4], [10, 5]]
[[6, 4], [7, 4], [8, 3], [9, 4], [10, 5]]
[[6, 4], [7, 3], [8, 3], [9, 4], [10, 5]]
[[6, 4], [7, 4], [8, 4], [8, 5], [9, 6], [10, 5]]
[[6, 4], [7, 3], [8, 4], [7, 4], [7, 3], [8, 4], [9, 3], [9, 4], [10, 5]]
