[[1, 3], [2, 3], [3, 4], [4, 5], [5, 5], [6, 6], [7, 6], [8, 7], [9, 6], [10, 7], [11, 6], [12, 5], [13, 5], [14, 6], [15, 5], [16, 5], [17, 6], [18, 5], [19, 6], [20, 6], [21, 6], [22, 6], [23, 7], [24, 6], [25, 5]]
[[1, 3], [2, 3], [3, 4], [4, 5], [5, 5], [6, 6], [7, 6], [8, 7], [9, 6], [10, 7], [11, 6], [12, 5], [13, 5], [14, 6], [15, 5], [16, 5], [17, 6], [18, 5], [19, 6], [20, 6], [21, 6], [22, 6], [23, 7], [24, 6], [25, 5]]
[[1, 3], [2, 4], [3, 5], [4, 4], [5, 5], [6, 4], [7, 5], [8, 4], [9, 5], [10, 5], [11, 6], [12, 6], [13, 7], [14, 7], [15, 6], [16, 5], [17, 4], [18, 3], [19, 4], [20, 4], [21, 4], [22, 5], [23, 6], [24, 6], [25, 5]]
[[1, 3], [2, 4], [3, 3], [4, 4], [5, 5], [6, 6], [7, 5], [8, 6], [9, 5], [10, 4], [11, 5], [12, 4], [13, 5], [14, 6], [15, 5], [16, 6], [17, 5], [18, 5], [19, 5], [20, 5], [21, 6], [22, 7], [23, 6], [24, 6], [25, 5]]
[[1, 3], [2, 4], [3, 5], [4, 6], [5, 5], [6, 6], [7, 7], [8, 8], [9, 7], [10, 6], [11, 6], [12, 6], [13, 6], [14, 6], [15, 7], [16, 7], [17, 6], [18, 5], [19, 4], [20, 4], [21, 4], [22, 5], [23, 6], [24, 6], [25, 5]]
[[1, 3], [2, 3], [3, 4], [4, 5], [5, 6], [6, 6], [7, 5], [8, 4], [9, 4], [10, 5], [11, 4], [12, 5], [13, 5], [14, 6], [15, 6], [16, 6], [17, 7], [18, 7], [19, 6], [20, 5], [21, 6], [22, 6], [23, 7], [24, 6], [25, 5]]
[[1, 3], [2, 3], [3, 4], [4, 4], [5, 5], [6, 6], [7, 7], [8, 8], [9, 7], [10, 6], [11, 6], [12, 5], [13, 6], [14, 6], [15, 6], [16, 7], [17, 7], [18, 8], [19, 9], [20, 9], [21, 8], [22, 7], [23, 6], [24, 6], [25, 5]]
[[1, 3], [2, 4], [3, 5], [4, 6], [5, 6], [6, 6], [7, 5], [8, 6], [9, 5], [10, 4], [11, 5], [12, 6], [13, 5], [14, 5], [15, 6], [16, 6], [17, 7], [18, 7], [19, 6], [20, 7], [21, 7], [22, 8], [23, 7], [24, 6], [25, 5]]
[[1, 3], [2, 4], [3, 4], [4, 5], [5, 6], [6, 6], [7, 7], [8, 6], [9, 5], [10, 4], [11, 5], [12, 5], [13, 6], [14, 7], [15, 6], [16, 5], [17, 5], [18, 4], [19, 5], [20, 4], [21, 3], [22, 4], [23, 5], [24, 6], [25, 5]]
[[1, 3], [2, 4], [3, 5], [4, 4], [5, 5], [6, 6], [7, 6], [8, 5], [9, 6], [10, 5], [11, 6], [12, 6], [13, 7], [14, 7], [15, 7], [15, 6], [16, 7], [17, 8], [18, 9], [19, 9], [20, 8], [21, 7], [22, 8], [23, 7], [24, 6], [25, 5]]
[[1, 3], [2, 3], [3, 4], [4, 4], [5, 5], [6, 6], [7, 7], [8, 7], [9, 6], [10, 5], [11, 6], [12, 6], [13, 7], [14, 7], [15, 7], [15, 6], [16, 7], [17, 8], [18, 9], [19, 9], [20, 8], [21, 7], [22, 8], [23, 7], [24, 6], [25, 5]]
[[1, 3], [2, 3], [3, 4], [4, 4], [5, 5], [6, 5], [7, 6], [8, 6], [9, 7], [10, 7], [11, 6], [12, 5], [12, 6], [13, 6], [14, 5], [15, 6], [16, 5], [17, 4], [18, 5], [19, 5], [20, 4], [21, 4], [22, 5], [23, 5], [24, 6], [25, 5]]
[[1, 3], [2, 2], [3, 3], [4, 4], [5, 5], [6, 6], [7, 7], [8, 6], [9, 7], [10, 6], [11, 5], [12, 4], [13, 5], [14, 6], [14, 7], [15, 7], [16, 8], [17, 8], [18, 7], [18, 8], [19, 7], [20, 8], [21, 8], [22, 7], [23, 6], [24, 6], [25, 5]]
[[1, 3], [2, 3], [3, 4], [4, 5], [4, 4], [5, 5], [6, 6], [7, 7], [8, 6], [9, 7], [10, 6], [11, 5], [12, 4], [13, 5], [14, 5], [15, 5], [16, 5], [17, 6], [18, 7], [19, 6], [19, 7], [20, 7], [21, 7], [22, 8], [23, 7], [24, 6], [25, 5]]
[[1, 3], [2, 2], [3, 1], [3, 0], [4, 1], [5, 2], [6, 2], [7, 3], [8, 2], [8, 3], [9, 3], [9, 4], [10, 4], [11, 4], [12, 5], [13, 5], [14, 5], [15, 6], [16, 5], [17, 4], [17, 5], [17, 4], [18, 5], [19, 5], [20, 6], [21, 7], [22, 6], [23, 7], [24, 6], [25, 5]]
[[1, 3], [2, 2], [3, 3], [3, 4], [4, 4], [5, 5], [6, 5], [7, 6], [7, 5], [8, 4], [9, 3], [10, 2], [9, 3], [10, 4], [11, 5], [11, 6], [12, 6], [13, 7], [14, 7], [15, 7], [16, 6], [17, 7], [18, 7], [19, 6], [20, 5], [20, 6], [21, 7], [22, 8], [23, 7], [24, 6], [25, 5]]
[[1, 3], [2, 3], [3, 2], [4, 3], [4, 4], [5, 5], [6, 6], [7, 6], [7, 5], [8, 4], [8, 3], [8, 2], [9, 3], [10, 4], [11, 3], [11, 4], [12, 5], [13, 5], [14, 6], [15, 6], [16, 6], [17, 6], [18, 7], [19, 6], [20, 5], [20, 6], [21, 6], [22, 6], [23, 7], [24, 6], [25, 5]]
[[1, 3], [2, 4], [3, 5], [4, 6], [5, 5], [6, 6], [7, 5], [8, 5], [9, 4], [10, 4], [9, 5], [10, 4], [11, 5], [12, 4], [13, 5], [14, 4], [14, 5], [15, 6], [16, 7], [16, 8], [17, 8], [18, 7], [19, 6], [19, 7], [20, 6], [21, 7], [21, 6], [22, 5], [23, 6], [24, 6], [25, 5]]
[[1, 3], [2, 3], [3, 2], [4, 1], [5, 2], [4, 1], [3, 2], [4, 3], [4, 4], [4, 5], [3, 4], [4, 4], [5, 3], [5, 2], [6, 1], [7, 1], [7, 2], [8, 1], [8, 0], [8, 1], [8, 0], [7, 1], [8, 1], [9, 0], [10, 1], [11, 1], [12, 1], [13, 0], [14, 0], [15, 0], [16, 0], [17, 0], [18, 0], [19, 1], [20, 1], [21, 2], [22, 3], [21, 4], [22, 5], [23, 5], [24, 6], [25, 5]]
[[1, 3], [2, 3], [3, 3], [4, 4], [5, 5], [6, 5], [6, 6], [7, 7], [8, 7], [9, 6], [10, 5], [11, 5], [10, 6], [10, 5], [11, 6], [12, 5], [13, 5], [14, 5], [15, 6], [15, 7], [16, 6], [17, 5], [18, 4], [18, 5], [19, 4], [20, 4], [20, 5], [20, 4], [21, 3], [22, 3], [21, 4], [22, 4], [22, 5], [23, 6], [24, 7], [24, 8], [25, 9], [24, 9], [25, 10], [25, 9], [25, 10], [25, 9], [24, 8], [23, 7], [24, 6], [25, 5]]
