[[25, 4], [24, 4], [23, 5], [22, 5], [21, 6], [20, 7], [19, 8], [18, 8], [17, 9], [16, 10], [15, 11], [14, 12], [13, 13], [14, 14], [13, 15], [12, 16], [13, 17]]
[[25, 4], [24, 5], [23, 6], [22, 6], [21, 6], [20, 7], [19, 8], [18, 9], [17, 10], [16, 10], [15, 11], [14, 12], [14, 13], [14, 14], [13, 15], [12, 16], [13, 17]]
[[25, 4], [24, 4], [23, 5], [22, 5], [21, 6], [20, 7], [19, 8], [18, 8], [17, 9], [16, 10], [15, 11], [14, 12], [13, 13], [14, 14], [13, 15], [12, 16], [13, 17]]
[[25, 4], [24, 4], [23, 4], [22, 5], [21, 6], [20, 7], [19, 7], [18, 8], [17, 9], [16, 10], [15, 11], [14, 12], [13, 13], [14, 14], [14, 15], [14, 16], [13, 17]]
[[25, 4], [24, 5], [23, 4], [22, 5], [21, 6], [20, 6], [19, 7], [18, 8], [17, 9], [16, 10], [15, 11], [14, 12], [13, 13], [13, 14], [13, 15], [14, 16], [13, 17]]
[[25, 4], [24, 5], [23, 6], [22, 6], [21, 6], [20, 7], [19, 8], [18, 9], [17, 10], [16, 10], [15, 11], [14, 12], [15, 13], [14, 14], [13, 15], [12, 16], [13, 17]]
[[25, 4], [24, 5], [23, 6], [22, 6], [21, 6], [20, 6], [19, 7], [18, 8], [17, 9], [16, 10], [15, 11], [14, 12], [13, 13], [13, 14], [14, 15], [14, 16], [13, 17]]
[[25, 4], [24, 5], [23, 5], [22, 4], [21, 5], [20, 6], [19, 7], [18, 8], [17, 9], [16, 10], [15, 11], [14, 12], [13, 13], [13, 14], [14, 15], [14, 16], [13, 17]]
[[25, 4], [24, 5], [23, 6], [22, 5], [21, 6], [20, 7], [19, 8], [18, 8], [17, 9], [16, 10], [15, 11], [14, 12], [13, 13], [14, 14], [13, 15], [14, 16], [13, 17]]
[[25, 4], [24, 4], [23, 5], [22, 6], [21, 7], [20, 6], [19, 7], [18, 8], [17, 9], [16, 10], [15, 11], [14, 12], [13, 13], [12, 14], [13, 15], [14, 16], [13, 17]]
[[25, 4], [24, 5], [23, 6], [22, 6], [21, 5], [20, 6], [19, 7], [18, 8], [17, 9], [16, 10], [15, 11], [14, 12], [14, 13], [15, 14], [15, 15], [14, 16], [13, 17]]
[[25, 4], [24, 4], [23, 5], [22, 6], [21, 5], [20, 6], [20, 7], [19, 8], [18, 8], [17, 9], [16, 10], [15, 11], [14, 12], [13, 13], [12, 14], [12, 15], [12, 16], [13, 17]]
[[25, 4], [24, 5], [23, 4], [22, 4], [21, 5], [20, 6], [20, 7], [19, 8], [18, 8], [17, 9], [16, 10], [15, 11], [14, 12], [14, 13], [13, 14], [13, 15], [14, 16], [13, 17]]
[[25, 4], [24, 5], [23, 5], [22, 6], [21, 6], [20, 7], [19, 6], [18, 7], [18, 8], [17, 9], [16, 10], [15, 11], [14, 12], [13, 13], [12, 14], [13, 15], [14, 16], [13, 17]]
[[25, 4], [24, 5], [23, 6], [23, 5], [22, 6], [21, 5], [20, 6], [19, 7], [18, 8], [17, 9], [16, 9], [15, 10], [15, 11], [14, 12], [14, 13], [13, 14], [13, 15], [14, 16], [13, 17]]
[[25, 4], [24, 5], [23, 6], [22, 6], [21, 6], [20, 7], [19, 8], [19, 9], [18, 9], [17, 8], [16, 9], [16, 10], [15, 11], [14, 12], [15, 13], [15, 14], [14, 15], [13, 15], [14, 16], [13, 17]]
[[25, 4], [24, 5], [23, 5], [22, 6], [22, 7], [21, 6], [20, 6], [20, 5], [19, 6], [20, 6], [20, 7], [19, 8], [18, 8], [17, 8], [16, 9], [16, 10], [15, 11], [14, 12], [13, 13], [14, 14], [15, 15], [14, 15], [14, 16], [13, 17]]
[[25, 4], [24, 5], [23, 6], [22, 7], [22, 8], [21, 9], [22, 10], [22, 11], [22, 12], [21, 13], [22, 14], [21, 15], [22, 14], [21, 15], [21, 16], [20, 16], [19, 15], [18, 14], [17, 13], [17, 14], [17, 13], [17, 14], [17, 15], [16, 16], [15, 16], [14, 17], [14, 16], [13, 17]]
[[25, 4], [26, 3], [25, 4], [24, 5], [23, 6], [24, 7], [23, 8], [24, 9], [23, 9], [22, 9], [21, 9], [22, 10], [21, 11], [20, 12], [21, 13], [21, 12], [21, 13], [22, 14], [21, 13], [21, 14], [20, 15], [20, 16], [19, 17], [18, 18], [18, 19], [17, 18], [16, 17], [15, 17], [14, 18], [13, 17]]
[[25, 4], [24, 5], [23, 5], [22, 5], [23, 6], [22, 7], [21, 8], [21, 9], [22, 10], [22, 9], [21, 10], [21, 11], [22, 11], [22, 12], [22, 13], [21, 13], [22, 14], [21, 14], [21, 15], [20, 15], [20, 16], [21, 16], [20, 16], [20, 17], [19, 18], [19, 19], [18, 18], [17, 17], [16, 16], [15, 16], [14, 17], [13, 17]]
