[[20, 11], [21, 10], [22, 9], [23, 8], [24, 7], [24, 6], [25, 5]]
[[20, 11], [21, 10], [22, 9], [23, 8], [23, 7], [24, 6], [25, 5]]
[[20, 11], [21, 10], [21, 9], [22, 8], [23, 7], [24, 6], [25, 5]]
[[20, 11], [21, 10], [22, 9], [22, 8], [23, 7], [24, 6], [25, 5]]
[[20, 11], [21, 10], [22, 9], [22, 8], [23, 7], [24, 6], [25, 5]]
[[20, 11], [21, 10], [22, 9], [22, 8], [23, 7], [24, 6], [25, 5]]
[[20, 11], [21, 10], [22, 9], [23, 8], [24, 7], [24, 6], [25, 5]]
[[20, 11], [21, 10], [22, 9], [23, 8], [24, 7], [24, 6], [25, 5]]
[[20, 11], [21, 10], [22, 9], [22, 8], [23, 7], [24, 6], [25, 5]]
[[20, 11], [21, 10], [22, 9], [23, 8], [24, 7], [24, 6], [25, 5]]
[[20, 11], [21, 10], [22, 9], [22, 8], [23, 7], [24, 6], [25, 5]]
[[20, 11], [21, 10], [22, 9], [23, 8], [23, 7], [24, 6], [25, 5]]
[[20, 11], [21, 10], [22, 9], [23, 8], [23, 7], [24, 6], [25, 5]]
[[20, 11], [21, 10], [22, 9], [22, 8], [23, 7], [24, 6], [25, 5]]
[[20, 11], [21, 10], [22, 9], [23, 8], [24, 7], [25, 6], [25, 5]]
[[20, 11], [21, 10], [22, 9], [23, 8], [24, 7], [24, 6], [25, 5]]
[[20, 11], [21, 10], [22, 9], [23, 8], [24, 7], [24, 6], [25, 5]]
[[20, 11], [21, 10], [22, 10], [23, 9], [23, 8], [23, 7], [24, 6], [25, 5]]
[[20, 11], [21, 10], [22, 9], [23, 8], [23, 7], [24, 7], [25, 6], [25, 5]]
[[20, 11], [21, 10], [22, 9], [22, 8], [23, 7], [24, 6], [25, 6], [25, 5]]
