[[1, 19], [2, 18], [3, 17], [4, 16], [5, 15], [6, 15], [7, 14], [8, 13], [9, 14], [10, 13], [11, 12], [12, 13], [13, 12], [14, 13], [15, 12], [16, 13], [17, 12], [18, 12], [19, 11], [20, 10], [21, 10], [22, 11], [23, 11], [24, 10], [25, 10], [26, 9]]
[[1, 19], [2, 19], [3, 18], [4, 17], [5, 16], [6, 15], [7, 14], [8, 13], [9, 12], [10, 13], [11, 13], [12, 12], [13, 12], [14, 11], [15, 12], [16, 12], [17, 13], [18, 13], [19, 13], [20, 12], [21, 11], [22, 12], [23, 11], [24, 10], [25, 10], [26, 9]]
[[1, 19], [2, 18], [3, 17], [4, 16], [5, 15], [6, 14], [7, 14], [8, 15], [9, 14], [10, 13], [11, 12], [12, 13], [13, 13], [14, 13], [15, 13], [16, 14], [17, 13], [18, 13], [19, 13], [20, 12], [21, 11], [22, 11], [23, 11], [24, 10], [25, 9], [26, 9]]
[[1, 19], [2, 18], [3, 17], [4, 16], [5, 15], [6, 15], [7, 14], [8, 13], [9, 14], [10, 13], [11, 12], [12, 13], [13, 12], [14, 13], [15, 12], [16, 13], [17, 12], [18, 12], [19, 11], [20, 10], [21, 10], [22, 11], [23, 11], [24, 10], [25, 10], [26, 9]]
[[1, 19], [2, 18], [3, 18], [4, 17], [5, 16], [6, 15], [7, 14], [8, 13], [9, 14], [10, 13], [11, 12], [12, 12], [13, 13], [14, 13], [15, 12], [16, 13], [17, 12], [18, 11], [19, 10], [20, 10], [21, 11], [22, 10], [23, 9], [24, 10], [25, 10], [26, 9]]
[[1, 19], [2, 18], [3, 17], [4, 16], [5, 15], [6, 14], [7, 14], [8, 13], [9, 12], [10, 12], [11, 11], [12, 12], [13, 13], [14, 12], [15, 11], [16, 11], [17, 12], [18, 12], [19, 11], [20, 12], [21, 11], [22, 11], [23, 10], [24, 9], [25, 8], [26, 9]]
[[1, 19], [2, 18], [3, 17], [4, 17], [5, 16], [6, 16], [7, 16], [8, 15], [9, 14], [10, 13], [11, 14], [12, 13], [13, 13], [14, 14], [15, 14], [16, 15], [17, 14], [18, 13], [19, 13], [20, 12], [21, 11], [22, 11], [23, 11], [24, 11], [25, 10], [26, 9]]
[[1, 19], [2, 18], [3, 17], [4, 16], [5, 15], [6, 15], [7, 14], [8, 13], [9, 12], [10, 12], [11, 11], [12, 12], [13, 12], [14, 13], [15, 14], [16, 15], [17, 15], [18, 14], [19, 13], [20, 12], [21, 11], [22, 12], [23, 11], [24, 10], [25, 10], [26, 9]]
[[1, 19], [2, 18], [3, 17], [4, 16], [5, 15], [6, 15], [7, 14], [8, 14], [9, 14], [10, 13], [11, 13], [12, 14], [13, 13], [14, 13], [15, 12], [16, 13], [17, 14], [18, 14], [19, 13], [20, 12], [21, 11], [22, 10], [23, 10], [24, 9], [25, 10], [26, 9]]
[[1, 19], [2, 18], [3, 18], [4, 17], [5, 16], [6, 15], [7, 14], [8, 13], [9, 14], [10, 13], [11, 14], [12, 13], [13, 13], [14, 14], [15, 13], [16, 13], [17, 12], [18, 12], [19, 11], [20, 10], [21, 10], [22, 10], [23, 11], [24, 10], [25, 10], [26, 9]]
[[1, 19], [2, 18], [3, 17], [4, 16], [5, 16], [6, 15], [7, 14], [8, 13], [9, 13], [10, 13], [11, 14], [12, 14], [13, 14], [14, 13], [15, 14], [16, 15], [17, 14], [18, 13], [19, 13], [20, 12], [21, 11], [22, 10], [23, 9], [24, 8], [25, 9], [26, 9]]
[[1, 19], [2, 18], [3, 17], [4, 16], [5, 15], [6, 15], [7, 14], [8, 14], [9, 13], [10, 12], [11, 11], [12, 12], [13, 12], [14, 13], [15, 14], [16, 14], [17, 15], [18, 14], [19, 13], [20, 12], [21, 11], [22, 11], [23, 10], [24, 10], [25, 9], [26, 9]]
[[1, 19], [2, 18], [3, 18], [4, 17], [5, 16], [6, 15], [7, 16], [8, 15], [9, 14], [10, 13], [11, 12], [12, 13], [13, 13], [14, 13], [15, 12], [16, 11], [17, 11], [18, 12], [19, 11], [20, 12], [21, 11], [22, 11], [23, 10], [24, 11], [25, 10], [26, 9]]
[[1, 19], [2, 19], [3, 18], [4, 17], [5, 16], [6, 15], [7, 14], [8, 15], [9, 14], [10, 13], [11, 12], [12, 13], [13, 12], [14, 13], [15, 12], [16, 12], [17, 13], [18, 14], [19, 13], [20, 12], [21, 11], [22, 10], [23, 10], [24, 10], [25, 9], [26, 9]]
[[1, 19], [2, 19], [3, 18], [4, 17], [5, 16], [6, 15], [7, 14], [8, 13], [9, 13], [10, 13], [11, 14], [12, 13], [13, 14], [14, 13], [15, 14], [16, 14], [17, 13], [18, 13], [19, 13], [20, 12], [21, 11], [22, 11], [23, 10], [24, 10], [25, 9], [26, 9]]
[[1, 19], [2, 19], [3, 18], [4, 17], [5, 16], [6, 15], [7, 14], [8, 13], [9, 14], [10, 13], [11, 12], [12, 13], [13, 14], [14, 13], [15, 12], [16, 13], [17, 14], [18, 14], [19, 13], [20, 12], [21, 11], [22, 10], [23, 10], [24, 9], [25, 10], [26, 9]]
[[1, 19], [2, 18], [2, 17], [3, 16], [4, 15], [5, 15], [6, 15], [7, 14], [8, 14], [9, 14], [10, 13], [11, 14], [12, 14], [13, 14], [14, 13], [15, 14], [16, 14], [17, 14], [18, 14], [19, 13], [20, 12], [21, 11], [22, 10], [23, 10], [24, 9], [25, 9], [26, 9]]
[[1, 19], [2, 18], [3, 18], [3, 17], [4, 17], [5, 16], [6, 15], [7, 14], [8, 14], [9, 14], [10, 13], [11, 13], [12, 14], [13, 14], [14, 14], [15, 13], [16, 13], [17, 14], [18, 13], [19, 13], [20, 12], [21, 11], [22, 11], [23, 10], [24, 9], [25, 10], [26, 10], [26, 9]]
[[1, 19], [1, 18], [2, 17], [3, 16], [4, 15], [5, 16], [6, 15], [6, 14], [6, 13], [7, 12], [7, 13], [8, 13], [8, 12], [9, 12], [10, 11], [10, 12], [11, 13], [12, 13], [13, 13], [14, 13], [15, 13], [16, 13], [17, 12], [18, 11], [19, 11], [20, 12], [21, 11], [22, 10], [23, 9], [24, 10], [25, 9], [26, 9]]
[[1, 19], [2, 19], [3, 19], [4, 18], [3, 17], [2, 16], [3, 15], [3, 16], [4, 15], [5, 14], [6, 13], [7, 12], [8, 12], [8, 11], [9, 11], [10, 12], [11, 12], [12, 13], [13, 12], [14, 12], [15, 11], [16, 11], [17, 12], [18, 11], [19, 10], [20, 11], [21, 11], [22, 11], [23, 10], [24, 10], [25, 11], [26, 10], [26, 9]]
