[[24, 9], [25, 8], [24, 7], [24, 6], [24, 5], [24, 4], [23, 3], [22, 2]]
[[24, 9], [25, 8], [24, 7], [25, 6], [24, 5], [24, 4], [23, 3], [22, 2]]
[[24, 9], [23, 8], [22, 7], [23, 6], [23, 5], [23, 4], [23, 3], [22, 2]]
[[24, 9], [25, 8], [24, 7], [24, 6], [24, 5], [24, 4], [23, 3], [22, 2]]
[[24, 9], [24, 8], [24, 7], [25, 6], [24, 5], [24, 4], [23, 3], [22, 2]]
[[24, 9], [23, 8], [22, 7], [22, 6], [22, 5], [23, 4], [23, 3], [22, 2]]
[[24, 9], [25, 8], [25, 7], [25, 6], [24, 5], [23, 4], [22, 3], [22, 2]]
[[24, 9], [23, 8], [22, 7], [23, 6], [24, 5], [23, 4], [22, 3], [22, 2]]
[[24, 9], [25, 8], [24, 7], [24, 6], [24, 5], [23, 4], [23, 3], [22, 2]]
[[24, 9], [24, 8], [24, 7], [23, 6], [22, 5], [23, 4], [22, 3], [22, 2]]
[[24, 9], [23, 8], [22, 7], [23, 6], [24, 5], [23, 4], [23, 3], [22, 2]]
[[24, 9], [23, 8], [22, 7], [22, 6], [23, 5], [24, 4], [24, 3], [23, 2], [22, 2]]
[[24, 9], [24, 8], [23, 8], [23, 9], [22, 9], [22, 10], [22, 11], [21, 12], [21, 11], [22, 12], [23, 12], [23, 11], [24, 12], [23, 13], [24, 14], [24, 15], [25, 14], [26, 15], [27, 16], [28, 15], [28, 14], [29, 15], [29, 14], [28, 13], [29, 12], [29, 11], [29, 10], [28, 10], [27, 11], [26, 10], [26, 9], [25, 8], [26, 8], [26, 7], [25, 7], [26, 6], [25, 5], [26, 5], [27, 4], [27, 5], [28, 6], [28, 7], [27, 7], [27, 8], [28, 8], [29, 7], [29, 6], [28, 5], [29, 5], [29, 4], [29, 3], [29, 2], [29, 1], [28, 0], [27, 1], [27, 2], [26, 3], [25, 3], [26, 4], [25, 4], [24, 5], [25, 6], [24, 6], [23, 5], [22, 6], [23, 6], [22, 5], [21, 4], [20, 5], [21, 5], [22, 4], [23, 4], [24, 3], [25, 2], [26, 1], [25, 1], [25, 0], [24, 1], [25, 2], [26, 1], [27, 2], [27, 3], [28, 3], [29, 2], [28, 1], [28, 0], [27, 0], [26, 0], [25, 0], [24, 0], [23, 1], [23, 0], [22, 1], [22, 2]]
