[[12, 1], [12, 2], [12, 3], [11, 4], [10, 5], [9, 6], [8, 7], [8, 8], [8, 9], [8, 10], [7, 11]]
[[12, 1], [11, 2], [11, 3], [10, 4], [9, 5], [8, 6], [7, 7], [7, 8], [6, 9], [7, 10], [7, 11]]
[[12, 1], [12, 2], [11, 3], [10, 4], [9, 5], [9, 6], [8, 7], [8, 8], [8, 9], [8, 10], [7, 11]]
[[12, 1], [12, 2], [11, 3], [10, 4], [9, 5], [8, 6], [7, 7], [8, 8], [8, 9], [7, 10], [7, 11]]
[[12, 1], [11, 2], [10, 3], [9, 4], [9, 5], [8, 6], [8, 7], [8, 8], [8, 9], [8, 10], [7, 11]]
[[12, 1], [12, 2], [12, 3], [11, 4], [10, 5], [9, 6], [8, 7], [8, 8], [8, 9], [8, 10], [7, 11]]
[[12, 1], [11, 2], [11, 3], [10, 4], [9, 5], [8, 6], [8, 7], [8, 8], [8, 9], [7, 10], [7, 11]]
[[12, 1], [12, 2], [11, 3], [10, 4], [10, 5], [9, 6], [8, 7], [8, 8], [7, 9], [6, 10], [7, 11]]
[[12, 1], [11, 2], [12, 3], [11, 4], [10, 5], [9, 6], [8, 7], [7, 8], [8, 9], [7, 10], [7, 11]]
[[12, 1], [11, 2], [10, 3], [10, 4], [10, 5], [9, 6], [8, 7], [8, 8], [8, 9], [8, 10], [7, 11]]
[[12, 1], [11, 2], [10, 3], [9, 4], [9, 5], [9, 6], [8, 7], [8, 8], [7, 9], [6, 10], [7, 11]]
[[12, 1], [11, 2], [10, 3], [11, 4], [10, 5], [9, 6], [8, 7], [7, 8], [7, 9], [6, 10], [7, 11]]
[[12, 1], [11, 2], [10, 3], [9, 4], [10, 5], [9, 6], [10, 7], [9, 8], [8, 9], [7, 10], [7, 11]]
[[12, 1], [11, 2], [12, 3], [11, 4], [10, 5], [9, 6], [8, 7], [7, 8], [6, 9], [7, 10], [7, 11]]
[[12, 1], [11, 2], [10, 3], [11, 4], [10, 5], [9, 6], [8, 7], [7, 8], [7, 9], [6, 10], [7, 11]]
[[12, 1], [11, 2], [10, 3], [10, 4], [9, 5], [9, 6], [8, 6], [7, 7], [6, 8], [7, 9], [6, 10], [7, 11]]
[[12, 1], [12, 2], [11, 3], [10, 4], [9, 5], [8, 6], [7, 6], [7, 7], [7, 8], [7, 9], [8, 10], [7, 11]]
[[12, 1], [11, 2], [10, 3], [10, 4], [9, 5], [9, 6], [8, 7], [8, 8], [8, 9], [8, 8], [7, 9], [8, 10], [7, 11]]
[[12, 1], [12, 2], [11, 3], [11, 4], [10, 5], [9, 5], [9, 6], [8, 6], [7, 7], [8, 8], [8, 9], [7, 10], [7, 11]]
[[12, 1], [11, 2], [10, 3], [10, 4], [9, 5], [9, 6], [8, 6], [8, 7], [7, 7], [7, 8], [6, 9], [7, 10], [7, 11]]
