[[28, 1], [27, 2], [27, 3], [26, 4], [25, 5], [26, 6], [25, 7], [24, 8], [23, 9], [22, 10], [21, 11], [20, 12], [20, 13], [19, 14], [18, 15], [18, 16], [17, 17]]
[[28, 1], [27, 2], [27, 3], [27, 4], [26, 5], [25, 6], [24, 7], [23, 8], [22, 9], [21, 10], [21, 11], [20, 12], [19, 13], [18, 14], [17, 15], [16, 16], [17, 17]]
[[28, 1], [27, 2], [26, 3], [25, 4], [25, 5], [24, 6], [23, 7], [24, 8], [23, 9], [22, 10], [21, 11], [20, 12], [21, 13], [20, 14], [19, 15], [18, 16], [17, 17]]
[[28, 1], [27, 2], [27, 3], [26, 4], [25, 5], [26, 6], [25, 7], [24, 8], [23, 9], [22, 10], [21, 11], [20, 12], [20, 13], [19, 14], [18, 15], [18, 16], [17, 17]]
[[28, 1], [27, 2], [26, 3], [26, 4], [25, 5], [25, 6], [24, 7], [24, 8], [23, 9], [22, 10], [21, 11], [20, 12], [19, 13], [18, 14], [17, 15], [17, 16], [17, 17]]
[[28, 1], [27, 2], [27, 3], [27, 4], [26, 5], [26, 6], [25, 7], [24, 8], [23, 9], [22, 10], [21, 11], [20, 12], [20, 13], [19, 14], [19, 15], [18, 16], [17, 17]]
[[28, 1], [27, 2], [26, 3], [27, 4], [26, 5], [25, 6], [25, 7], [24, 8], [23, 9], [22, 10], [21, 11], [20, 12], [20, 13], [19, 14], [19, 15], [18, 16], [17, 17]]
[[28, 1], [27, 2], [27, 3], [27, 4], [26, 5], [25, 6], [25, 7], [24, 8], [23, 9], [22, 10], [21, 11], [20, 12], [19, 13], [18, 14], [17, 15], [17, 16], [17, 17]]
[[28, 1], [27, 2], [26, 3], [26, 4], [26, 5], [25, 6], [24, 7], [23, 8], [22, 9], [22, 10], [21, 11], [20, 12], [21, 13], [20, 14], [19, 15], [18, 16], [17, 17]]
[[28, 1], [27, 2], [27, 3], [26, 4], [25, 5], [24, 6], [24, 7], [23, 8], [22, 9], [21, 10], [20, 11], [19, 12], [20, 13], [19, 14], [19, 15], [18, 16], [17, 17]]
[[28, 1], [27, 2], [27, 3], [28, 4], [27, 5], [26, 6], [25, 7], [24, 8], [23, 9], [22, 10], [21, 11], [20, 12], [20, 13], [19, 14], [18, 15], [18, 16], [17, 17]]
[[28, 1], [29, 2], [28, 3], [27, 4], [26, 5], [26, 6], [25, 7], [24, 8], [23, 9], [22, 10], [21, 11], [20, 12], [19, 13], [18, 14], [17, 15], [16, 16], [17, 17]]
[[28, 1], [27, 2], [28, 3], [27, 4], [26, 5], [25, 6], [25, 7], [24, 8], [23, 9], [22, 10], [21, 11], [20, 12], [19, 13], [19, 14], [18, 15], [18, 16], [17, 17]]
[[28, 1], [29, 2], [29, 3], [28, 4], [27, 5], [26, 6], [25, 7], [24, 8], [23, 9], [22, 10], [21, 11], [20, 12], [19, 13], [18, 14], [17, 15], [16, 16], [17, 17]]
[[28, 1], [27, 2], [28, 3], [28, 4], [27, 5], [27, 6], [26, 7], [25, 8], [24, 8], [23, 9], [22, 10], [21, 11], [20, 12], [19, 13], [18, 14], [17, 15], [17, 16], [17, 17]]
[[28, 1], [27, 2], [28, 3], [28, 4], [27, 5], [27, 6], [26, 7], [25, 8], [24, 8], [23, 9], [22, 10], [21, 11], [20, 12], [20, 13], [19, 14], [18, 15], [17, 16], [17, 17]]
[[28, 1], [29, 2], [29, 3], [28, 4], [28, 5], [27, 6], [26, 7], [25, 8], [24, 9], [23, 10], [22, 11], [21, 11], [20, 12], [19, 13], [18, 14], [18, 15], [18, 16], [17, 17]]
[[28, 1], [27, 2], [27, 3], [27, 4], [27, 5], [26, 6], [27, 6], [27, 7], [26, 8], [25, 9], [24, 10], [23, 11], [22, 12], [21, 11], [20, 12], [19, 13], [18, 14], [18, 15], [17, 16], [17, 17]]
[[28, 1], [27, 2], [28, 3], [28, 4], [27, 5], [28, 5], [28, 6], [27, 7], [26, 8], [25, 7], [24, 8], [23, 9], [22, 10], [21, 11], [20, 12], [20, 13], [20, 14], [19, 15], [18, 16], [17, 17]]
[[28, 1], [27, 2], [27, 3], [27, 4], [27, 5], [26, 6], [27, 7], [26, 8], [25, 8], [25, 7], [24, 7], [24, 8], [23, 9], [22, 9], [21, 10], [20, 11], [19, 12], [18, 13], [19, 14], [18, 15], [18, 16], [17, 17]]
