[[26, 7], [27, 8], [27, 9], [28, 10], [28, 11], [29, 12], [29, 13], [29, 14]]
[[26, 7], [26, 8], [27, 9], [27, 10], [27, 11], [27, 12], [28, 13], [29, 14]]
[[26, 7], [27, 8], [28, 9], [27, 10], [28, 11], [28, 12], [29, 13], [29, 14]]
[[26, 7], [27, 8], [27, 9], [28, 10], [29, 11], [28, 12], [29, 13], [29, 14]]
[[26, 7], [27, 8], [28, 9], [29, 10], [28, 11], [28, 12], [28, 13], [29, 14]]
[[26, 7], [27, 8], [28, 9], [29, 10], [28, 11], [28, 12], [28, 13], [29, 14]]
[[26, 7], [26, 8], [27, 9], [27, 10], [28, 11], [29, 12], [28, 13], [29, 14]]
[[26, 7], [27, 8], [28, 9], [27, 10], [26, 11], [27, 12], [28, 13], [29, 14]]
[[26, 7], [27, 8], [27, 9], [28, 10], [28, 11], [29, 12], [29, 13], [29, 14]]
[[26, 7], [27, 8], [28, 9], [29, 10], [29, 11], [29, 12], [29, 13], [28, 14], [29, 15], [29, 14]]
[[26, 7], [27, 7], [28, 6], [27, 7], [28, 8], [28, 9], [29, 10], [28, 11], [27, 12], [27, 13], [28, 13], [29, 14]]
[[26, 7], [26, 8], [27, 9], [28, 8], [28, 7], [28, 8], [28, 9], [29, 10], [28, 11], [28, 12], [29, 12], [28, 13], [29, 14]]
[[26, 7], [25, 7], [25, 8], [26, 8], [26, 9], [25, 10], [24, 11], [25, 12], [25, 11], [26, 11], [27, 12], [28, 13], [27, 14], [28, 15], [29, 14]]
[[26, 7], [25, 7], [26, 7], [26, 8], [27, 9], [27, 10], [28, 11], [27, 10], [28, 11], [27, 12], [28, 13], [27, 14], [27, 13], [28, 13], [29, 14]]
[[26, 7], [25, 8], [24, 9], [23, 10], [24, 10], [24, 9], [23, 9], [24, 10], [24, 9], [23, 9], [22, 8], [23, 7], [23, 8], [24, 7], [25, 7], [25, 8], [26, 8], [27, 9], [26, 10], [26, 11], [25, 12], [26, 11], [25, 12], [26, 12], [27, 13], [27, 12], [28, 12], [29, 12], [28, 12], [29, 12], [29, 13], [29, 14], [28, 15], [29, 15], [28, 14], [29, 14]]
