[[29, 12], [28, 12], [27, 12], [26, 13], [25, 14], [24, 14], [23, 15], [22, 16], [21, 16], [20, 17]]
[[29, 12], [28, 12], [27, 12], [26, 13], [25, 14], [24, 14], [23, 15], [22, 16], [21, 17], [20, 17]]
[[29, 12], [28, 13], [27, 14], [26, 14], [25, 14], [24, 15], [23, 15], [22, 16], [21, 16], [20, 17]]
[[29, 12], [28, 12], [27, 12], [26, 13], [25, 14], [24, 14], [23, 15], [22, 16], [21, 16], [20, 17]]
[[29, 12], [28, 11], [27, 12], [26, 13], [25, 14], [24, 15], [23, 16], [22, 15], [21, 16], [20, 17]]
[[29, 12], [28, 12], [27, 13], [26, 13], [25, 14], [24, 15], [23, 16], [22, 16], [21, 17], [20, 17]]
[[29, 12], [28, 11], [27, 12], [26, 13], [25, 14], [24, 15], [23, 15], [22, 16], [21, 17], [20, 17]]
[[29, 12], [28, 13], [27, 14], [26, 15], [25, 15], [24, 16], [23, 17], [22, 17], [21, 18], [20, 17]]
[[29, 12], [28, 13], [27, 13], [26, 14], [25, 13], [24, 14], [23, 15], [22, 16], [21, 17], [20, 17]]
[[29, 12], [28, 13], [27, 14], [26, 13], [25, 14], [24, 13], [23, 14], [22, 15], [21, 16], [20, 17]]
[[29, 12], [28, 12], [27, 13], [26, 12], [25, 13], [24, 13], [23, 14], [23, 15], [22, 16], [21, 16], [20, 17]]
[[29, 12], [28, 12], [27, 11], [26, 10], [25, 11], [24, 12], [23, 12], [23, 13], [23, 14], [22, 14], [21, 15], [20, 16], [20, 17]]
[[29, 12], [28, 11], [27, 10], [27, 11], [27, 10], [26, 11], [25, 11], [24, 11], [23, 12], [24, 13], [23, 14], [22, 15], [21, 16], [20, 17]]
[[29, 12], [29, 13], [28, 13], [27, 12], [27, 11], [26, 12], [25, 13], [26, 14], [26, 15], [25, 14], [25, 15], [24, 16], [23, 16], [23, 17], [22, 18], [22, 17], [21, 18], [20, 18], [20, 17]]
