[[13, 2], [13, 3], [13, 4], [14, 5], [14, 6], [14, 7], [15, 8], [15, 9]]
[[13, 2], [12, 3], [13, 4], [13, 5], [13, 6], [13, 7], [14, 8], [15, 9]]
[[13, 2], [12, 3], [11, 4], [11, 5], [12, 6], [13, 7], [14, 8], [15, 9]]
[[13, 2], [13, 3], [14, 4], [13, 5], [14, 6], [15, 7], [15, 8], [15, 9]]
[[13, 2], [13, 3], [13, 4], [14, 5], [14, 6], [14, 7], [15, 8], [15, 9]]
[[13, 2], [13, 3], [13, 4], [13, 5], [13, 6], [14, 7], [15, 8], [15, 9]]
[[13, 2], [13, 3], [12, 4], [13, 5], [13, 6], [13, 7], [14, 8], [15, 9]]
[[13, 2], [12, 3], [11, 4], [12, 5], [12, 6], [13, 7], [14, 8], [15, 9]]
[[13, 2], [14, 3], [14, 4], [14, 5], [15, 6], [16, 7], [16, 8], [15, 9]]
[[13, 2], [14, 3], [15, 4], [16, 5], [15, 6], [14, 7], [15, 8], [15, 9]]
[[13, 2], [12, 3], [13, 4], [13, 5], [13, 6], [14, 7], [14, 8], [15, 9]]
[[13, 2], [14, 3], [15, 4], [14, 5], [15, 6], [15, 7], [15, 8], [15, 9]]
[[13, 2], [14, 3], [15, 4], [14, 5], [15, 6], [15, 7], [15, 8], [15, 9]]
[[13, 2], [12, 2], [13, 3], [12, 4], [12, 5], [13, 5], [13, 6], [13, 7], [14, 7], [14, 8], [15, 9]]
[[13, 2], [12, 1], [11, 2], [12, 2], [13, 3], [13, 4], [12, 5], [12, 6], [12, 5], [11, 4], [12, 5], [12, 6], [13, 7], [14, 8], [15, 9]]
[[13, 2], [12, 2], [11, 3], [12, 4], [11, 4], [10, 4], [11, 4], [11, 5], [10, 6], [11, 6], [10, 6], [9, 7], [9, 8], [9, 9], [8, 9], [9, 10], [8, 10], [7, 11], [6, 11], [7, 12], [8, 11], [9, 12], [10, 12], [11, 11], [10, 11], [11, 12], [12, 13], [13, 12], [14, 11], [15, 11], [15, 10], [15, 9]]
[[13, 2], [14, 2], [14, 1], [14, 2], [15, 1], [15, 0], [16, 1], [15, 1], [14, 0], [13, 1], [12, 2], [11, 3], [12, 3], [12, 4], [13, 5], [13, 4], [14, 3], [13, 4], [14, 5], [14, 6], [14, 7], [14, 6], [13, 7], [14, 8], [13, 9], [12, 10], [13, 11], [13, 12], [13, 11], [14, 11], [15, 12], [16, 11], [15, 10], [15, 9], [14, 9], [15, 9]]
[[13, 2], [14, 2], [14, 1], [15, 1], [15, 2], [16, 2], [17, 2], [18, 2], [18, 3], [18, 4], [17, 3], [16, 4], [17, 5], [17, 6], [18, 6], [18, 5], [19, 4], [20, 3], [21, 3], [21, 4], [20, 4], [20, 5], [19, 5], [20, 6], [21, 7], [20, 7], [19, 6], [18, 7], [19, 8], [18, 9], [18, 10], [18, 11], [17, 12], [17, 11], [16, 10], [16, 11], [17, 10], [16, 9], [15, 10], [14, 9], [15, 9]]
