[[18, 0], [17, 0], [16, 0], [15, 1], [14, 0], [13, 0], [12, 1], [11, 2], [10, 1], [9, 1], [8, 2], [7, 3], [6, 2], [5, 1], [4, 2], [3, 2], [2, 1]]
[[18, 0], [17, 1], [16, 1], [15, 0], [14, 1], [13, 1], [12, 0], [11, 0], [10, 0], [9, 1], [8, 0], [7, 0], [6, 0], [5, 1], [4, 1], [3, 2], [2, 1]]
[[18, 0], [17, 1], [16, 1], [15, 2], [14, 3], [13, 4], [12, 3], [11, 4], [10, 3], [9, 3], [8, 2], [7, 3], [6, 3], [5, 2], [4, 1], [3, 2], [2, 1]]
[[18, 0], [17, 1], [16, 1], [15, 1], [14, 2], [13, 1], [12, 1], [11, 0], [10, 1], [9, 1], [8, 2], [7, 1], [6, 2], [5, 2], [4, 2], [3, 2], [2, 1]]
[[18, 0], [17, 0], [16, 0], [15, 1], [14, 0], [13, 0], [12, 1], [11, 2], [10, 1], [9, 1], [8, 2], [7, 3], [6, 2], [5, 1], [4, 2], [3, 2], [2, 1]]
[[18, 0], [17, 0], [16, 1], [15, 0], [14, 1], [13, 2], [12, 1], [11, 2], [10, 2], [9, 3], [8, 3], [7, 2], [6, 1], [5, 0], [4, 1], [3, 0], [2, 1]]
[[18, 0], [17, 1], [16, 0], [15, 1], [14, 2], [13, 2], [12, 1], [11, 2], [10, 2], [9, 2], [8, 2], [7, 3], [6, 3], [5, 3], [4, 3], [3, 2], [2, 1]]
[[18, 0], [17, 0], [16, 1], [15, 2], [14, 1], [13, 1], [12, 1], [11, 2], [10, 2], [9, 2], [8, 3], [7, 2], [6, 2], [5, 2], [4, 2], [3, 1], [2, 1]]
[[18, 0], [17, 1], [16, 1], [15, 2], [14, 1], [13, 1], [12, 1], [11, 2], [10, 2], [9, 2], [8, 2], [7, 3], [6, 3], [5, 2], [4, 2], [3, 2], [2, 1]]
[[18, 0], [17, 0], [16, 1], [15, 2], [14, 2], [13, 2], [12, 1], [11, 2], [10, 3], [9, 2], [8, 3], [7, 3], [6, 4], [5, 4], [4, 3], [3, 2], [2, 1]]
[[18, 0], [17, 1], [16, 1], [15, 1], [14, 2], [13, 3], [12, 3], [11, 3], [10, 4], [9, 3], [8, 3], [7, 4], [6, 3], [5, 4], [4, 3], [3, 2], [2, 1]]
[[18, 0], [17, 0], [16, 0], [15, 1], [14, 2], [13, 1], [12, 1], [11, 2], [10, 1], [9, 1], [8, 2], [7, 2], [6, 2], [5, 2], [4, 1], [3, 1], [2, 1]]
[[18, 0], [17, 1], [16, 2], [15, 1], [14, 1], [13, 2], [12, 3], [11, 3], [10, 3], [9, 2], [8, 2], [7, 3], [6, 3], [5, 2], [4, 1], [3, 1], [2, 1]]
[[18, 0], [17, 1], [16, 1], [15, 2], [14, 2], [13, 2], [12, 1], [11, 0], [10, 0], [9, 1], [8, 2], [7, 3], [6, 2], [5, 2], [4, 2], [3, 1], [2, 1]]
[[18, 0], [17, 1], [16, 0], [15, 1], [14, 0], [13, 0], [12, 1], [11, 2], [10, 2], [9, 1], [8, 2], [7, 2], [6, 3], [5, 2], [4, 1], [3, 1], [2, 1]]
[[18, 0], [17, 1], [16, 2], [15, 2], [14, 1], [13, 1], [12, 1], [11, 2], [10, 2], [9, 2], [8, 3], [7, 2], [6, 2], [5, 3], [4, 2], [3, 2], [2, 1]]
[[18, 0], [17, 0], [17, 1], [16, 0], [15, 1], [14, 1], [13, 1], [12, 1], [13, 2], [12, 3], [11, 3], [10, 4], [9, 3], [8, 2], [7, 3], [6, 2], [6, 1], [5, 2], [4, 1], [3, 0], [2, 1]]
[[18, 0], [17, 0], [17, 1], [16, 0], [15, 1], [14, 1], [13, 1], [12, 1], [13, 2], [12, 3], [11, 3], [10, 4], [9, 3], [8, 2], [7, 3], [6, 2], [5, 3], [4, 2], [4, 3], [3, 2], [2, 1]]
[[18, 0], [18, 1], [17, 2], [16, 2], [16, 1], [17, 0], [16, 0], [15, 0], [14, 0], [13, 0], [12, 0], [12, 1], [11, 2], [10, 2], [9, 3], [8, 2], [7, 1], [6, 2], [5, 1], [4, 2], [3, 2], [2, 1]]
[[18, 0], [17, 1], [16, 2], [15, 1], [16, 1], [15, 0], [14, 1], [13, 1], [12, 1], [12, 2], [12, 3], [13, 2], [12, 2], [11, 2], [10, 1], [9, 2], [8, 2], [7, 3], [7, 2], [6, 2], [5, 2], [4, 1], [3, 2], [2, 1]]
