[[16, 0], [17, 1], [17, 2], [18, 3], [18, 4], [17, 5]]
[[16, 0], [17, 1], [17, 2], [18, 3], [18, 4], [17, 5]]
[[16, 0], [17, 1], [18, 2], [17, 3], [18, 4], [17, 5]]
[[16, 0], [17, 1], [18, 2], [19, 3], [18, 4], [17, 5]]
[[16, 0], [17, 1], [18, 2], [18, 3], [18, 4], [17, 5]]
[[16, 0], [17, 1], [17, 2], [17, 3], [16, 4], [17, 5]]
[[16, 0], [17, 1], [18, 2], [18, 3], [18, 4], [17, 5]]
[[16, 0], [17, 1], [18, 2], [18, 3], [18, 4], [17, 5]]
[[16, 0], [15, 1], [15, 2], [16, 3], [16, 4], [17, 5]]
[[16, 0], [15, 1], [15, 2], [16, 3], [16, 4], [17, 5]]
[[16, 0], [17, 1], [17, 2], [17, 3], [16, 4], [17, 5]]
[[16, 0], [17, 1], [18, 2], [18, 3], [18, 4], [17, 5]]
[[16, 0], [17, 1], [17, 2], [18, 3], [18, 4], [17, 5]]
[[16, 0], [16, 1], [17, 2], [17, 3], [18, 4], [17, 5]]
[[16, 0], [16, 1], [17, 2], [18, 3], [18, 4], [17, 5]]
[[16, 0], [17, 1], [18, 2], [17, 3], [18, 4], [17, 5]]
[[16, 0], [17, 0], [16, 1], [15, 1], [14, 2], [15, 3], [16, 4], [17, 5]]
[[16, 0], [17, 1], [17, 2], [18, 3], [19, 3], [18, 4], [17, 3], [16, 4], [17, 5]]
[[16, 0], [17, 1], [17, 2], [18, 1], [17, 2], [17, 3], [16, 4], [16, 5], [17, 5]]
