[[8, 14], [9, 13], [10, 12], [11, 11], [12, 12], [13, 11], [14, 11], [15, 12], [16, 13], [17, 13], [18, 14], [19, 15], [20, 15], [21, 16], [22, 16], [23, 15], [24, 15], [25, 15], [26, 14], [27, 13], [28, 12], [29, 11]]
[[8, 14], [9, 13], [10, 14], [11, 14], [12, 15], [13, 14], [14, 14], [15, 15], [16, 14], [17, 14], [18, 13], [19, 13], [20, 12], [21, 12], [22, 13], [23, 12], [24, 12], [25, 12], [26, 12], [27, 11], [28, 12], [29, 11]]
[[8, 14], [9, 13], [10, 12], [11, 12], [12, 12], [13, 11], [14, 11], [15, 12], [16, 11], [17, 12], [18, 12], [19, 13], [20, 14], [21, 13], [22, 14], [23, 13], [24, 14], [25, 13], [26, 13], [27, 12], [28, 12], [29, 11]]
[[8, 14], [9, 14], [10, 15], [11, 15], [12, 16], [13, 17], [14, 16], [15, 16], [16, 15], [17, 14], [18, 13], [19, 13], [20, 14], [21, 13], [22, 13], [23, 12], [24, 12], [25, 12], [26, 12], [27, 11], [28, 11], [29, 11]]
[[8, 14], [9, 13], [10, 12], [11, 12], [12, 12], [13, 11], [14, 12], [15, 12], [16, 12], [17, 13], [18, 13], [19, 14], [20, 14], [21, 15], [22, 15], [23, 16], [24, 15], [25, 15], [26, 14], [27, 13], [28, 12], [29, 11]]
[[8, 14], [9, 14], [10, 15], [11, 16], [12, 15], [13, 14], [14, 14], [15, 13], [16, 13], [17, 12], [18, 13], [19, 13], [20, 12], [21, 12], [22, 12], [23, 12], [24, 11], [25, 12], [26, 11], [27, 11], [28, 11], [29, 11]]
[[8, 14], [9, 13], [10, 12], [11, 12], [12, 12], [13, 11], [14, 11], [15, 11], [16, 11], [17, 12], [18, 13], [19, 14], [20, 14], [21, 15], [22, 14], [23, 15], [24, 14], [25, 13], [26, 12], [27, 11], [28, 11], [29, 11]]
[[8, 14], [9, 13], [10, 14], [11, 15], [12, 14], [13, 15], [14, 14], [15, 13], [16, 12], [17, 12], [18, 13], [19, 13], [20, 12], [21, 12], [22, 13], [23, 13], [24, 13], [25, 13], [26, 12], [27, 12], [28, 12], [29, 11]]
[[8, 14], [9, 14], [10, 13], [11, 12], [12, 12], [13, 11], [14, 11], [15, 12], [16, 12], [17, 12], [18, 13], [19, 12], [20, 11], [21, 12], [22, 13], [23, 13], [24, 13], [25, 12], [26, 11], [27, 12], [28, 12], [29, 11]]
[[8, 14], [9, 14], [10, 13], [11, 12], [12, 12], [13, 11], [14, 12], [15, 12], [16, 12], [17, 13], [18, 13], [19, 13], [20, 14], [21, 15], [22, 14], [23, 13], [24, 13], [25, 12], [26, 11], [27, 12], [28, 12], [29, 11]]
[[8, 14], [9, 14], [10, 13], [11, 12], [12, 12], [13, 11], [14, 12], [15, 12], [16, 12], [17, 12], [18, 13], [19, 14], [20, 15], [21, 14], [22, 14], [23, 15], [24, 14], [25, 13], [26, 14], [27, 13], [28, 12], [29, 11]]
[[8, 14], [9, 13], [10, 13], [11, 12], [12, 12], [13, 11], [14, 12], [15, 11], [16, 12], [17, 13], [18, 14], [19, 15], [20, 15], [21, 16], [22, 15], [23, 15], [24, 14], [25, 13], [26, 13], [27, 12], [28, 12], [29, 11]]
[[8, 14], [9, 13], [10, 12], [11, 11], [12, 12], [13, 11], [14, 11], [15, 12], [16, 13], [17, 13], [18, 14], [19, 15], [20, 15], [21, 16], [22, 16], [23, 15], [24, 15], [25, 15], [26, 14], [27, 13], [28, 12], [29, 11]]
[[8, 14], [9, 13], [10, 12], [11, 12], [12, 12], [13, 11], [14, 12], [15, 13], [16, 12], [17, 13], [18, 14], [19, 14], [20, 15], [21, 15], [22, 15], [23, 14], [24, 13], [25, 13], [26, 12], [27, 12], [28, 11], [29, 11]]
[[8, 14], [9, 14], [10, 13], [11, 12], [12, 12], [13, 11], [14, 11], [15, 12], [16, 13], [17, 14], [18, 15], [19, 15], [20, 16], [21, 15], [22, 15], [23, 14], [24, 13], [25, 13], [26, 12], [27, 11], [28, 12], [29, 11]]
[[8, 14], [9, 14], [10, 13], [10, 12], [11, 12], [12, 12], [13, 11], [14, 12], [15, 13], [16, 14], [17, 14], [18, 13], [19, 12], [20, 12], [21, 11], [22, 12], [23, 13], [24, 12], [25, 12], [26, 13], [27, 12], [28, 11], [29, 11]]
[[8, 14], [9, 14], [10, 13], [11, 12], [11, 11], [12, 12], [13, 11], [14, 12], [15, 12], [16, 12], [17, 12], [18, 11], [19, 11], [20, 11], [21, 12], [22, 13], [23, 12], [24, 13], [25, 12], [26, 12], [27, 11], [28, 12], [29, 11]]
[[8, 14], [9, 13], [9, 12], [10, 13], [11, 12], [12, 12], [13, 11], [13, 10], [14, 11], [15, 12], [16, 13], [17, 12], [18, 11], [19, 12], [20, 12], [21, 13], [22, 13], [23, 13], [24, 13], [25, 12], [26, 11], [27, 12], [28, 12], [29, 11]]
[[8, 14], [9, 13], [10, 14], [11, 14], [12, 14], [13, 15], [13, 14], [14, 14], [15, 15], [16, 14], [17, 13], [18, 14], [19, 13], [20, 14], [20, 15], [21, 14], [22, 14], [23, 13], [24, 14], [25, 13], [26, 12], [27, 11], [28, 11], [29, 11]]
[[8, 14], [9, 13], [10, 13], [11, 12], [12, 12], [13, 11], [14, 12], [15, 13], [16, 13], [17, 13], [18, 12], [19, 13], [20, 12], [21, 11], [22, 12], [23, 11], [23, 10], [24, 11], [25, 12], [26, 13], [27, 12], [28, 11], [28, 12], [29, 11]]
