[[0, 10], [1, 11], [2, 12], [1, 13], [2, 14], [2, 15], [2, 16], [3, 17], [4, 18], [5, 19]]
[[0, 10], [1, 11], [2, 12], [2, 13], [3, 14], [3, 15], [4, 16], [3, 17], [4, 18], [5, 19]]
[[0, 10], [1, 11], [2, 12], [2, 13], [2, 14], [2, 15], [2, 16], [3, 17], [4, 18], [5, 19]]
[[0, 10], [1, 11], [0, 12], [0, 13], [1, 14], [2, 15], [2, 16], [3, 17], [4, 18], [5, 19]]
[[0, 10], [1, 11], [2, 12], [1, 13], [2, 14], [2, 15], [2, 16], [3, 17], [4, 18], [5, 19]]
[[0, 10], [1, 11], [2, 12], [3, 13], [4, 14], [5, 15], [4, 16], [5, 17], [6, 18], [5, 19]]
[[0, 10], [1, 11], [1, 12], [2, 13], [1, 14], [2, 15], [2, 16], [3, 17], [4, 18], [5, 19]]
[[0, 10], [1, 11], [2, 12], [3, 13], [4, 14], [4, 15], [4, 16], [5, 17], [6, 18], [5, 19]]
[[0, 10], [1, 11], [2, 12], [3, 13], [4, 14], [3, 15], [4, 16], [5, 17], [4, 18], [5, 19]]
[[0, 10], [1, 11], [2, 12], [3, 13], [2, 14], [3, 15], [2, 16], [3, 17], [4, 18], [5, 19]]
[[0, 10], [1, 11], [2, 12], [2, 13], [3, 14], [4, 15], [4, 16], [3, 17], [4, 18], [5, 19]]
[[0, 10], [1, 11], [2, 12], [1, 13], [1, 14], [2, 15], [2, 16], [3, 17], [4, 18], [5, 19]]
[[0, 10], [1, 11], [2, 12], [3, 13], [4, 14], [5, 15], [5, 16], [6, 17], [5, 18], [5, 19]]
[[0, 10], [1, 11], [0, 12], [1, 13], [1, 14], [2, 14], [2, 15], [2, 16], [3, 17], [4, 18], [5, 19]]
[[0, 10], [1, 11], [2, 12], [3, 13], [4, 14], [3, 15], [4, 15], [5, 16], [5, 17], [5, 18], [5, 19]]
[[0, 10], [1, 11], [2, 12], [3, 13], [2, 14], [3, 15], [4, 16], [3, 17], [4, 18], [4, 19], [5, 19]]
[[0, 10], [1, 10], [2, 11], [2, 12], [3, 13], [2, 14], [3, 14], [4, 15], [5, 16], [5, 17], [5, 18], [4, 18], [5, 19]]
[[0, 10], [1, 11], [1, 12], [2, 12], [2, 13], [3, 14], [4, 15], [5, 16], [6, 17], [5, 18], [5, 19], [6, 18], [5, 19]]
[[0, 10], [1, 11], [1, 12], [2, 13], [1, 13], [2, 14], [2, 15], [3, 15], [4, 15], [4, 16], [5, 17], [6, 18], [5, 19]]
[[0, 10], [1, 11], [2, 12], [2, 13], [3, 13], [4, 14], [5, 15], [4, 16], [5, 16], [5, 17], [5, 18], [4, 18], [4, 19], [3, 19], [3, 18], [4, 18], [5, 19]]
