[[22, 6], [21, 7], [20, 8], [19, 9], [19, 10], [18, 11], [17, 12], [16, 13], [15, 14], [14, 15]]
[[22, 6], [21, 7], [20, 8], [19, 9], [18, 10], [17, 11], [16, 12], [15, 13], [14, 14], [14, 15]]
[[22, 6], [21, 7], [20, 8], [19, 9], [18, 10], [17, 11], [16, 12], [15, 13], [15, 14], [14, 15]]
[[22, 6], [21, 7], [20, 8], [19, 9], [18, 10], [17, 11], [17, 12], [16, 13], [15, 14], [14, 15]]
[[22, 6], [21, 7], [20, 8], [19, 9], [19, 10], [18, 11], [17, 12], [16, 13], [15, 14], [14, 15]]
[[22, 6], [21, 7], [20, 8], [19, 9], [18, 10], [17, 11], [16, 12], [15, 13], [15, 14], [14, 15]]
[[22, 6], [21, 7], [20, 8], [19, 9], [18, 10], [17, 11], [16, 12], [15, 13], [14, 14], [14, 15]]
[[22, 6], [21, 7], [20, 8], [19, 9], [18, 10], [17, 11], [16, 12], [15, 13], [15, 14], [14, 15]]
[[22, 6], [21, 7], [20, 8], [19, 9], [18, 10], [17, 11], [16, 12], [15, 13], [14, 14], [14, 15]]
[[22, 6], [21, 7], [20, 8], [19, 9], [18, 10], [17, 11], [16, 12], [15, 13], [15, 14], [14, 15]]
[[22, 6], [21, 7], [20, 8], [19, 9], [18, 10], [17, 11], [16, 12], [16, 13], [15, 14], [14, 15]]
[[22, 6], [21, 7], [20, 8], [19, 9], [18, 10], [17, 11], [16, 12], [16, 13], [15, 14], [14, 15]]
[[22, 6], [22, 7], [21, 7], [20, 8], [19, 9], [18, 10], [17, 11], [17, 12], [16, 13], [15, 14], [14, 15]]
[[22, 6], [21, 7], [21, 8], [22, 8], [21, 9], [20, 10], [19, 11], [18, 12], [17, 13], [16, 14], [17, 15], [16, 15], [15, 15], [14, 15]]
[[22, 6], [21, 7], [21, 8], [22, 8], [21, 9], [20, 10], [19, 11], [18, 12], [17, 13], [16, 14], [17, 15], [16, 15], [15, 15], [14, 15]]
[[22, 6], [23, 6], [23, 7], [22, 7], [21, 8], [20, 9], [19, 9], [19, 10], [18, 11], [17, 11], [16, 12], [15, 13], [14, 14], [14, 15]]
[[22, 6], [21, 6], [22, 7], [22, 8], [21, 8], [20, 9], [19, 10], [18, 10], [18, 11], [17, 12], [16, 11], [16, 12], [15, 13], [16, 14], [17, 15], [16, 14], [15, 14], [15, 15], [14, 15]]
[[22, 6], [21, 6], [22, 7], [22, 8], [21, 8], [20, 9], [19, 10], [18, 10], [18, 11], [17, 12], [16, 12], [15, 13], [14, 14], [15, 14], [14, 14], [15, 15], [15, 14], [14, 14], [15, 14], [14, 15]]
[[22, 6], [21, 7], [21, 8], [20, 9], [21, 10], [22, 11], [21, 11], [22, 12], [21, 12], [21, 13], [20, 12], [19, 13], [20, 13], [21, 14], [21, 15], [20, 15], [19, 14], [19, 15], [18, 15], [18, 16], [17, 15], [16, 16], [15, 16], [14, 16], [14, 15]]
[[22, 6], [22, 7], [23, 8], [24, 7], [25, 7], [26, 6], [25, 5], [24, 5], [24, 4], [23, 4], [24, 5], [23, 6], [24, 7], [23, 6], [24, 7], [23, 7], [22, 8], [21, 9], [22, 10], [23, 10], [23, 11], [22, 11], [21, 11], [20, 12], [20, 13], [19, 14], [18, 15], [17, 15], [16, 16], [16, 17], [15, 17], [16, 17], [15, 16], [14, 15]]
