[[20, 9], [19, 8], [18, 7], [17, 6], [16, 5], [15, 5], [14, 4], [13, 3], [12, 3], [11, 3], [10, 2], [9, 2]]
[[20, 9], [19, 9], [18, 8], [17, 7], [16, 7], [15, 6], [14, 5], [13, 4], [12, 3], [11, 3], [10, 3], [9, 2]]
[[20, 9], [19, 8], [18, 7], [17, 7], [16, 7], [15, 6], [14, 5], [13, 4], [12, 3], [11, 2], [10, 2], [9, 2]]
[[20, 9], [19, 8], [18, 7], [17, 6], [16, 6], [15, 5], [14, 4], [13, 4], [12, 3], [11, 2], [10, 3], [9, 2]]
[[20, 9], [19, 8], [18, 7], [17, 6], [16, 5], [15, 5], [14, 4], [13, 4], [12, 5], [11, 4], [10, 3], [9, 2]]
[[20, 9], [19, 8], [18, 7], [17, 7], [16, 6], [15, 5], [14, 5], [13, 5], [12, 4], [11, 4], [10, 3], [9, 2]]
[[20, 9], [19, 9], [18, 8], [17, 7], [16, 6], [15, 5], [14, 5], [13, 4], [12, 3], [11, 2], [10, 2], [9, 2]]
[[20, 9], [19, 8], [18, 7], [17, 6], [16, 6], [15, 5], [14, 5], [13, 4], [12, 4], [11, 4], [10, 3], [9, 2]]
[[20, 9], [19, 8], [18, 7], [17, 6], [16, 6], [15, 6], [14, 5], [13, 5], [12, 4], [11, 4], [10, 3], [9, 2]]
[[20, 9], [19, 8], [18, 7], [17, 6], [16, 5], [15, 4], [14, 4], [13, 4], [12, 4], [11, 3], [10, 2], [9, 2]]
[[20, 9], [19, 8], [18, 7], [17, 6], [16, 5], [15, 5], [14, 4], [13, 3], [12, 3], [11, 3], [10, 2], [9, 2]]
[[20, 9], [19, 8], [18, 7], [17, 7], [16, 7], [15, 6], [14, 5], [13, 4], [12, 4], [12, 5], [11, 4], [10, 3], [9, 2]]
[[20, 9], [19, 8], [18, 7], [17, 6], [16, 7], [15, 6], [14, 5], [13, 4], [12, 4], [11, 3], [11, 2], [10, 2], [9, 2]]
[[20, 9], [19, 9], [18, 8], [17, 7], [16, 7], [15, 6], [14, 5], [13, 5], [12, 6], [11, 6], [10, 6], [9, 6], [10, 5], [9, 4], [10, 3], [9, 2]]
[[20, 9], [20, 8], [21, 8], [22, 9], [21, 9], [22, 10], [23, 9], [22, 8], [23, 8], [22, 7], [21, 7], [20, 6], [21, 5], [22, 5], [23, 4], [24, 4], [25, 5], [26, 4], [27, 5], [28, 4], [28, 5], [29, 5], [28, 4], [29, 3], [29, 2], [29, 1], [28, 2], [27, 1], [26, 2], [26, 3], [25, 2], [26, 1], [27, 0], [26, 0], [25, 1], [24, 1], [23, 0], [23, 1], [22, 1], [22, 0], [21, 0], [21, 1], [22, 2], [21, 3], [21, 2], [22, 3], [23, 2], [23, 3], [24, 3], [25, 4], [26, 5], [25, 6], [25, 7], [24, 7], [24, 6], [25, 5], [24, 4], [23, 4], [22, 4], [21, 5], [21, 6], [20, 6], [19, 7], [18, 7], [18, 8], [19, 9], [19, 8], [18, 9], [17, 9], [17, 8], [17, 7], [17, 6], [16, 5], [17, 5], [16, 6], [15, 6], [15, 5], [14, 5], [15, 4], [15, 3], [15, 2], [14, 3], [14, 2], [14, 1], [15, 0], [14, 0], [13, 0], [12, 1], [11, 2], [10, 2], [9, 2]]
