[[15, 18], [14, 18], [13, 18], [12, 19], [11, 18], [10, 19], [9, 19]]
[[15, 18], [14, 19], [13, 19], [12, 19], [11, 19], [10, 19], [9, 19]]
[[15, 18], [14, 18], [13, 18], [12, 18], [11, 18], [10, 18], [9, 19]]
[[15, 18], [14, 18], [13, 18], [12, 19], [11, 18], [10, 19], [9, 19]]
[[15, 18], [14, 17], [13, 18], [12, 19], [11, 18], [10, 18], [9, 19]]
[[15, 18], [14, 19], [13, 19], [12, 19], [11, 18], [10, 19], [9, 19]]
[[15, 18], [14, 19], [13, 19], [12, 18], [11, 18], [10, 18], [9, 19]]
[[15, 18], [14, 18], [13, 18], [12, 17], [11, 18], [10, 19], [9, 19]]
[[15, 18], [14, 18], [13, 19], [12, 18], [11, 19], [10, 18], [9, 19]]
[[15, 18], [14, 17], [13, 18], [12, 19], [11, 18], [10, 19], [9, 19]]
[[15, 18], [14, 18], [13, 18], [12, 19], [11, 19], [11, 18], [10, 19], [9, 19]]
[[15, 18], [14, 18], [14, 19], [13, 19], [12, 19], [11, 19], [10, 19], [9, 19]]
[[15, 18], [14, 17], [13, 18], [12, 19], [11, 19], [10, 18], [10, 17], [11, 18], [10, 19], [9, 18], [8, 18], [9, 19]]
[[15, 18], [14, 17], [15, 17], [14, 18], [14, 19], [13, 19], [12, 18], [11, 18], [10, 19], [9, 19], [8, 18], [7, 19], [8, 18], [9, 19]]
