[[23, 9], [22, 8], [22, 7], [21, 6], [21, 5], [20, 4], [19, 3], [18, 2], [17, 1], [17, 0]]
[[23, 9], [22, 8], [21, 7], [22, 6], [21, 5], [20, 4], [19, 3], [18, 2], [17, 1], [17, 0]]
[[23, 9], [22, 8], [21, 7], [22, 6], [21, 5], [20, 4], [20, 3], [19, 2], [18, 1], [17, 0]]
[[23, 9], [22, 8], [21, 7], [20, 6], [19, 5], [20, 4], [19, 3], [18, 2], [17, 1], [17, 0]]
[[23, 9], [22, 8], [21, 7], [22, 6], [21, 5], [20, 4], [19, 3], [18, 2], [17, 1], [17, 0]]
[[23, 9], [22, 8], [22, 7], [21, 6], [21, 5], [20, 4], [19, 3], [18, 2], [17, 1], [17, 0]]
[[23, 9], [22, 8], [21, 7], [20, 7], [19, 6], [18, 5], [17, 4], [18, 3], [19, 2], [18, 1], [17, 0]]
[[23, 9], [22, 8], [21, 8], [20, 7], [19, 6], [18, 5], [18, 4], [19, 3], [19, 2], [18, 1], [17, 0]]
[[23, 9], [22, 8], [21, 7], [20, 7], [19, 6], [18, 5], [17, 4], [18, 3], [19, 2], [18, 1], [17, 0]]
[[23, 9], [22, 8], [21, 7], [22, 6], [21, 5], [22, 4], [21, 3], [20, 3], [19, 2], [18, 3], [17, 2], [17, 1], [17, 0]]
[[23, 9], [22, 8], [21, 9], [21, 8], [21, 7], [22, 6], [23, 5], [24, 4], [25, 3], [24, 4], [24, 3], [24, 2], [24, 1], [23, 1], [22, 1], [21, 0], [20, 1], [19, 0], [18, 0], [18, 1], [17, 0]]
[[23, 9], [22, 8], [21, 8], [21, 7], [20, 7], [19, 7], [18, 8], [17, 9], [16, 8], [15, 7], [14, 6], [15, 7], [15, 6], [16, 5], [17, 4], [16, 4], [17, 3], [18, 3], [17, 2], [16, 2], [17, 2], [17, 1], [17, 0], [18, 0], [18, 1], [17, 0]]
[[23, 9], [22, 8], [21, 7], [20, 6], [19, 6], [19, 5], [18, 5], [17, 6], [17, 7], [16, 7], [16, 6], [15, 5], [16, 6], [16, 5], [15, 4], [16, 5], [17, 4], [16, 4], [17, 3], [17, 2], [16, 1], [16, 2], [16, 3], [16, 2], [16, 1], [16, 0], [17, 0]]
[[23, 9], [24, 8], [25, 9], [26, 10], [27, 10], [28, 11], [29, 11], [29, 12], [28, 13], [27, 12], [27, 13], [26, 14], [26, 15], [25, 14], [26, 13], [27, 14], [27, 15], [28, 16], [29, 16], [28, 17], [29, 17], [28, 18], [28, 19], [27, 19], [26, 19], [25, 19], [24, 19], [24, 18], [23, 18], [22, 17], [23, 17], [22, 18], [21, 19], [21, 18], [20, 19], [19, 18], [20, 18], [19, 19], [18, 19], [18, 18], [18, 17], [19, 17], [20, 17], [21, 17], [21, 16], [20, 16], [19, 15], [19, 14], [20, 13], [19, 13], [18, 12], [18, 13], [17, 14], [17, 15], [18, 14], [17, 13], [16, 13], [15, 12], [14, 12], [13, 13], [13, 12], [12, 11], [13, 10], [13, 11], [12, 10], [11, 11], [12, 12], [11, 12], [11, 13], [12, 14], [12, 15], [13, 15], [14, 15], [14, 14], [15, 15], [16, 15], [16, 16], [15, 16], [14, 17], [14, 16], [13, 17], [13, 16], [12, 17], [12, 16], [11, 15], [10, 14], [10, 15], [11, 16], [10, 17], [11, 18], [10, 18], [10, 19], [9, 18], [8, 18], [8, 19], [7, 18], [7, 19], [6, 18], [5, 17], [6, 17], [7, 16], [6, 16], [5, 16], [4, 16], [3, 16], [4, 15], [3, 14], [3, 13], [4, 12], [4, 13], [4, 14], [5, 13], [5, 14], [6, 14], [7, 13], [7, 12], [6, 11], [7, 11], [6, 10], [5, 9], [6, 9], [7, 10], [8, 10], [9, 10], [10, 10], [11, 9], [12, 9], [11, 10], [10, 9], [10, 8], [10, 7], [11, 8], [12, 7], [11, 6], [11, 5], [12, 6], [13, 6], [14, 7], [15, 6], [16, 5], [17, 4], [17, 5], [16, 4], [17, 3], [16, 2], [17, 2], [16, 1], [15, 0], [14, 1], [13, 1], [13, 0], [14, 1], [14, 0], [15, 1], [15, 2], [16, 1], [17, 2], [16, 3], [16, 2], [17, 1], [17, 0]]
[[23, 9], [24, 8], [24, 9], [24, 8], [23, 9], [22, 10], [21, 11], [20, 10], [21, 11], [22, 12], [21, 13], [21, 12], [21, 13], [22, 13], [23, 12], [24, 13], [24, 12], [24, 13], [24, 14], [25, 15], [25, 14], [25, 15], [26, 14], [27, 14], [26, 14], [27, 15], [28, 16], [28, 17], [27, 17], [28, 18], [27, 19], [26, 19], [25, 18], [24, 19], [23, 18], [22, 17], [21, 16], [20, 15], [21, 14], [20, 14], [19, 14], [18, 13], [18, 12], [19, 13], [18, 13], [19, 12], [18, 11], [19, 10], [19, 9], [19, 8], [18, 7], [17, 8], [16, 7], [15, 6], [16, 5], [17, 4], [18, 3], [17, 3], [16, 3], [15, 2], [16, 3], [15, 2], [14, 2], [13, 1], [13, 0], [12, 1], [11, 1], [10, 1], [10, 0], [9, 1], [10, 2], [10, 3], [9, 3], [8, 3], [7, 4], [8, 3], [8, 2], [9, 3], [8, 4], [7, 4], [6, 5], [5, 6], [5, 5], [6, 6], [5, 5], [4, 4], [5, 5], [4, 4], [3, 4], [2, 3], [3, 2], [2, 1], [3, 0], [3, 1], [4, 1], [3, 0], [2, 1], [1, 0], [0, 0], [0, 1], [0, 2], [1, 3], [0, 4], [1, 5], [1, 6], [2, 6], [1, 6], [2, 7], [3, 7], [4, 8], [4, 7], [3, 8], [2, 8], [1, 8], [2, 7], [1, 8], [1, 9], [2, 10], [1, 11], [0, 11], [1, 12], [0, 13], [1, 14], [1, 13], [2, 13], [1, 14], [1, 15], [2, 16], [2, 17], [3, 18], [4, 18], [4, 17], [5, 17], [5, 18], [5, 17], [4, 17], [4, 16], [4, 15], [4, 16], [4, 15], [5, 14], [6, 14], [7, 13], [8, 13], [7, 13], [6, 13], [5, 12], [5, 11], [5, 10], [4, 11], [3, 11], [2, 11], [2, 12], [3, 13], [4, 14], [5, 14], [6, 13], [6, 12], [6, 11], [7, 10], [8, 9], [8, 8], [9, 7], [9, 8], [10, 7], [10, 8], [10, 9], [9, 9], [8, 8], [9, 9], [8, 10], [7, 11], [6, 10], [6, 9], [6, 8], [7, 7], [6, 7], [7, 7], [8, 7], [9, 6], [8, 7], [9, 6], [10, 6], [10, 5], [11, 4], [11, 3], [12, 3], [13, 3], [13, 2], [14, 1], [15, 0], [16, 1], [16, 0], [17, 0]]
