[[12, 12], [12, 11], [11, 10], [10, 9], [9, 8], [8, 7], [8, 6], [7, 5], [7, 4], [6, 3], [6, 2]]
[[12, 12], [11, 11], [10, 10], [10, 9], [9, 8], [9, 7], [8, 6], [7, 5], [6, 4], [7, 3], [6, 2]]
[[12, 12], [11, 11], [11, 10], [10, 9], [9, 8], [8, 7], [7, 6], [8, 5], [7, 4], [6, 3], [6, 2]]
[[12, 12], [11, 11], [10, 10], [9, 9], [9, 8], [9, 7], [8, 6], [9, 5], [8, 4], [7, 3], [6, 2]]
[[12, 12], [11, 11], [11, 10], [10, 9], [9, 8], [9, 7], [9, 6], [8, 5], [7, 4], [7, 3], [6, 2]]
[[12, 12], [12, 11], [11, 10], [10, 9], [9, 8], [9, 7], [10, 6], [9, 5], [8, 4], [7, 3], [6, 2]]
[[12, 12], [12, 11], [11, 10], [11, 9], [10, 8], [10, 7], [9, 6], [8, 5], [8, 4], [7, 3], [6, 2]]
[[12, 12], [12, 11], [11, 10], [11, 9], [10, 8], [10, 7], [9, 6], [8, 5], [8, 4], [7, 3], [6, 2]]
[[12, 12], [11, 11], [11, 10], [10, 9], [9, 8], [9, 7], [10, 6], [9, 5], [8, 4], [7, 3], [6, 2]]
[[12, 12], [12, 11], [11, 10], [10, 9], [9, 8], [8, 7], [8, 6], [7, 5], [7, 4], [6, 3], [6, 2]]
[[12, 12], [12, 11], [11, 10], [10, 9], [9, 8], [9, 7], [9, 6], [8, 5], [8, 4], [7, 3], [6, 2]]
[[12, 12], [12, 11], [11, 11], [10, 10], [9, 10], [9, 9], [9, 8], [9, 7], [8, 6], [7, 5], [7, 4], [6, 3], [6, 2]]
[[12, 12], [11, 11], [10, 10], [11, 9], [10, 9], [11, 9], [10, 8], [10, 7], [9, 6], [9, 5], [8, 4], [7, 3], [6, 2]]
[[12, 12], [12, 11], [13, 11], [14, 10], [13, 9], [13, 8], [12, 7], [11, 6], [10, 6], [9, 7], [8, 6], [7, 5], [6, 4], [5, 3], [6, 2]]
[[12, 12], [11, 11], [10, 12], [10, 11], [9, 10], [8, 10], [9, 9], [8, 9], [9, 8], [9, 7], [9, 6], [8, 5], [7, 4], [8, 3], [8, 2], [7, 1], [6, 0], [6, 1], [6, 2]]
[[12, 12], [13, 11], [13, 10], [12, 11], [12, 10], [11, 9], [10, 9], [11, 9], [11, 8], [12, 9], [11, 8], [10, 7], [11, 8], [10, 7], [9, 6], [10, 5], [10, 4], [10, 3], [9, 3], [9, 4], [9, 3], [9, 2], [8, 3], [7, 3], [6, 4], [5, 3], [6, 2]]
[[12, 12], [11, 11], [10, 11], [11, 10], [12, 11], [13, 12], [14, 12], [14, 11], [15, 11], [14, 10], [13, 11], [12, 10], [13, 10], [13, 9], [14, 9], [13, 8], [12, 9], [11, 8], [12, 8], [12, 7], [11, 6], [10, 5], [10, 4], [10, 3], [9, 2], [9, 1], [8, 1], [8, 0], [7, 0], [7, 1], [6, 2]]
