[[3, 16], [4, 17], [5, 18], [6, 17], [7, 16], [8, 16], [9, 16], [10, 15], [11, 15], [12, 15], [13, 16], [14, 17], [15, 18], [16, 18], [17, 18], [18, 17], [19, 17], [20, 17], [21, 16], [22, 17], [23, 17], [24, 18]]
[[3, 16], [4, 16], [5, 16], [6, 15], [7, 15], [8, 15], [9, 15], [10, 15], [11, 14], [12, 13], [13, 14], [14, 14], [15, 14], [16, 14], [17, 15], [18, 16], [19, 17], [20, 16], [21, 15], [22, 16], [23, 17], [24, 18]]
[[3, 16], [4, 17], [5, 18], [6, 17], [7, 16], [8, 16], [9, 15], [10, 14], [11, 13], [12, 13], [13, 13], [14, 14], [15, 15], [16, 15], [17, 16], [18, 16], [19, 15], [20, 14], [21, 15], [22, 16], [23, 17], [24, 18]]
[[3, 16], [4, 16], [5, 16], [6, 17], [7, 16], [8, 16], [9, 15], [10, 14], [11, 14], [12, 15], [13, 15], [14, 15], [15, 14], [16, 15], [17, 16], [18, 17], [19, 16], [20, 17], [21, 16], [22, 17], [23, 17], [24, 18]]
[[3, 16], [4, 17], [5, 18], [6, 17], [7, 16], [8, 16], [9, 16], [10, 15], [11, 15], [12, 15], [13, 16], [14, 17], [15, 18], [16, 18], [17, 18], [18, 17], [19, 17], [20, 17], [21, 16], [22, 17], [23, 17], [24, 18]]
[[3, 16], [4, 16], [5, 15], [6, 16], [7, 15], [8, 14], [9, 14], [10, 14], [11, 14], [12, 15], [13, 15], [14, 15], [15, 15], [16, 15], [17, 15], [18, 16], [19, 17], [20, 18], [21, 19], [22, 18], [23, 17], [24, 18]]
[[3, 16], [4, 16], [5, 16], [6, 15], [7, 16], [8, 16], [9, 16], [10, 16], [11, 17], [12, 17], [13, 17], [14, 17], [15, 16], [16, 17], [17, 17], [18, 16], [19, 17], [20, 16], [21, 16], [22, 16], [23, 17], [24, 18]]
[[3, 16], [4, 17], [5, 18], [6, 17], [7, 16], [8, 15], [9, 15], [10, 16], [11, 15], [12, 15], [13, 15], [14, 15], [15, 16], [16, 15], [17, 15], [18, 16], [19, 16], [20, 15], [21, 16], [22, 17], [23, 17], [24, 18]]
[[3, 16], [4, 17], [5, 16], [6, 15], [7, 14], [8, 15], [9, 14], [10, 15], [11, 14], [12, 15], [13, 15], [14, 14], [15, 14], [15, 15], [16, 15], [17, 16], [18, 17], [19, 16], [20, 16], [21, 16], [22, 17], [23, 17], [24, 18]]
[[3, 16], [4, 17], [5, 18], [5, 19], [6, 19], [7, 19], [8, 19], [9, 19], [10, 18], [10, 17], [11, 16], [12, 15], [13, 16], [14, 16], [15, 16], [16, 15], [17, 16], [18, 17], [19, 17], [20, 18], [21, 19], [22, 18], [23, 17], [24, 18]]
[[3, 16], [4, 16], [5, 16], [6, 16], [5, 15], [6, 15], [7, 14], [8, 15], [9, 15], [10, 15], [11, 14], [12, 14], [13, 13], [14, 14], [15, 15], [16, 14], [17, 14], [18, 15], [19, 16], [20, 17], [21, 16], [22, 17], [23, 17], [24, 18]]
[[3, 16], [4, 17], [5, 18], [6, 18], [7, 18], [7, 19], [8, 19], [9, 18], [10, 19], [10, 18], [11, 18], [12, 17], [13, 16], [14, 16], [15, 16], [16, 16], [17, 16], [18, 15], [19, 16], [20, 16], [21, 16], [22, 16], [23, 17], [24, 18]]
[[3, 16], [4, 17], [5, 18], [5, 19], [6, 19], [7, 19], [8, 19], [9, 18], [10, 19], [11, 18], [11, 17], [12, 17], [13, 16], [14, 15], [14, 14], [15, 15], [16, 16], [17, 16], [18, 16], [19, 17], [20, 17], [21, 18], [22, 17], [23, 17], [24, 18]]
[[3, 16], [3, 17], [4, 17], [4, 18], [5, 19], [6, 18], [7, 18], [8, 19], [9, 18], [10, 19], [11, 18], [11, 17], [12, 17], [13, 16], [14, 15], [13, 16], [14, 16], [14, 17], [14, 16], [15, 16], [16, 15], [17, 16], [16, 16], [16, 17], [17, 16], [17, 17], [18, 16], [18, 17], [18, 18], [19, 19], [20, 18], [21, 18], [22, 18], [23, 19], [24, 19], [24, 18]]
[[3, 16], [3, 17], [3, 18], [4, 18], [5, 19], [6, 19], [7, 19], [7, 18], [8, 17], [9, 18], [10, 17], [11, 18], [12, 18], [13, 19], [13, 18], [12, 19], [13, 18], [14, 17], [14, 18], [13, 17], [14, 17], [13, 16], [14, 16], [15, 15], [16, 15], [17, 15], [18, 15], [17, 14], [18, 14], [17, 15], [18, 15], [18, 16], [17, 15], [18, 15], [19, 15], [20, 15], [21, 16], [22, 16], [23, 17], [24, 18]]
[[3, 16], [4, 17], [3, 18], [2, 18], [2, 17], [3, 16], [4, 17], [5, 16], [6, 15], [7, 14], [8, 14], [9, 14], [10, 14], [11, 14], [10, 13], [11, 13], [12, 14], [13, 14], [13, 15], [13, 16], [14, 15], [13, 16], [14, 17], [15, 18], [16, 18], [17, 19], [18, 19], [17, 18], [17, 19], [18, 18], [18, 17], [19, 17], [18, 17], [19, 17], [20, 18], [21, 19], [22, 19], [23, 19], [24, 19], [24, 18]]
[[3, 16], [4, 16], [4, 17], [5, 16], [4, 17], [5, 16], [6, 15], [6, 14], [7, 15], [7, 16], [8, 17], [9, 18], [9, 19], [8, 19], [7, 18], [6, 17], [6, 16], [7, 15], [8, 16], [9, 17], [8, 16], [9, 17], [8, 16], [9, 16], [9, 15], [10, 15], [10, 14], [11, 15], [12, 14], [13, 15], [14, 15], [15, 14], [15, 13], [16, 14], [16, 13], [16, 14], [17, 14], [18, 14], [19, 15], [20, 14], [19, 15], [18, 16], [19, 17], [20, 18], [21, 19], [20, 19], [19, 19], [20, 19], [21, 18], [22, 19], [23, 19], [24, 18], [25, 17], [26, 17], [26, 18], [27, 19], [26, 18], [26, 19], [25, 19], [24, 18]]
[[3, 16], [2, 15], [3, 16], [2, 16], [3, 17], [2, 17], [3, 18], [4, 18], [4, 19], [4, 18], [5, 19], [6, 19], [7, 19], [7, 18], [8, 19], [9, 18], [10, 18], [10, 17], [11, 17], [12, 17], [13, 16], [13, 15], [14, 16], [15, 16], [16, 17], [15, 16], [16, 16], [16, 17], [15, 16], [16, 16], [16, 17], [16, 16], [17, 16], [16, 17], [15, 16], [14, 15], [13, 14], [13, 13], [14, 13], [15, 13], [14, 12], [13, 11], [13, 12], [13, 13], [14, 13], [14, 12], [15, 12], [15, 13], [16, 14], [15, 14], [14, 15], [13, 15], [12, 15], [11, 16], [10, 15], [9, 14], [10, 15], [11, 16], [10, 17], [9, 16], [8, 17], [8, 16], [7, 15], [8, 14], [9, 13], [10, 12], [11, 13], [12, 13], [12, 14], [12, 15], [13, 15], [14, 16], [15, 15], [16, 15], [17, 16], [18, 15], [19, 16], [20, 16], [21, 15], [22, 16], [23, 17], [24, 18]]
[[3, 16], [2, 16], [3, 17], [4, 18], [3, 18], [4, 18], [3, 19], [4, 19], [5, 19], [5, 18], [6, 17], [7, 16], [8, 16], [8, 17], [9, 18], [8, 19], [7, 19], [6, 19], [5, 19], [6, 19], [5, 18], [6, 17], [6, 16], [7, 15], [8, 14], [7, 14], [7, 13], [8, 12], [8, 11], [9, 10], [9, 11], [8, 10], [9, 10], [10, 10], [11, 9], [10, 10], [11, 11], [12, 10], [12, 11], [13, 10], [14, 9], [15, 8], [16, 8], [15, 8], [16, 8], [17, 9], [18, 10], [19, 11], [20, 10], [20, 9], [20, 10], [19, 11], [18, 10], [17, 10], [16, 11], [15, 12], [14, 12], [13, 12], [12, 13], [11, 13], [12, 12], [11, 12], [11, 13], [12, 13], [13, 14], [14, 14], [15, 14], [16, 15], [16, 14], [17, 15], [16, 15], [16, 14], [17, 14], [18, 13], [18, 14], [19, 14], [20, 14], [19, 14], [19, 15], [19, 16], [20, 17], [20, 18], [21, 18], [22, 19], [23, 19], [24, 18]]
[[3, 16], [3, 17], [2, 18], [3, 19], [3, 18], [2, 17], [1, 18], [1, 17], [2, 16], [1, 16], [0, 15], [0, 14], [1, 14], [1, 13], [2, 12], [3, 13], [4, 12], [3, 11], [4, 10], [5, 11], [6, 11], [6, 12], [7, 13], [8, 14], [7, 14], [6, 14], [6, 15], [5, 15], [4, 16], [5, 16], [6, 16], [7, 16], [7, 15], [8, 15], [9, 16], [8, 17], [7, 18], [7, 19], [8, 19], [9, 19], [10, 18], [9, 17], [10, 16], [10, 15], [9, 14], [10, 14], [11, 15], [11, 14], [12, 13], [13, 14], [14, 13], [15, 13], [15, 14], [14, 14], [13, 15], [14, 16], [15, 15], [15, 16], [14, 17], [15, 18], [14, 18], [13, 17], [12, 17], [12, 18], [13, 19], [12, 19], [13, 18], [14, 19], [15, 19], [16, 18], [17, 19], [18, 18], [18, 19], [19, 18], [19, 19], [20, 19], [21, 19], [20, 18], [21, 18], [20, 17], [20, 16], [21, 16], [20, 15], [21, 14], [21, 13], [21, 12], [20, 11], [19, 10], [20, 9], [21, 9], [22, 9], [23, 9], [24, 10], [23, 11], [23, 10], [24, 11], [25, 10], [24, 9], [23, 8], [22, 7], [21, 8], [21, 7], [21, 6], [22, 5], [23, 4], [23, 5], [23, 6], [24, 5], [25, 6], [26, 6], [26, 5], [26, 4], [27, 3], [27, 2], [26, 2], [27, 1], [26, 1], [27, 0], [28, 0], [29, 0], [28, 1], [28, 2], [28, 3], [28, 4], [28, 5], [29, 6], [28, 7], [29, 7], [28, 6], [27, 7], [26, 8], [27, 8], [26, 7], [25, 8], [26, 9], [27, 9], [28, 10], [29, 9], [29, 10], [29, 11], [28, 11], [27, 12], [26, 12], [27, 11], [28, 12], [29, 13], [28, 14], [28, 13], [29, 14], [29, 15], [28, 16], [27, 15], [26, 16], [25, 17], [26, 18], [26, 19], [25, 19], [24, 19], [24, 18]]
