[[16, 0], [15, 1], [16, 2], [15, 3], [15, 4], [16, 5], [15, 6], [15, 7], [15, 8], [15, 9]]
[[16, 0], [15, 1], [16, 2], [16, 3], [15, 4], [16, 5], [15, 6], [15, 7], [14, 8], [15, 9]]
[[16, 0], [15, 1], [15, 2], [15, 3], [15, 4], [16, 5], [15, 6], [15, 7], [15, 8], [15, 9]]
[[16, 0], [15, 1], [16, 2], [15, 3], [15, 4], [16, 5], [15, 6], [15, 7], [15, 8], [15, 9]]
[[16, 0], [16, 1], [16, 2], [17, 3], [17, 4], [17, 5], [17, 6], [16, 7], [15, 8], [15, 9]]
[[16, 0], [17, 1], [17, 2], [17, 3], [17, 4], [16, 5], [16, 6], [15, 7], [15, 8], [15, 9]]
[[16, 0], [15, 1], [16, 2], [15, 3], [15, 4], [14, 5], [15, 6], [16, 7], [15, 8], [15, 9]]
[[16, 0], [16, 1], [17, 2], [16, 3], [15, 4], [14, 5], [15, 6], [15, 7], [14, 8], [15, 9]]
[[16, 0], [16, 1], [17, 2], [18, 3], [17, 4], [17, 5], [16, 6], [16, 7], [15, 8], [15, 9]]
[[16, 0], [15, 0], [14, 1], [13, 2], [12, 2], [12, 3], [13, 3], [14, 4], [14, 5], [14, 6], [15, 7], [14, 8], [14, 7], [15, 8], [15, 9]]
[[16, 0], [16, 1], [15, 1], [16, 2], [16, 3], [15, 4], [14, 4], [15, 5], [15, 6], [16, 5], [17, 6], [18, 7], [18, 6], [19, 5], [19, 4], [18, 4], [19, 4], [19, 3], [20, 2], [21, 2], [22, 3], [23, 4], [22, 3], [23, 2], [24, 1], [25, 0], [26, 0], [26, 1], [27, 1], [28, 0], [27, 1], [27, 2], [28, 2], [29, 2], [28, 2], [29, 3], [29, 4], [28, 4], [29, 4], [28, 5], [27, 5], [26, 4], [25, 4], [24, 4], [23, 5], [23, 6], [24, 7], [24, 8], [24, 9], [25, 10], [25, 9], [26, 8], [27, 7], [28, 7], [29, 8], [28, 8], [28, 9], [27, 10], [28, 11], [28, 12], [27, 11], [28, 11], [28, 12], [29, 13], [28, 12], [27, 13], [26, 12], [25, 12], [24, 13], [23, 14], [22, 14], [23, 15], [22, 15], [23, 14], [22, 13], [21, 12], [20, 11], [20, 10], [21, 9], [21, 10], [20, 10], [21, 10], [22, 10], [21, 10], [21, 9], [22, 10], [23, 11], [24, 11], [24, 10], [25, 9], [24, 9], [23, 8], [24, 9], [23, 8], [22, 9], [22, 8], [21, 7], [21, 6], [21, 7], [20, 6], [19, 7], [19, 6], [20, 5], [19, 6], [20, 6], [21, 5], [20, 4], [21, 5], [22, 5], [23, 6], [22, 5], [21, 6], [21, 7], [21, 8], [20, 7], [20, 8], [19, 7], [19, 8], [18, 7], [17, 8], [16, 9], [15, 10], [15, 9]]
[[16, 0], [16, 1], [15, 0], [14, 0], [13, 0], [12, 0], [12, 1], [12, 2], [12, 3], [13, 3], [12, 4], [11, 3], [11, 2], [10, 3], [10, 4], [9, 4], [8, 5], [8, 6], [9, 7], [10, 7], [11, 7], [12, 6], [11, 5], [11, 4], [12, 5], [11, 6], [10, 6], [9, 6], [8, 7], [8, 8], [9, 9], [10, 9], [10, 10], [10, 11], [10, 12], [9, 12], [10, 13], [11, 13], [12, 12], [11, 11], [12, 11], [12, 10], [11, 9], [10, 8], [9, 8], [8, 9], [9, 10], [8, 11], [7, 12], [6, 12], [5, 12], [5, 13], [4, 14], [3, 15], [2, 15], [2, 16], [1, 16], [1, 17], [0, 17], [1, 18], [2, 19], [3, 18], [3, 19], [2, 18], [3, 17], [4, 16], [5, 17], [5, 16], [6, 17], [7, 16], [7, 15], [7, 14], [8, 14], [8, 13], [8, 12], [7, 13], [6, 14], [5, 15], [6, 16], [7, 17], [8, 18], [9, 18], [10, 17], [10, 18], [10, 19], [11, 18], [12, 19], [11, 19], [12, 18], [13, 17], [12, 16], [13, 16], [12, 17], [11, 17], [11, 16], [11, 15], [12, 14], [13, 15], [12, 15], [13, 14], [12, 13], [13, 12], [13, 11], [14, 10], [14, 11], [15, 12], [14, 13], [15, 14], [15, 15], [16, 14], [16, 13], [16, 12], [17, 12], [17, 13], [18, 14], [19, 14], [19, 13], [18, 12], [18, 11], [19, 10], [18, 10], [18, 9], [17, 8], [16, 9], [15, 10], [14, 9], [15, 9]]
