[[9, 4], [8, 5], [9, 6], [10, 7], [10, 8], [10, 9], [9, 10], [8, 11], [8, 12], [7, 13], [6, 14], [5, 15], [4, 16], [4, 17]]
[[9, 4], [8, 5], [9, 6], [10, 7], [10, 8], [10, 9], [9, 10], [8, 11], [8, 12], [7, 13], [6, 14], [5, 15], [4, 16], [4, 17]]
[[9, 4], [8, 5], [9, 6], [9, 7], [9, 8], [8, 9], [8, 10], [7, 11], [6, 12], [6, 13], [5, 14], [4, 15], [3, 16], [4, 17]]
[[9, 4], [10, 5], [9, 6], [8, 7], [7, 8], [8, 9], [8, 10], [7, 11], [6, 12], [6, 13], [6, 14], [5, 15], [4, 16], [4, 17]]
[[9, 4], [10, 5], [10, 6], [9, 7], [9, 8], [8, 9], [7, 10], [7, 11], [6, 12], [6, 13], [6, 14], [5, 15], [4, 16], [4, 17]]
[[9, 4], [8, 5], [7, 6], [8, 7], [7, 8], [6, 9], [7, 10], [7, 11], [6, 12], [5, 13], [5, 14], [4, 15], [4, 16], [4, 17]]
[[9, 4], [10, 5], [10, 6], [11, 7], [10, 8], [9, 9], [8, 10], [7, 11], [6, 12], [5, 13], [5, 14], [4, 15], [4, 16], [4, 17]]
[[9, 4], [8, 5], [7, 6], [6, 7], [7, 8], [8, 9], [8, 10], [7, 11], [6, 12], [5, 13], [4, 14], [4, 15], [3, 16], [4, 17]]
[[9, 4], [9, 5], [9, 6], [8, 7], [9, 8], [8, 9], [8, 10], [8, 11], [7, 12], [6, 13], [6, 14], [6, 15], [6, 16], [5, 17], [4, 16], [4, 17]]
[[9, 4], [8, 5], [9, 6], [10, 7], [9, 8], [8, 9], [9, 10], [8, 11], [7, 12], [7, 13], [6, 14], [5, 15], [4, 15], [4, 16], [3, 16], [4, 17]]
[[9, 4], [8, 5], [9, 6], [9, 7], [9, 8], [8, 9], [7, 10], [8, 11], [7, 12], [6, 13], [6, 14], [5, 15], [4, 16], [3, 15], [4, 16], [4, 17]]
[[9, 4], [10, 5], [9, 6], [8, 7], [9, 8], [8, 9], [8, 10], [8, 11], [7, 12], [8, 13], [9, 14], [8, 15], [7, 15], [6, 16], [5, 17], [4, 17]]
[[9, 4], [9, 5], [9, 6], [10, 7], [9, 8], [10, 8], [9, 9], [10, 10], [9, 11], [8, 12], [7, 12], [6, 13], [6, 14], [5, 15], [6, 16], [5, 17], [4, 17]]
[[9, 4], [9, 5], [9, 6], [9, 7], [9, 8], [9, 9], [9, 10], [10, 11], [9, 12], [8, 13], [7, 14], [6, 14], [6, 15], [5, 14], [4, 15], [4, 16], [4, 17]]
[[9, 4], [8, 5], [9, 6], [10, 7], [10, 8], [9, 9], [10, 10], [9, 11], [9, 12], [8, 11], [7, 12], [6, 12], [5, 13], [6, 13], [7, 14], [7, 15], [7, 16], [6, 17], [5, 17], [4, 17]]
[[9, 4], [9, 5], [9, 6], [8, 7], [9, 8], [8, 9], [7, 10], [8, 10], [8, 9], [7, 9], [7, 10], [7, 11], [8, 12], [7, 13], [7, 14], [6, 14], [7, 15], [7, 16], [6, 16], [5, 17], [4, 17]]
[[9, 4], [8, 5], [7, 5], [6, 6], [5, 7], [4, 8], [3, 8], [4, 9], [4, 10], [5, 10], [4, 11], [3, 12], [2, 13], [2, 14], [1, 14], [2, 15], [2, 14], [3, 15], [4, 14], [3, 14], [3, 15], [3, 16], [4, 17], [5, 17], [4, 17]]
[[9, 4], [10, 5], [10, 6], [9, 7], [9, 8], [8, 9], [9, 9], [8, 10], [7, 11], [8, 11], [7, 12], [6, 12], [5, 13], [6, 14], [7, 13], [7, 14], [8, 15], [7, 16], [6, 17], [7, 17], [6, 18], [7, 18], [7, 19], [6, 19], [5, 18], [4, 17]]
[[9, 4], [10, 5], [10, 6], [9, 7], [8, 7], [7, 6], [6, 5], [7, 6], [6, 7], [7, 8], [6, 8], [6, 9], [5, 8], [5, 9], [6, 10], [7, 11], [8, 10], [9, 10], [8, 10], [7, 10], [6, 11], [6, 12], [7, 12], [6, 13], [6, 14], [5, 15], [4, 16], [3, 15], [4, 16], [4, 17], [4, 16], [4, 17], [5, 17], [5, 18], [4, 18], [4, 17]]
[[9, 4], [8, 4], [8, 5], [8, 6], [9, 7], [8, 7], [7, 6], [6, 5], [5, 5], [6, 6], [6, 7], [5, 8], [6, 7], [5, 8], [4, 7], [5, 8], [4, 9], [3, 9], [2, 10], [1, 10], [2, 10], [3, 10], [2, 11], [2, 10], [1, 11], [2, 12], [1, 13], [0, 13], [1, 14], [1, 15], [1, 14], [2, 14], [2, 15], [1, 16], [2, 15], [3, 16], [4, 15], [3, 16], [3, 17], [4, 17]]
