[[12, 18], [12, 17], [11, 16], [11, 15], [12, 14], [13, 13], [14, 12], [14, 11], [15, 10], [14, 9], [14, 8], [14, 7], [15, 6], [15, 5], [16, 4], [15, 3], [14, 2]]
[[12, 18], [11, 17], [10, 16], [11, 15], [10, 14], [11, 13], [12, 12], [12, 11], [11, 10], [12, 9], [11, 8], [12, 7], [13, 6], [13, 5], [13, 4], [14, 3], [14, 2]]
[[12, 18], [11, 17], [11, 16], [11, 15], [11, 14], [12, 13], [13, 12], [12, 11], [11, 10], [12, 9], [13, 8], [14, 7], [15, 6], [15, 5], [14, 4], [15, 3], [14, 2]]
[[12, 18], [12, 17], [11, 16], [11, 15], [12, 14], [13, 13], [14, 12], [14, 11], [15, 10], [14, 9], [14, 8], [14, 7], [15, 6], [15, 5], [16, 4], [15, 3], [14, 2]]
[[12, 18], [13, 17], [12, 16], [13, 15], [14, 14], [13, 13], [13, 12], [13, 11], [13, 10], [13, 9], [13, 8], [12, 7], [11, 6], [12, 5], [13, 4], [14, 3], [14, 2]]
[[12, 18], [12, 17], [12, 16], [13, 15], [12, 14], [13, 13], [12, 12], [12, 11], [11, 10], [12, 9], [12, 8], [12, 7], [13, 6], [13, 5], [14, 4], [15, 3], [14, 2]]
[[12, 18], [13, 17], [13, 16], [13, 15], [14, 14], [13, 13], [12, 12], [12, 11], [11, 10], [12, 9], [12, 8], [13, 7], [14, 6], [15, 5], [15, 4], [14, 3], [14, 2]]
[[12, 18], [12, 17], [12, 16], [13, 15], [12, 14], [12, 13], [13, 12], [14, 11], [14, 10], [14, 9], [13, 8], [13, 7], [14, 6], [15, 5], [14, 4], [14, 3], [14, 2]]
[[12, 18], [11, 17], [12, 16], [11, 15], [12, 14], [12, 13], [13, 12], [12, 11], [11, 10], [12, 9], [12, 8], [12, 7], [13, 6], [12, 5], [13, 4], [14, 3], [14, 2]]
[[12, 18], [13, 17], [13, 16], [12, 15], [12, 14], [13, 13], [13, 12], [12, 11], [11, 10], [12, 9], [13, 8], [13, 7], [14, 6], [15, 5], [15, 4], [15, 3], [14, 2]]
[[12, 18], [11, 17], [12, 16], [12, 15], [12, 14], [12, 13], [13, 12], [13, 11], [13, 10], [13, 9], [13, 8], [12, 7], [13, 6], [13, 5], [13, 4], [14, 3], [14, 2]]
[[12, 18], [11, 17], [12, 16], [11, 15], [12, 14], [13, 13], [12, 12], [13, 11], [14, 10], [14, 9], [13, 8], [14, 7], [14, 6], [14, 5], [15, 4], [14, 3], [14, 2]]
[[12, 18], [12, 17], [13, 16], [13, 15], [14, 14], [14, 13], [14, 12], [14, 11], [13, 10], [13, 9], [13, 8], [12, 7], [11, 6], [12, 5], [13, 4], [14, 3], [14, 2]]
[[12, 18], [12, 17], [12, 16], [12, 15], [12, 14], [11, 13], [12, 12], [12, 11], [11, 10], [11, 9], [10, 8], [11, 7], [11, 6], [12, 5], [13, 4], [14, 3], [14, 2]]
[[12, 18], [11, 17], [12, 16], [11, 15], [11, 14], [12, 13], [13, 12], [12, 11], [13, 10], [14, 9], [13, 8], [13, 7], [13, 6], [14, 5], [15, 4], [14, 3], [14, 2]]
[[12, 18], [12, 17], [11, 16], [11, 15], [12, 14], [12, 13], [13, 12], [14, 11], [13, 10], [13, 9], [13, 8], [13, 7], [13, 6], [14, 5], [14, 4], [15, 3], [14, 3], [14, 2]]
[[12, 18], [12, 17], [12, 16], [13, 15], [14, 14], [14, 13], [15, 12], [14, 11], [15, 10], [15, 9], [16, 9], [17, 8], [17, 7], [16, 6], [15, 5], [14, 4], [15, 3], [14, 2]]
[[12, 18], [13, 17], [12, 16], [11, 15], [11, 14], [11, 13], [11, 12], [10, 11], [11, 10], [11, 9], [11, 8], [12, 7], [11, 6], [12, 5], [13, 5], [14, 4], [15, 3], [14, 2]]
[[12, 18], [13, 17], [12, 16], [11, 15], [12, 14], [12, 13], [13, 12], [13, 11], [14, 10], [14, 9], [13, 8], [12, 7], [13, 6], [13, 5], [14, 5], [15, 4], [15, 3], [14, 2]]
[[12, 18], [12, 17], [13, 16], [12, 15], [11, 14], [11, 13], [10, 12], [10, 11], [11, 10], [11, 9], [10, 8], [10, 7], [10, 6], [11, 6], [12, 5], [13, 4], [14, 3], [14, 2], [13, 2], [14, 2]]
