[[10, 11], [11, 10], [12, 9], [13, 8], [14, 8], [15, 7], [16, 6], [17, 6], [18, 7], [19, 6], [20, 5], [21, 4], [22, 3], [23, 3], [24, 2], [25, 1], [26, 0], [27, 1], [28, 1]]
[[10, 11], [11, 10], [12, 9], [13, 8], [14, 7], [15, 7], [16, 6], [17, 6], [18, 6], [19, 5], [20, 4], [21, 3], [22, 2], [23, 3], [24, 2], [25, 1], [26, 0], [27, 0], [28, 1]]
[[10, 11], [11, 10], [12, 9], [13, 8], [14, 7], [15, 7], [16, 6], [17, 5], [18, 4], [19, 3], [20, 4], [21, 3], [22, 2], [23, 3], [24, 2], [25, 1], [26, 1], [27, 0], [28, 1]]
[[10, 11], [11, 10], [12, 9], [13, 8], [14, 8], [15, 7], [16, 6], [17, 6], [18, 7], [19, 6], [20, 5], [21, 4], [22, 3], [23, 3], [24, 2], [25, 1], [26, 0], [27, 1], [28, 1]]
[[10, 11], [11, 10], [12, 9], [13, 8], [14, 8], [15, 7], [16, 7], [17, 6], [18, 6], [19, 5], [20, 4], [21, 4], [22, 4], [23, 3], [24, 2], [25, 1], [26, 0], [27, 1], [28, 1]]
[[10, 11], [11, 10], [12, 11], [13, 10], [14, 10], [15, 9], [16, 8], [17, 8], [18, 7], [19, 6], [20, 5], [21, 4], [22, 3], [23, 3], [24, 2], [25, 1], [26, 2], [27, 1], [28, 1]]
[[10, 11], [11, 10], [12, 9], [13, 8], [14, 7], [15, 7], [16, 6], [17, 5], [18, 4], [19, 3], [20, 3], [21, 3], [22, 4], [23, 3], [24, 2], [25, 1], [26, 2], [27, 1], [28, 1]]
[[10, 11], [11, 10], [12, 9], [13, 8], [14, 9], [15, 8], [16, 7], [17, 6], [18, 5], [19, 5], [20, 4], [21, 3], [22, 2], [23, 1], [24, 1], [25, 0], [26, 0], [27, 1], [28, 1]]
[[10, 11], [11, 10], [12, 11], [13, 10], [14, 10], [15, 9], [16, 8], [17, 7], [18, 6], [19, 6], [20, 5], [21, 4], [22, 3], [23, 2], [24, 1], [25, 1], [26, 0], [27, 1], [28, 1]]
[[10, 11], [11, 10], [12, 11], [13, 10], [14, 10], [15, 9], [16, 8], [17, 7], [18, 7], [19, 6], [20, 5], [21, 4], [22, 3], [23, 3], [24, 2], [25, 1], [26, 1], [27, 1], [28, 1]]
[[10, 11], [11, 10], [12, 9], [13, 8], [14, 7], [15, 7], [16, 6], [17, 5], [18, 4], [19, 4], [20, 4], [21, 3], [22, 2], [23, 1], [24, 1], [25, 0], [26, 1], [27, 0], [28, 1]]
[[10, 11], [11, 12], [12, 11], [13, 11], [14, 10], [15, 9], [16, 8], [17, 7], [18, 6], [19, 5], [20, 4], [21, 3], [22, 2], [23, 1], [24, 0], [25, 1], [26, 1], [27, 1], [28, 1]]
[[10, 11], [11, 10], [12, 9], [13, 8], [14, 9], [15, 8], [16, 7], [17, 7], [18, 6], [19, 5], [20, 4], [21, 3], [22, 3], [23, 3], [24, 2], [25, 1], [26, 1], [27, 1], [28, 1]]
[[10, 11], [11, 11], [12, 11], [13, 11], [14, 10], [15, 9], [16, 8], [17, 7], [18, 7], [19, 6], [20, 5], [21, 4], [22, 3], [23, 2], [24, 2], [25, 1], [26, 1], [27, 0], [28, 1]]
[[10, 11], [11, 12], [12, 11], [13, 10], [14, 9], [15, 9], [16, 8], [17, 8], [18, 7], [19, 6], [20, 5], [21, 4], [22, 3], [23, 2], [24, 1], [24, 2], [25, 1], [26, 0], [27, 1], [28, 1]]
[[10, 11], [11, 10], [12, 10], [13, 10], [14, 9], [15, 8], [16, 8], [17, 7], [18, 6], [19, 6], [20, 5], [21, 4], [22, 3], [23, 2], [24, 1], [25, 0], [25, 1], [26, 1], [27, 0], [28, 1]]
[[10, 11], [11, 11], [11, 12], [12, 11], [13, 10], [14, 9], [15, 8], [16, 8], [17, 8], [18, 7], [19, 7], [20, 7], [21, 8], [22, 7], [23, 6], [24, 6], [24, 7], [25, 6], [26, 5], [27, 4], [28, 3], [29, 2], [28, 1], [29, 1], [28, 1]]
[[10, 11], [10, 12], [11, 11], [12, 10], [13, 10], [14, 9], [15, 8], [16, 7], [17, 6], [18, 5], [19, 6], [20, 7], [21, 8], [22, 7], [23, 8], [24, 9], [24, 8], [25, 8], [26, 7], [25, 6], [26, 5], [27, 5], [28, 4], [28, 3], [29, 2], [28, 1]]
[[10, 11], [11, 10], [12, 11], [13, 10], [14, 10], [15, 9], [15, 8], [16, 7], [17, 6], [18, 7], [19, 8], [20, 9], [21, 10], [21, 9], [22, 8], [23, 8], [24, 8], [25, 7], [26, 7], [27, 6], [27, 7], [27, 6], [27, 5], [27, 4], [28, 3], [28, 2], [28, 1]]
[[10, 11], [10, 10], [11, 10], [11, 9], [12, 9], [13, 8], [14, 8], [15, 7], [16, 6], [17, 7], [16, 8], [17, 8], [18, 7], [19, 6], [20, 7], [21, 8], [22, 8], [23, 8], [24, 8], [25, 8], [24, 7], [25, 6], [26, 5], [25, 4], [26, 3], [27, 3], [28, 2], [29, 1], [28, 1]]
