[[19, 5], [18, 4], [17, 4], [16, 5], [15, 4], [14, 4], [13, 3], [12, 4], [11, 4], [10, 4], [9, 5], [8, 6], [7, 6], [6, 7], [5, 6], [4, 7], [3, 6]]
[[19, 5], [18, 4], [17, 4], [16, 4], [15, 4], [14, 5], [13, 4], [12, 3], [11, 3], [10, 4], [9, 5], [8, 6], [7, 6], [6, 5], [5, 4], [4, 5], [3, 6]]
[[19, 5], [18, 5], [17, 4], [16, 5], [15, 6], [14, 6], [13, 5], [12, 4], [11, 4], [10, 4], [9, 5], [8, 5], [7, 6], [6, 5], [5, 4], [4, 5], [3, 6]]
[[19, 5], [18, 5], [17, 5], [16, 5], [15, 6], [14, 5], [13, 6], [12, 6], [11, 6], [10, 6], [9, 7], [8, 6], [7, 6], [6, 5], [5, 6], [4, 6], [3, 6]]
[[19, 5], [18, 4], [17, 3], [16, 3], [15, 2], [14, 3], [13, 3], [12, 4], [11, 5], [10, 6], [9, 7], [8, 6], [7, 6], [6, 5], [5, 4], [4, 5], [3, 6]]
[[19, 5], [18, 4], [17, 3], [16, 3], [15, 3], [14, 3], [13, 3], [12, 3], [11, 4], [10, 4], [9, 5], [8, 6], [7, 6], [6, 7], [5, 6], [4, 6], [3, 6]]
[[19, 5], [18, 5], [17, 4], [16, 5], [15, 5], [14, 5], [13, 5], [12, 4], [11, 4], [10, 4], [9, 5], [8, 6], [7, 6], [6, 6], [5, 6], [4, 7], [3, 6]]
[[19, 5], [18, 4], [17, 3], [16, 3], [15, 4], [14, 3], [13, 3], [12, 3], [11, 3], [10, 4], [9, 5], [8, 6], [7, 6], [6, 5], [5, 4], [4, 5], [3, 6]]
[[19, 5], [18, 4], [17, 5], [16, 5], [15, 5], [14, 4], [13, 4], [12, 5], [11, 5], [10, 6], [9, 7], [8, 8], [7, 7], [6, 6], [5, 5], [4, 5], [3, 6]]
[[19, 5], [18, 4], [17, 4], [16, 5], [15, 4], [14, 4], [13, 3], [12, 4], [11, 4], [10, 4], [9, 5], [8, 6], [7, 6], [6, 7], [5, 6], [4, 7], [3, 6]]
[[19, 5], [18, 6], [17, 5], [16, 5], [15, 4], [14, 5], [13, 4], [12, 5], [11, 5], [10, 6], [9, 5], [8, 5], [7, 6], [6, 5], [5, 4], [4, 5], [3, 6]]
[[19, 5], [18, 4], [17, 3], [16, 4], [15, 3], [15, 4], [14, 4], [13, 4], [12, 5], [11, 5], [10, 6], [9, 5], [8, 6], [7, 7], [6, 6], [5, 6], [4, 7], [3, 6]]
[[19, 5], [18, 5], [17, 4], [16, 4], [15, 3], [14, 3], [13, 3], [12, 4], [11, 5], [10, 4], [9, 5], [8, 5], [7, 6], [6, 7], [5, 8], [5, 7], [4, 7], [3, 6]]
[[19, 5], [18, 4], [17, 5], [16, 5], [16, 4], [15, 5], [14, 5], [13, 4], [12, 4], [12, 3], [11, 2], [10, 2], [11, 2], [10, 3], [9, 4], [8, 5], [7, 6], [6, 6], [5, 7], [4, 7], [3, 6]]
[[19, 5], [18, 4], [19, 3], [19, 2], [18, 1], [18, 0], [17, 0], [16, 0], [15, 0], [16, 1], [16, 0], [15, 0], [14, 1], [13, 1], [12, 2], [11, 1], [10, 1], [10, 2], [9, 3], [9, 4], [8, 5], [7, 6], [6, 7], [5, 8], [4, 7], [3, 6]]
[[19, 5], [18, 6], [18, 7], [19, 6], [18, 5], [19, 4], [20, 3], [19, 2], [18, 1], [18, 0], [19, 1], [18, 1], [17, 0], [16, 1], [16, 0], [15, 0], [14, 1], [13, 1], [12, 1], [11, 1], [11, 0], [10, 1], [10, 2], [9, 2], [8, 1], [7, 0], [6, 1], [5, 2], [4, 1], [3, 2], [4, 1], [5, 2], [5, 1], [6, 2], [6, 3], [7, 4], [6, 4], [5, 4], [6, 5], [6, 6], [6, 7], [5, 6], [4, 7], [3, 6], [4, 5], [3, 6]]
[[19, 5], [18, 5], [18, 6], [18, 7], [17, 6], [16, 7], [16, 6], [17, 5], [16, 5], [15, 6], [15, 5], [14, 4], [14, 5], [13, 5], [13, 4], [12, 3], [11, 3], [10, 4], [11, 4], [11, 5], [12, 4], [12, 5], [11, 6], [12, 6], [12, 7], [12, 8], [13, 8], [12, 9], [13, 9], [14, 8], [14, 7], [13, 6], [14, 6], [15, 7], [16, 8], [15, 9], [16, 9], [16, 10], [17, 11], [16, 12], [17, 13], [18, 14], [19, 13], [19, 14], [18, 15], [17, 15], [17, 14], [16, 15], [16, 16], [16, 17], [15, 18], [14, 18], [13, 19], [14, 19], [13, 18], [12, 17], [12, 18], [11, 17], [10, 17], [9, 16], [8, 16], [9, 15], [8, 15], [7, 15], [6, 16], [5, 15], [6, 14], [6, 15], [7, 14], [6, 13], [5, 14], [5, 13], [4, 14], [3, 14], [2, 13], [2, 14], [1, 14], [0, 13], [0, 12], [1, 11], [1, 10], [0, 9], [0, 8], [1, 7], [1, 6], [2, 6], [1, 5], [1, 4], [2, 5], [3, 6]]
