[[0, 13], [0, 12], [1, 11], [2, 10], [2, 9], [3, 8], [4, 7], [5, 6], [6, 5], [7, 4], [8, 3], [8, 2]]
[[0, 13], [1, 12], [1, 11], [2, 10], [3, 9], [3, 8], [4, 7], [5, 6], [6, 5], [7, 4], [8, 3], [8, 2]]
[[0, 13], [1, 12], [2, 11], [3, 10], [4, 9], [4, 8], [5, 7], [5, 6], [6, 5], [7, 4], [8, 3], [8, 2]]
[[0, 13], [0, 12], [1, 11], [2, 10], [2, 9], [3, 8], [4, 7], [5, 6], [6, 5], [7, 4], [8, 3], [8, 2]]
[[0, 13], [0, 12], [0, 11], [1, 10], [2, 9], [3, 8], [4, 7], [5, 6], [6, 5], [7, 4], [8, 3], [8, 2]]
[[0, 13], [1, 12], [2, 11], [2, 10], [2, 9], [3, 8], [4, 7], [5, 6], [6, 5], [7, 4], [8, 3], [8, 2]]
[[0, 13], [1, 12], [2, 11], [3, 10], [4, 9], [4, 8], [5, 7], [6, 6], [7, 5], [8, 4], [9, 3], [8, 2]]
[[0, 13], [1, 12], [2, 11], [3, 10], [4, 9], [5, 8], [6, 7], [6, 6], [7, 5], [8, 4], [8, 3], [8, 2]]
[[0, 13], [1, 12], [2, 11], [3, 10], [2, 9], [3, 8], [4, 7], [5, 6], [6, 5], [7, 4], [8, 3], [8, 2]]
[[0, 13], [1, 12], [2, 11], [3, 10], [3, 9], [4, 8], [5, 7], [6, 6], [7, 5], [8, 4], [9, 3], [8, 2]]
[[0, 13], [1, 12], [2, 11], [2, 10], [3, 9], [4, 8], [4, 7], [5, 6], [6, 5], [7, 4], [8, 3], [8, 2]]
[[0, 13], [1, 12], [2, 11], [3, 10], [3, 9], [4, 8], [5, 7], [6, 6], [7, 5], [8, 4], [8, 3], [8, 2]]
[[0, 13], [1, 12], [2, 11], [3, 10], [4, 9], [4, 8], [5, 8], [6, 7], [7, 6], [8, 5], [8, 4], [8, 3], [8, 2]]
[[0, 13], [1, 12], [2, 11], [3, 10], [3, 9], [4, 8], [5, 8], [6, 7], [7, 6], [8, 5], [8, 4], [9, 3], [8, 2]]
[[0, 13], [1, 12], [2, 12], [3, 11], [3, 10], [4, 9], [5, 8], [6, 7], [7, 6], [7, 5], [7, 4], [8, 3], [8, 2]]
[[0, 13], [1, 12], [2, 11], [3, 10], [4, 10], [4, 9], [5, 8], [6, 7], [6, 6], [7, 5], [8, 4], [8, 3], [8, 2]]
[[0, 13], [1, 12], [2, 11], [2, 10], [2, 9], [3, 8], [4, 8], [5, 8], [6, 7], [7, 6], [8, 5], [8, 4], [9, 3], [8, 2]]
[[0, 13], [0, 12], [1, 11], [2, 10], [2, 9], [3, 9], [4, 8], [4, 7], [5, 7], [6, 6], [7, 5], [7, 4], [8, 3], [8, 2]]
[[0, 13], [1, 12], [2, 11], [2, 10], [3, 9], [4, 8], [5, 8], [6, 8], [7, 7], [7, 6], [8, 5], [8, 4], [9, 3], [8, 2]]
[[0, 13], [1, 14], [2, 13], [1, 13], [2, 12], [1, 11], [2, 10], [3, 9], [3, 8], [4, 7], [5, 7], [6, 7], [6, 6], [7, 5], [7, 4], [8, 3], [8, 2]]
