[[8, 3], [7, 4], [8, 5], [8, 6], [8, 7], [7, 8], [8, 9], [8, 10], [9, 11], [8, 12], [7, 13], [8, 14], [9, 15], [9, 16], [10, 17], [9, 18], [8, 19]]
[[8, 3], [8, 4], [9, 5], [9, 6], [10, 7], [11, 8], [10, 9], [9, 10], [8, 11], [8, 12], [9, 13], [10, 14], [9, 15], [8, 16], [7, 17], [7, 18], [8, 19]]
[[8, 3], [9, 4], [10, 5], [10, 6], [10, 7], [11, 8], [11, 9], [12, 10], [12, 11], [12, 12], [12, 13], [11, 14], [11, 15], [11, 16], [10, 17], [9, 18], [8, 19]]
[[8, 3], [9, 4], [9, 5], [8, 6], [8, 7], [9, 8], [10, 9], [11, 10], [11, 11], [12, 12], [11, 13], [11, 14], [10, 15], [9, 16], [8, 17], [7, 18], [8, 19]]
[[8, 3], [7, 4], [8, 5], [8, 6], [8, 7], [7, 8], [8, 9], [8, 10], [9, 11], [8, 12], [7, 13], [8, 14], [9, 15], [9, 16], [10, 17], [9, 18], [8, 19]]
[[8, 3], [8, 4], [9, 5], [10, 6], [9, 7], [8, 8], [9, 9], [8, 10], [7, 11], [8, 12], [9, 13], [10, 14], [10, 15], [9, 16], [8, 17], [9, 18], [8, 19]]
[[8, 3], [8, 4], [8, 5], [7, 6], [7, 7], [8, 8], [8, 9], [9, 10], [10, 11], [9, 12], [10, 13], [10, 14], [10, 15], [11, 16], [10, 17], [9, 18], [8, 19]]
[[8, 3], [7, 4], [7, 5], [7, 6], [8, 7], [7, 8], [6, 9], [7, 10], [8, 11], [8, 12], [8, 13], [7, 14], [7, 15], [7, 16], [8, 17], [7, 18], [8, 19]]
[[8, 3], [9, 4], [9, 5], [10, 6], [9, 7], [9, 8], [8, 9], [7, 10], [7, 11], [6, 12], [6, 13], [6, 14], [7, 15], [6, 16], [6, 17], [7, 18], [8, 19]]
[[8, 3], [7, 4], [8, 5], [9, 6], [10, 7], [11, 8], [12, 9], [12, 10], [12, 11], [12, 12], [11, 13], [10, 14], [10, 15], [9, 16], [10, 17], [9, 18], [8, 19]]
[[8, 3], [8, 4], [8, 5], [9, 6], [9, 7], [9, 8], [9, 9], [8, 10], [7, 11], [6, 12], [6, 13], [7, 14], [7, 15], [8, 16], [7, 17], [7, 18], [8, 19]]
[[8, 3], [8, 4], [8, 5], [7, 6], [7, 7], [8, 8], [8, 9], [9, 10], [8, 11], [8, 12], [9, 13], [10, 14], [9, 15], [9, 16], [8, 17], [9, 18], [8, 19]]
[[8, 3], [9, 4], [8, 5], [8, 6], [8, 7], [9, 8], [9, 9], [8, 10], [9, 11], [9, 12], [10, 13], [10, 14], [10, 15], [9, 16], [10, 17], [9, 18], [8, 19]]
[[8, 3], [9, 4], [8, 5], [9, 6], [8, 7], [8, 8], [8, 9], [9, 10], [10, 11], [9, 12], [8, 12], [9, 13], [10, 14], [10, 15], [10, 16], [10, 17], [9, 18], [8, 19]]
[[8, 3], [9, 4], [8, 5], [9, 6], [10, 7], [9, 8], [9, 9], [8, 10], [9, 11], [9, 12], [10, 13], [11, 13], [10, 14], [9, 15], [9, 16], [8, 17], [9, 18], [8, 19]]
[[8, 3], [7, 4], [8, 5], [8, 6], [9, 7], [9, 8], [10, 9], [9, 10], [10, 11], [9, 11], [8, 12], [9, 13], [10, 14], [10, 15], [10, 16], [10, 17], [9, 18], [8, 19]]
[[8, 3], [9, 4], [10, 5], [11, 6], [11, 7], [11, 8], [12, 9], [11, 10], [12, 11], [11, 12], [10, 13], [9, 13], [10, 14], [9, 15], [9, 16], [8, 17], [9, 18], [8, 19]]
[[8, 3], [9, 2], [9, 3], [10, 4], [11, 5], [11, 6], [12, 7], [11, 8], [10, 9], [11, 10], [11, 11], [11, 12], [10, 13], [9, 13], [8, 14], [7, 15], [8, 16], [8, 17], [7, 18], [8, 19]]
[[8, 3], [9, 4], [8, 5], [9, 6], [9, 5], [10, 6], [11, 7], [11, 8], [12, 9], [11, 10], [10, 11], [9, 12], [8, 12], [7, 13], [8, 14], [9, 15], [8, 16], [8, 17], [7, 18], [8, 19]]
[[8, 3], [9, 4], [9, 3], [10, 4], [11, 5], [12, 6], [12, 7], [11, 8], [12, 9], [12, 10], [11, 11], [11, 12], [10, 13], [9, 13], [8, 14], [9, 15], [8, 16], [8, 17], [9, 18], [8, 19]]
