[[5, 10], [6, 10], [7, 10], [8, 11], [9, 10], [10, 10], [11, 11], [12, 12], [13, 13], [14, 14], [15, 15], [16, 16], [17, 17], [18, 18], [19, 19]]
[[5, 10], [6, 10], [7, 10], [8, 11], [9, 10], [10, 10], [11, 11], [12, 12], [13, 13], [14, 14], [15, 15], [16, 16], [17, 17], [18, 18], [19, 19]]
[[5, 10], [6, 10], [7, 11], [8, 11], [9, 11], [10, 12], [11, 12], [12, 13], [13, 14], [14, 15], [15, 16], [16, 17], [17, 17], [18, 18], [19, 19]]
[[5, 10], [6, 10], [7, 10], [8, 10], [9, 11], [10, 11], [11, 12], [12, 13], [13, 13], [14, 14], [15, 15], [16, 16], [17, 17], [18, 18], [19, 19]]
[[5, 10], [6, 10], [7, 10], [8, 10], [9, 11], [10, 11], [11, 12], [12, 13], [13, 14], [14, 15], [15, 16], [16, 16], [17, 17], [18, 18], [19, 19]]
[[5, 10], [6, 10], [7, 11], [8, 11], [9, 10], [10, 11], [11, 12], [12, 13], [13, 14], [14, 14], [15, 15], [16, 16], [17, 17], [18, 18], [19, 19]]
[[5, 10], [6, 9], [7, 9], [8, 10], [9, 10], [10, 11], [11, 11], [12, 12], [13, 13], [14, 14], [15, 15], [16, 16], [17, 17], [18, 18], [19, 19]]
[[5, 10], [6, 10], [7, 11], [8, 12], [9, 13], [10, 13], [11, 13], [12, 13], [13, 14], [14, 14], [15, 15], [16, 16], [17, 17], [18, 18], [19, 19]]
[[5, 10], [6, 9], [7, 10], [8, 11], [9, 12], [10, 13], [11, 12], [12, 13], [13, 14], [14, 15], [15, 16], [16, 17], [17, 18], [18, 19], [19, 19]]
[[5, 10], [6, 10], [7, 10], [8, 11], [9, 11], [10, 12], [11, 12], [12, 12], [13, 13], [14, 14], [15, 15], [16, 16], [17, 17], [18, 18], [19, 19]]
[[5, 10], [6, 9], [7, 10], [8, 11], [9, 10], [10, 10], [11, 11], [12, 12], [13, 13], [14, 14], [15, 15], [16, 16], [17, 17], [18, 18], [19, 19]]
[[5, 10], [6, 10], [7, 10], [8, 11], [9, 12], [10, 11], [11, 11], [12, 12], [13, 13], [14, 14], [15, 15], [16, 16], [17, 17], [18, 18], [19, 19]]
[[5, 10], [6, 10], [7, 10], [8, 11], [9, 10], [10, 10], [11, 11], [12, 12], [13, 13], [14, 14], [15, 15], [16, 16], [17, 17], [18, 18], [19, 19]]
[[5, 10], [6, 10], [7, 11], [8, 11], [9, 11], [10, 11], [11, 11], [12, 12], [13, 13], [14, 14], [14, 15], [15, 16], [16, 16], [17, 17], [18, 18], [19, 19]]
[[5, 10], [6, 10], [7, 11], [8, 12], [9, 13], [10, 13], [11, 13], [12, 13], [13, 14], [14, 14], [14, 15], [15, 16], [16, 17], [17, 18], [18, 18], [19, 19]]
[[5, 10], [6, 10], [7, 10], [8, 10], [9, 9], [10, 10], [11, 11], [12, 12], [13, 13], [14, 14], [15, 15], [16, 15], [17, 16], [18, 17], [18, 18], [19, 19]]
[[5, 10], [6, 9], [7, 10], [8, 10], [9, 9], [10, 9], [11, 10], [12, 11], [12, 12], [13, 12], [14, 13], [15, 14], [16, 15], [17, 16], [18, 17], [18, 18], [19, 19]]
[[5, 10], [6, 9], [7, 10], [8, 10], [9, 9], [10, 9], [11, 10], [12, 11], [12, 12], [13, 12], [14, 13], [15, 14], [16, 15], [16, 16], [17, 17], [18, 18], [19, 19]]
[[5, 10], [6, 10], [7, 10], [8, 9], [9, 10], [10, 9], [11, 10], [12, 11], [13, 12], [14, 12], [14, 13], [14, 14], [15, 15], [16, 16], [17, 17], [18, 18], [19, 19]]
[[5, 10], [6, 10], [7, 9], [8, 8], [9, 8], [10, 9], [11, 10], [12, 11], [13, 12], [14, 12], [15, 13], [16, 14], [17, 15], [18, 16], [18, 17], [19, 18], [19, 19]]
