[[18, 3], [19, 4], [20, 5], [21, 6], [22, 7], [23, 8], [24, 9]]
[[18, 3], [19, 4], [20, 5], [21, 6], [22, 7], [23, 8], [24, 9]]
[[18, 3], [19, 4], [20, 5], [21, 6], [22, 7], [23, 8], [24, 9]]
[[18, 3], [19, 4], [20, 5], [21, 6], [22, 7], [23, 8], [24, 9]]
[[18, 3], [19, 4], [20, 5], [21, 6], [22, 7], [23, 8], [24, 9]]
[[18, 3], [19, 4], [20, 5], [21, 6], [22, 7], [23, 8], [24, 9]]
[[18, 3], [19, 4], [20, 5], [21, 6], [22, 7], [23, 8], [24, 9]]
[[18, 3], [19, 4], [20, 5], [21, 6], [22, 7], [23, 8], [24, 9]]
[[18, 3], [19, 4], [20, 5], [21, 6], [22, 7], [23, 8], [24, 9]]
[[18, 3], [19, 4], [20, 5], [21, 6], [22, 7], [23, 8], [24, 9]]
[[18, 3], [19, 4], [20, 5], [21, 6], [22, 7], [23, 8], [24, 9]]
[[18, 3], [19, 4], [20, 5], [21, 6], [22, 7], [23, 8], [24, 9]]
[[18, 3], [19, 4], [20, 5], [21, 6], [22, 7], [23, 8], [24, 9]]
[[18, 3], [19, 4], [20, 5], [21, 6], [22, 7], [23, 8], [24, 9]]
[[18, 3], [19, 4], [20, 5], [21, 6], [22, 7], [23, 8], [24, 9]]
[[18, 3], [19, 4], [20, 5], [21, 6], [22, 7], [23, 8], [24, 9]]
[[18, 3], [19, 4], [20, 5], [21, 6], [22, 7], [23, 8], [24, 9]]
[[18, 3], [19, 4], [19, 5], [20, 6], [21, 7], [22, 7], [23, 8], [24, 9]]
[[18, 3], [19, 4], [20, 4], [21, 5], [22, 6], [23, 7], [23, 8], [24, 9]]
[[18, 3], [19, 3], [20, 4], [19, 5], [20, 6], [21, 7], [22, 8], [23, 8], [24, 8], [24, 9]]
