[[23, 15], [22, 14], [21, 13], [20, 13], [19, 13], [18, 14], [17, 14], [16, 14], [15, 13], [14, 13], [13, 12], [12, 11], [11, 11], [10, 11], [9, 11], [8, 12], [7, 12], [6, 12], [5, 11], [4, 10]]
[[23, 15], [22, 14], [21, 13], [20, 13], [19, 14], [18, 14], [17, 14], [16, 13], [15, 12], [14, 11], [13, 12], [12, 11], [11, 10], [10, 11], [9, 10], [8, 11], [7, 10], [6, 10], [5, 11], [4, 10]]
[[23, 15], [22, 14], [21, 14], [20, 13], [19, 13], [18, 12], [17, 13], [16, 14], [15, 13], [14, 13], [13, 12], [12, 12], [11, 11], [10, 10], [9, 10], [8, 9], [7, 9], [6, 10], [5, 11], [4, 10]]
[[23, 15], [22, 14], [21, 13], [20, 13], [19, 13], [18, 14], [17, 14], [16, 14], [15, 13], [14, 13], [13, 12], [12, 11], [11, 11], [10, 11], [9, 11], [8, 12], [7, 12], [6, 12], [5, 11], [4, 10]]
[[23, 15], [22, 15], [21, 14], [20, 15], [19, 14], [18, 14], [17, 13], [16, 13], [15, 12], [14, 11], [13, 12], [12, 11], [11, 12], [10, 11], [9, 10], [8, 11], [7, 10], [6, 10], [5, 11], [4, 10]]
[[23, 15], [22, 14], [21, 15], [20, 15], [19, 14], [18, 14], [17, 13], [16, 13], [15, 13], [14, 12], [13, 12], [12, 13], [11, 13], [10, 12], [9, 11], [8, 11], [7, 12], [6, 11], [5, 11], [4, 10]]
[[23, 15], [22, 16], [21, 15], [20, 15], [19, 14], [18, 14], [17, 14], [16, 14], [15, 14], [14, 14], [13, 13], [12, 12], [11, 13], [10, 12], [9, 11], [8, 12], [7, 12], [6, 12], [5, 11], [4, 10]]
[[23, 15], [22, 14], [21, 13], [21, 12], [20, 12], [19, 11], [18, 11], [18, 10], [17, 10], [16, 11], [15, 10], [14, 11], [13, 12], [12, 12], [11, 11], [10, 11], [9, 10], [8, 11], [7, 10], [6, 10], [5, 11], [4, 10]]
[[23, 15], [22, 14], [21, 13], [20, 13], [20, 12], [19, 12], [18, 12], [17, 13], [16, 13], [15, 12], [14, 11], [14, 10], [13, 10], [12, 11], [11, 11], [10, 10], [9, 10], [8, 9], [7, 10], [6, 11], [5, 11], [4, 10]]
[[23, 15], [22, 14], [21, 13], [21, 12], [20, 12], [19, 11], [18, 11], [18, 10], [17, 10], [16, 10], [15, 11], [14, 10], [13, 11], [12, 10], [11, 10], [10, 11], [9, 10], [8, 9], [7, 10], [6, 10], [5, 9], [4, 10]]
[[23, 15], [22, 14], [21, 13], [20, 12], [19, 13], [19, 12], [18, 12], [18, 11], [17, 12], [16, 12], [15, 13], [15, 12], [14, 12], [13, 11], [12, 12], [11, 11], [10, 11], [9, 10], [8, 9], [7, 9], [6, 10], [5, 10], [4, 10]]
[[23, 15], [22, 14], [21, 14], [20, 15], [19, 15], [18, 14], [17, 13], [17, 12], [18, 11], [17, 11], [16, 10], [15, 11], [15, 12], [14, 12], [13, 12], [12, 11], [11, 11], [10, 11], [9, 10], [8, 9], [7, 9], [6, 10], [5, 11], [4, 10]]
[[23, 15], [22, 14], [22, 15], [21, 15], [22, 14], [21, 14], [20, 13], [19, 13], [18, 12], [18, 11], [17, 11], [17, 12], [16, 11], [15, 11], [14, 12], [14, 11], [13, 11], [12, 12], [11, 11], [10, 10], [9, 10], [8, 9], [7, 10], [6, 10], [5, 11], [4, 10]]
[[23, 15], [22, 14], [21, 15], [22, 14], [22, 13], [21, 12], [22, 12], [21, 13], [20, 13], [19, 14], [18, 15], [17, 14], [16, 15], [16, 14], [15, 15], [14, 14], [15, 15], [14, 16], [13, 16], [12, 16], [11, 17], [10, 18], [9, 17], [9, 16], [8, 15], [7, 14], [6, 13], [6, 12], [7, 12], [6, 11], [6, 10], [5, 9], [4, 10]]
[[23, 15], [22, 16], [22, 17], [21, 18], [20, 17], [19, 18], [19, 17], [18, 17], [18, 18], [17, 19], [16, 18], [15, 17], [14, 16], [13, 16], [12, 15], [12, 14], [12, 13], [11, 14], [10, 13], [11, 12], [10, 11], [9, 11], [8, 12], [9, 11], [9, 10], [9, 11], [9, 10], [8, 9], [7, 9], [8, 9], [7, 8], [6, 8], [5, 9], [4, 10]]
[[23, 15], [22, 15], [21, 16], [20, 15], [19, 14], [18, 15], [17, 16], [16, 16], [15, 17], [14, 18], [15, 17], [16, 17], [17, 18], [16, 18], [15, 17], [16, 16], [15, 15], [16, 14], [16, 15], [16, 16], [16, 15], [15, 14], [14, 14], [13, 14], [12, 13], [11, 13], [10, 12], [9, 12], [9, 13], [10, 14], [9, 15], [8, 14], [7, 14], [6, 13], [6, 14], [6, 13], [5, 12], [6, 11], [5, 11], [5, 10], [4, 9], [4, 10]]
[[23, 15], [22, 14], [23, 13], [22, 14], [22, 13], [21, 12], [21, 13], [21, 14], [20, 15], [19, 14], [19, 15], [20, 16], [21, 16], [22, 16], [21, 17], [22, 16], [21, 15], [21, 16], [20, 17], [19, 18], [19, 19], [19, 18], [18, 18], [17, 18], [16, 18], [16, 19], [15, 18], [14, 19], [14, 18], [13, 17], [12, 16], [11, 16], [11, 15], [12, 15], [13, 14], [13, 13], [12, 12], [11, 11], [12, 10], [13, 10], [12, 11], [11, 11], [11, 10], [12, 10], [11, 10], [11, 11], [10, 10], [10, 11], [9, 11], [9, 10], [8, 11], [7, 10], [7, 9], [6, 10], [5, 9], [6, 8], [6, 7], [5, 8], [4, 9], [5, 10], [4, 11], [5, 11], [4, 10]]
[[23, 15], [22, 15], [21, 16], [22, 16], [21, 17], [21, 18], [22, 17], [23, 18], [24, 19], [23, 18], [24, 18], [24, 17], [25, 16], [25, 15], [24, 15], [23, 16], [22, 15], [22, 14], [21, 15], [20, 15], [19, 15], [18, 14], [19, 14], [18, 15], [17, 16], [16, 16], [15, 16], [16, 15], [15, 14], [14, 14], [15, 15], [14, 16], [13, 17], [14, 17], [15, 18], [16, 19], [17, 18], [18, 17], [18, 18], [19, 19], [19, 18], [18, 19], [17, 19], [16, 18], [15, 17], [14, 18], [13, 19], [12, 19], [12, 18], [11, 18], [10, 18], [11, 17], [11, 16], [11, 15], [10, 15], [9, 15], [8, 15], [7, 14], [6, 13], [5, 12], [5, 11], [6, 10], [7, 10], [8, 11], [9, 11], [8, 12], [7, 12], [6, 11], [6, 12], [5, 13], [5, 14], [4, 13], [3, 13], [2, 12], [2, 13], [2, 14], [1, 14], [1, 15], [0, 15], [0, 14], [1, 13], [0, 12], [1, 11], [0, 11], [0, 10], [0, 9], [1, 10], [2, 10], [3, 10], [4, 11], [3, 12], [3, 11], [4, 10]]
[[23, 15], [23, 16], [24, 15], [24, 14], [25, 15], [26, 15], [26, 14], [25, 13], [26, 12], [25, 11], [25, 12], [24, 11], [24, 10], [25, 9], [25, 10], [26, 10], [27, 10], [28, 11], [29, 11], [29, 10], [28, 9], [27, 8], [26, 9], [27, 9], [28, 8], [29, 7], [28, 7], [28, 6], [29, 5], [28, 4], [28, 3], [29, 4], [29, 3], [29, 2], [28, 2], [27, 2], [26, 3], [27, 4], [26, 4], [27, 5], [26, 5], [25, 5], [26, 6], [26, 7], [26, 8], [25, 8], [24, 7], [23, 7], [22, 8], [21, 7], [20, 8], [20, 9], [21, 10], [21, 11], [20, 11], [19, 11], [19, 12], [19, 13], [20, 12], [21, 12], [22, 11], [23, 12], [22, 13], [22, 12], [21, 13], [20, 13], [19, 14], [20, 15], [19, 16], [19, 15], [18, 15], [18, 16], [18, 17], [18, 18], [19, 19], [19, 18], [18, 19], [17, 18], [16, 18], [17, 19], [16, 19], [15, 18], [14, 19], [13, 19], [14, 18], [14, 17], [13, 16], [12, 16], [11, 16], [12, 17], [11, 18], [10, 17], [9, 17], [8, 17], [7, 17], [6, 18], [7, 18], [8, 18], [9, 18], [10, 19], [10, 18], [11, 17], [10, 16], [9, 16], [8, 16], [7, 16], [7, 15], [7, 14], [6, 13], [6, 12], [6, 11], [5, 11], [5, 12], [4, 13], [3, 13], [4, 14], [4, 13], [5, 14], [5, 15], [6, 14], [6, 13], [5, 13], [6, 12], [5, 11], [4, 10]]
