[[11, 8], [10, 7], [9, 6], [8, 5], [7, 4], [6, 3], [5, 2]]
[[11, 8], [10, 7], [9, 6], [8, 5], [7, 4], [6, 3], [5, 2]]
[[11, 8], [10, 7], [9, 6], [8, 5], [7, 4], [6, 3], [5, 2]]
[[11, 8], [10, 7], [9, 6], [8, 5], [7, 4], [6, 3], [5, 2]]
[[11, 8], [10, 7], [9, 6], [8, 5], [7, 4], [6, 3], [5, 2]]
[[11, 8], [10, 7], [9, 6], [8, 5], [7, 4], [6, 3], [5, 2]]
[[11, 8], [10, 7], [9, 6], [8, 5], [7, 4], [6, 3], [5, 2]]
[[11, 8], [10, 7], [9, 6], [8, 5], [7, 4], [6, 3], [5, 2]]
[[11, 8], [10, 7], [9, 6], [8, 5], [7, 4], [6, 3], [5, 2]]
[[11, 8], [10, 7], [9, 6], [8, 5], [7, 4], [6, 3], [5, 2]]
[[11, 8], [10, 7], [9, 6], [8, 5], [7, 4], [6, 3], [5, 2]]
[[11, 8], [10, 7], [9, 6], [8, 5], [7, 4], [6, 3], [5, 2]]
[[11, 8], [10, 7], [9, 6], [8, 5], [7, 4], [6, 3], [5, 2]]
[[11, 8], [10, 7], [9, 6], [8, 5], [7, 4], [6, 3], [5, 2]]
[[11, 8], [10, 7], [9, 6], [8, 5], [7, 4], [6, 3], [5, 2]]
[[11, 8], [10, 7], [9, 6], [8, 5], [7, 4], [6, 3], [5, 2]]
[[11, 8], [10, 7], [9, 6], [8, 6], [7, 5], [7, 4], [6, 3], [5, 2]]
[[11, 8], [12, 7], [12, 8], [11, 9], [10, 8], [9, 7], [8, 7], [9, 6], [10, 6], [9, 5], [8, 6], [7, 6], [7, 5], [8, 4], [7, 3], [6, 3], [5, 2]]
