[[25, 19], [24, 18], [23, 18], [22, 17], [21, 17], [20, 17], [19, 16], [18, 15], [17, 15], [16, 16], [15, 16], [14, 15], [13, 14], [12, 13], [11, 13], [10, 12], [9, 13]]
[[25, 19], [24, 18], [23, 18], [22, 17], [21, 16], [20, 15], [19, 16], [18, 16], [17, 15], [16, 14], [15, 13], [14, 12], [13, 13], [12, 14], [11, 13], [10, 12], [9, 13]]
[[25, 19], [24, 19], [23, 18], [22, 18], [21, 17], [20, 16], [19, 15], [18, 14], [17, 14], [16, 13], [15, 13], [14, 13], [13, 13], [12, 12], [11, 13], [10, 12], [9, 13]]
[[25, 19], [24, 19], [23, 18], [22, 17], [21, 17], [20, 16], [19, 15], [18, 15], [17, 14], [16, 13], [15, 12], [14, 13], [13, 13], [12, 13], [11, 13], [10, 14], [9, 13]]
[[25, 19], [24, 19], [23, 18], [22, 17], [21, 16], [20, 15], [19, 15], [18, 14], [17, 14], [16, 13], [15, 14], [14, 14], [13, 13], [12, 14], [11, 13], [10, 14], [9, 13]]
[[25, 19], [24, 18], [23, 19], [22, 18], [21, 17], [20, 16], [19, 15], [18, 14], [17, 14], [16, 13], [15, 12], [14, 13], [13, 14], [12, 14], [11, 13], [10, 12], [9, 13]]
[[25, 19], [24, 18], [23, 18], [22, 17], [21, 17], [20, 16], [19, 15], [18, 14], [17, 14], [16, 15], [15, 15], [14, 14], [13, 13], [12, 14], [11, 14], [10, 14], [9, 13]]
[[25, 19], [24, 18], [23, 18], [22, 17], [21, 16], [20, 16], [19, 15], [18, 15], [17, 14], [16, 14], [15, 13], [14, 12], [13, 13], [12, 12], [11, 13], [10, 12], [9, 13]]
[[25, 19], [24, 18], [23, 18], [22, 17], [21, 17], [20, 17], [19, 16], [18, 15], [17, 15], [16, 16], [15, 16], [14, 15], [13, 14], [12, 13], [11, 13], [10, 12], [9, 13]]
[[25, 19], [24, 18], [23, 18], [22, 17], [21, 16], [20, 15], [19, 16], [18, 15], [17, 15], [16, 14], [15, 13], [14, 13], [13, 13], [12, 12], [11, 11], [10, 12], [9, 13]]
[[25, 19], [24, 18], [23, 18], [22, 17], [21, 17], [20, 16], [19, 15], [18, 15], [17, 16], [16, 15], [15, 14], [14, 13], [13, 13], [12, 13], [11, 13], [10, 13], [9, 13]]
[[25, 19], [25, 18], [24, 18], [23, 18], [22, 17], [21, 17], [20, 16], [19, 17], [18, 16], [17, 15], [16, 14], [15, 13], [14, 12], [13, 13], [12, 14], [11, 13], [10, 14], [9, 13]]
[[25, 19], [24, 18], [23, 18], [22, 17], [21, 17], [20, 16], [19, 16], [18, 15], [17, 14], [16, 14], [15, 15], [15, 14], [14, 15], [13, 14], [12, 13], [11, 13], [10, 12], [9, 13]]
[[25, 19], [24, 19], [23, 18], [22, 17], [21, 16], [20, 16], [19, 16], [18, 16], [17, 15], [16, 14], [16, 15], [15, 14], [14, 13], [13, 12], [12, 12], [11, 13], [10, 14], [9, 13]]
[[25, 19], [24, 18], [23, 19], [22, 18], [22, 17], [21, 16], [20, 16], [19, 16], [18, 16], [17, 15], [16, 14], [15, 13], [14, 12], [13, 12], [12, 13], [11, 13], [10, 12], [9, 13]]
[[25, 19], [24, 18], [23, 18], [22, 18], [21, 19], [20, 19], [19, 19], [18, 18], [17, 18], [17, 17], [17, 16], [16, 15], [17, 16], [16, 15], [15, 14], [14, 15], [15, 16], [14, 15], [13, 15], [12, 14], [12, 15], [11, 14], [10, 13], [9, 13]]
[[25, 19], [24, 18], [24, 17], [25, 18], [25, 17], [26, 18], [25, 18], [24, 19], [23, 18], [22, 19], [21, 18], [20, 19], [19, 19], [18, 18], [17, 17], [16, 17], [16, 16], [16, 15], [17, 15], [16, 15], [15, 14], [14, 13], [13, 14], [14, 15], [13, 14], [12, 14], [12, 15], [11, 14], [10, 13], [9, 13]]
[[25, 19], [25, 18], [24, 17], [23, 18], [22, 17], [21, 17], [20, 16], [20, 15], [19, 15], [18, 15], [17, 15], [16, 15], [15, 16], [14, 15], [13, 15], [12, 15], [12, 16], [11, 15], [11, 16], [11, 17], [12, 17], [13, 17], [14, 16], [14, 17], [14, 18], [13, 18], [13, 19], [12, 19], [11, 18], [11, 17], [11, 16], [11, 15], [10, 14], [10, 13], [9, 13]]
[[25, 19], [24, 18], [24, 17], [23, 16], [24, 16], [24, 15], [23, 15], [22, 14], [22, 13], [21, 13], [22, 12], [22, 13], [22, 14], [21, 13], [22, 13], [21, 12], [20, 11], [19, 11], [20, 12], [19, 13], [20, 13], [19, 12], [18, 12], [17, 13], [17, 12], [16, 13], [15, 12], [15, 11], [16, 12], [16, 13], [17, 13], [18, 12], [17, 13], [16, 13], [15, 14], [14, 15], [14, 14], [13, 15], [12, 16], [11, 16], [12, 15], [12, 16], [12, 15], [11, 14], [10, 13], [9, 13], [9, 12], [9, 13]]
[[25, 19], [25, 18], [24, 17], [25, 16], [24, 17], [23, 16], [24, 16], [24, 15], [25, 15], [26, 15], [27, 14], [27, 13], [27, 12], [26, 11], [25, 12], [26, 13], [25, 12], [26, 13], [25, 13], [24, 14], [23, 15], [23, 16], [22, 17], [21, 18], [20, 19], [19, 19], [18, 18], [18, 19], [17, 19], [16, 18], [16, 19], [17, 18], [18, 18], [19, 17], [18, 16], [17, 16], [16, 15], [17, 15], [17, 14], [17, 13], [16, 13], [15, 13], [14, 12], [13, 12], [13, 11], [12, 11], [12, 12], [11, 13], [10, 14], [9, 13]]
