[[22, 17], [23, 16], [23, 15], [23, 14], [23, 13], [24, 12], [25, 11], [25, 10], [25, 9], [26, 8], [26, 7], [25, 6], [26, 5], [27, 4], [27, 3], [26, 2], [25, 1], [25, 0]]
[[22, 17], [22, 16], [21, 15], [22, 14], [23, 13], [23, 12], [23, 11], [23, 10], [23, 9], [24, 8], [24, 7], [25, 6], [26, 5], [26, 4], [25, 3], [25, 2], [24, 1], [25, 0]]
[[22, 17], [21, 16], [21, 15], [22, 14], [22, 13], [23, 12], [24, 11], [24, 10], [25, 9], [26, 8], [26, 7], [26, 6], [27, 5], [27, 4], [27, 3], [26, 2], [26, 1], [25, 0]]
[[22, 17], [22, 16], [22, 15], [23, 14], [24, 13], [23, 12], [22, 11], [23, 10], [23, 9], [24, 8], [24, 7], [25, 6], [25, 5], [26, 4], [27, 3], [26, 2], [26, 1], [25, 0]]
[[22, 17], [23, 16], [23, 15], [23, 14], [23, 13], [24, 12], [25, 11], [25, 10], [25, 9], [26, 8], [26, 7], [25, 6], [26, 5], [27, 4], [27, 3], [26, 2], [25, 1], [25, 0]]
[[22, 17], [22, 16], [23, 15], [23, 14], [24, 13], [23, 12], [24, 11], [25, 10], [26, 9], [25, 8], [26, 7], [25, 6], [26, 5], [26, 4], [25, 3], [24, 2], [25, 1], [25, 0]]
[[22, 17], [23, 16], [23, 15], [24, 14], [23, 13], [24, 12], [23, 11], [23, 10], [22, 9], [23, 8], [24, 7], [25, 6], [25, 5], [24, 4], [23, 3], [24, 2], [24, 1], [25, 0]]
[[22, 17], [22, 16], [22, 15], [22, 14], [22, 13], [23, 12], [24, 11], [24, 10], [25, 9], [26, 8], [26, 7], [26, 6], [27, 5], [27, 4], [27, 3], [26, 2], [25, 1], [25, 0]]
[[22, 17], [22, 16], [22, 15], [21, 14], [22, 13], [23, 12], [24, 11], [23, 10], [23, 9], [24, 8], [25, 7], [25, 6], [25, 5], [24, 4], [25, 3], [25, 2], [25, 1], [25, 0]]
[[22, 17], [22, 16], [21, 15], [22, 14], [22, 13], [23, 12], [23, 11], [24, 10], [25, 9], [25, 8], [24, 7], [25, 6], [26, 5], [27, 4], [27, 3], [27, 2], [26, 1], [25, 0]]
[[22, 17], [23, 16], [23, 15], [22, 14], [23, 13], [23, 12], [24, 11], [24, 10], [23, 9], [23, 8], [24, 7], [25, 6], [26, 5], [25, 4], [25, 3], [25, 2], [26, 1], [25, 0]]
[[22, 17], [23, 16], [24, 15], [24, 14], [23, 13], [23, 12], [24, 11], [25, 10], [25, 9], [24, 8], [25, 7], [26, 6], [26, 5], [25, 4], [25, 3], [25, 2], [26, 1], [25, 0]]
[[22, 17], [22, 16], [23, 15], [22, 14], [22, 13], [23, 12], [24, 11], [25, 10], [26, 9], [26, 8], [25, 7], [26, 6], [26, 5], [26, 4], [25, 3], [25, 2], [24, 1], [25, 0]]
[[22, 17], [23, 16], [23, 15], [24, 14], [23, 13], [24, 12], [24, 11], [24, 10], [25, 9], [25, 8], [25, 7], [26, 6], [25, 5], [26, 4], [25, 3], [24, 2], [25, 1], [25, 0]]
[[22, 17], [22, 16], [21, 15], [22, 14], [23, 13], [22, 12], [23, 11], [23, 10], [23, 9], [24, 8], [25, 7], [25, 6], [26, 5], [25, 4], [25, 3], [26, 2], [26, 1], [25, 0]]
[[22, 17], [22, 16], [23, 15], [23, 14], [23, 13], [23, 12], [23, 11], [24, 10], [25, 9], [24, 8], [24, 7], [25, 6], [25, 5], [24, 4], [25, 3], [25, 2], [24, 1], [25, 0]]
[[22, 17], [23, 16], [24, 15], [23, 14], [23, 13], [24, 12], [24, 11], [25, 10], [25, 9], [25, 8], [24, 8], [25, 7], [25, 6], [26, 5], [25, 4], [24, 3], [23, 2], [24, 1], [25, 0]]
[[22, 17], [23, 16], [23, 15], [24, 14], [25, 13], [24, 12], [25, 11], [24, 12], [25, 11], [25, 10], [25, 9], [25, 8], [24, 7], [25, 6], [24, 7], [23, 6], [23, 5], [24, 4], [23, 4], [23, 5], [22, 4], [23, 4], [24, 3], [25, 2], [26, 1], [25, 0]]
[[22, 17], [23, 16], [23, 15], [22, 14], [23, 13], [23, 12], [24, 12], [24, 11], [25, 10], [26, 10], [27, 10], [28, 9], [28, 8], [28, 7], [27, 6], [27, 7], [28, 7], [28, 6], [28, 5], [29, 5], [28, 4], [27, 3], [26, 2], [26, 1], [25, 1], [24, 1], [25, 0]]
[[22, 17], [21, 18], [20, 17], [21, 18], [22, 19], [23, 19], [22, 18], [23, 17], [22, 17], [23, 17], [22, 17], [23, 16], [22, 15], [22, 14], [23, 13], [24, 12], [24, 13], [25, 12], [25, 11], [26, 10], [26, 9], [27, 9], [27, 10], [28, 11], [28, 10], [28, 9], [27, 8], [26, 8], [26, 7], [27, 6], [27, 5], [28, 5], [29, 5], [28, 6], [27, 5], [26, 5], [25, 4], [25, 5], [26, 6], [27, 6], [28, 5], [29, 5], [28, 4], [29, 3], [28, 2], [29, 1], [28, 1], [27, 0], [26, 1], [26, 0], [25, 0]]
