[[22, 17], [21, 16], [20, 15], [19, 14], [20, 13], [21, 12], [20, 11], [21, 10]]
[[22, 17], [21, 16], [22, 15], [21, 14], [20, 13], [20, 12], [20, 11], [21, 10]]
[[22, 17], [21, 16], [22, 15], [23, 14], [22, 13], [22, 12], [22, 11], [21, 10]]
[[22, 17], [21, 16], [22, 15], [22, 14], [22, 13], [21, 12], [20, 11], [21, 10]]
[[22, 17], [21, 16], [20, 15], [19, 14], [20, 13], [21, 12], [20, 11], [21, 10]]
[[22, 17], [21, 16], [22, 15], [22, 14], [21, 13], [20, 12], [20, 11], [21, 10]]
[[22, 17], [21, 16], [21, 15], [22, 14], [21, 13], [20, 12], [21, 11], [21, 10]]
[[22, 17], [21, 16], [22, 15], [22, 14], [22, 13], [21, 12], [20, 11], [21, 10]]
[[22, 17], [21, 16], [22, 15], [21, 14], [22, 13], [21, 12], [21, 11], [21, 10]]
[[22, 17], [21, 16], [20, 15], [21, 14], [20, 13], [19, 12], [20, 11], [21, 10]]
[[22, 17], [21, 16], [22, 15], [21, 14], [22, 13], [23, 12], [22, 11], [21, 10]]
[[22, 17], [21, 16], [21, 15], [20, 14], [21, 13], [20, 12], [20, 11], [21, 10]]
[[22, 17], [21, 16], [22, 15], [23, 14], [22, 13], [22, 12], [22, 11], [21, 10]]
[[22, 17], [21, 16], [22, 15], [21, 14], [21, 13], [22, 12], [22, 11], [21, 10]]
[[22, 17], [21, 16], [21, 15], [20, 15], [21, 14], [21, 13], [21, 12], [20, 11], [21, 10]]
[[22, 17], [21, 16], [21, 15], [22, 14], [22, 13], [23, 13], [22, 12], [22, 11], [21, 10]]
[[22, 17], [23, 18], [23, 19], [22, 18], [21, 19], [21, 18], [20, 18], [20, 17], [20, 16], [21, 15], [21, 14], [22, 15], [23, 14], [22, 14], [23, 13], [23, 12], [24, 12], [25, 12], [25, 11], [24, 10], [23, 9], [22, 10], [21, 11], [21, 12], [20, 11], [20, 10], [21, 10]]
[[22, 17], [23, 18], [24, 18], [24, 19], [23, 19], [22, 19], [22, 18], [21, 18], [21, 17], [20, 16], [20, 17], [19, 18], [20, 19], [21, 19], [20, 18], [19, 19], [18, 19], [17, 18], [18, 18], [19, 17], [18, 17], [17, 17], [18, 16], [17, 16], [17, 15], [16, 15], [16, 16], [16, 17], [16, 18], [17, 19], [16, 19], [15, 19], [14, 18], [13, 17], [12, 18], [12, 17], [13, 18], [12, 19], [11, 18], [10, 18], [10, 17], [9, 16], [10, 16], [11, 17], [12, 16], [13, 15], [14, 14], [15, 15], [16, 14], [17, 14], [16, 13], [15, 12], [16, 12], [17, 11], [18, 10], [17, 9], [17, 8], [17, 7], [16, 7], [15, 6], [15, 5], [16, 5], [16, 6], [15, 7], [15, 8], [14, 7], [13, 6], [12, 6], [12, 7], [13, 8], [13, 7], [14, 6], [13, 5], [12, 4], [13, 3], [14, 4], [15, 3], [14, 2], [15, 2], [16, 1], [15, 1], [14, 1], [14, 0], [13, 1], [13, 2], [12, 3], [11, 4], [10, 3], [9, 4], [8, 5], [7, 4], [7, 3], [8, 3], [8, 4], [7, 5], [6, 6], [5, 7], [5, 6], [4, 6], [5, 5], [5, 4], [4, 5], [3, 4], [3, 5], [2, 6], [2, 5], [1, 6], [1, 5], [1, 4], [0, 5], [0, 4], [0, 3], [1, 2], [0, 1], [0, 2], [1, 1], [2, 0], [3, 1], [4, 2], [5, 2], [4, 3], [3, 2], [2, 3], [2, 4], [3, 3], [4, 4], [5, 3], [6, 4], [6, 3], [6, 2], [7, 2], [6, 1], [7, 0], [8, 0], [8, 1], [9, 0], [9, 1], [10, 1], [11, 1], [10, 0], [11, 0], [12, 0], [12, 1], [11, 2], [11, 3], [10, 4], [11, 5], [12, 5], [11, 6], [10, 5], [9, 6], [9, 7], [8, 6], [7, 7], [7, 8], [6, 8], [7, 9], [7, 10], [8, 9], [9, 8], [10, 8], [10, 7], [11, 7], [11, 8], [11, 9], [10, 10], [10, 9], [9, 10], [8, 11], [9, 11], [8, 10], [7, 11], [6, 11], [5, 11], [6, 12], [5, 13], [5, 14], [6, 15], [6, 14], [6, 13], [7, 12], [8, 12], [9, 12], [10, 12], [11, 12], [10, 13], [9, 13], [10, 14], [9, 14], [8, 15], [7, 16], [8, 17], [9, 17], [9, 18], [9, 19], [8, 19], [8, 18], [7, 17], [6, 17], [7, 18], [6, 18], [5, 18], [5, 19], [4, 19], [4, 18], [3, 17], [3, 18], [2, 19], [1, 19], [0, 19], [1, 18], [1, 17], [2, 17], [2, 16], [3, 16], [4, 15], [4, 14], [3, 14], [2, 15], [1, 14], [1, 15], [0, 14], [0, 13], [0, 12], [1, 12], [0, 11], [0, 10], [1, 11], [2, 12], [1, 13], [2, 14], [3, 15], [4, 16], [4, 17], [5, 16], [5, 17], [6, 16], [7, 15], [8, 14], [9, 15], [10, 15], [11, 15], [12, 15], [12, 14], [12, 13], [12, 12], [12, 11], [13, 12], [13, 13], [14, 12], [14, 11], [13, 10], [13, 9], [14, 8], [14, 9], [15, 10], [16, 11], [17, 12], [17, 13], [18, 14], [18, 15], [19, 14], [19, 15], [20, 15], [21, 16], [21, 15], [20, 14], [19, 13], [19, 12], [20, 13], [20, 12], [20, 11], [21, 11], [20, 10], [19, 9], [20, 8], [19, 7], [18, 6], [17, 5], [17, 4], [16, 4], [17, 3], [17, 2], [18, 2], [19, 3], [18, 3], [19, 4], [20, 5], [21, 4], [22, 5], [23, 5], [23, 4], [22, 3], [23, 2], [24, 3], [24, 2], [24, 1], [25, 2], [25, 3], [25, 4], [26, 4], [27, 4], [28, 4], [29, 4], [28, 5], [29, 6], [28, 7], [27, 6], [27, 7], [28, 6], [29, 7], [29, 8], [29, 9], [29, 10], [28, 11], [27, 11], [26, 12], [25, 11], [26, 10], [27, 10], [28, 9], [27, 8], [28, 8], [27, 9], [26, 8], [26, 7], [25, 6], [24, 5], [24, 4], [25, 5], [24, 6], [23, 6], [23, 7], [22, 6], [21, 7], [20, 7], [21, 8], [22, 8], [21, 9], [21, 10]]
