[[11, 6], [12, 7], [13, 8], [14, 9], [15, 9], [16, 10], [17, 10], [18, 10], [19, 11], [20, 12], [21, 13], [22, 14], [23, 14], [24, 15], [25, 14], [26, 14], [27, 14]]
[[11, 6], [12, 7], [13, 8], [14, 9], [15, 10], [16, 11], [17, 12], [18, 13], [19, 13], [20, 13], [21, 12], [22, 12], [23, 13], [24, 13], [25, 14], [26, 15], [27, 14]]
[[11, 6], [12, 7], [13, 8], [14, 9], [15, 10], [16, 11], [17, 12], [18, 12], [19, 13], [20, 13], [21, 14], [22, 14], [23, 14], [24, 13], [25, 12], [26, 13], [27, 14]]
[[11, 6], [12, 7], [13, 8], [14, 9], [15, 10], [16, 11], [17, 12], [18, 12], [19, 12], [20, 12], [21, 12], [22, 12], [23, 13], [24, 13], [25, 13], [26, 14], [27, 14]]
[[11, 6], [12, 7], [13, 8], [14, 9], [15, 9], [16, 10], [17, 10], [18, 10], [19, 11], [20, 12], [21, 13], [22, 14], [23, 14], [24, 15], [25, 14], [26, 14], [27, 14]]
[[11, 6], [12, 7], [13, 8], [14, 9], [15, 10], [16, 11], [17, 12], [18, 13], [19, 13], [20, 12], [21, 13], [22, 14], [23, 15], [24, 15], [25, 14], [26, 15], [27, 14]]
[[11, 6], [12, 7], [13, 8], [14, 9], [15, 9], [16, 10], [17, 11], [18, 12], [19, 12], [20, 12], [21, 13], [22, 12], [23, 13], [24, 13], [25, 13], [26, 14], [27, 14]]
[[11, 6], [12, 7], [13, 8], [14, 9], [15, 10], [16, 11], [17, 11], [18, 11], [19, 11], [20, 12], [21, 13], [22, 14], [23, 14], [24, 13], [25, 14], [26, 14], [27, 14]]
[[11, 6], [12, 6], [13, 6], [14, 7], [15, 8], [16, 9], [17, 9], [18, 10], [19, 11], [20, 11], [21, 12], [22, 12], [23, 13], [24, 13], [25, 14], [26, 15], [27, 14]]
[[11, 6], [12, 7], [13, 8], [14, 8], [15, 9], [16, 10], [17, 11], [18, 12], [19, 12], [20, 13], [21, 13], [22, 13], [23, 14], [24, 15], [25, 15], [26, 15], [27, 14]]
[[11, 6], [12, 7], [13, 8], [14, 9], [15, 10], [16, 11], [17, 11], [18, 12], [19, 12], [20, 11], [20, 12], [21, 12], [22, 13], [23, 13], [24, 13], [25, 13], [26, 13], [27, 14]]
[[11, 6], [12, 7], [13, 8], [13, 9], [14, 9], [15, 9], [14, 9], [15, 8], [16, 9], [17, 9], [18, 10], [19, 11], [20, 12], [21, 13], [22, 14], [23, 14], [24, 15], [25, 14], [26, 15], [27, 14]]
[[11, 6], [12, 7], [13, 8], [14, 9], [13, 10], [14, 10], [14, 11], [15, 10], [16, 11], [17, 12], [18, 13], [19, 12], [20, 13], [21, 14], [22, 14], [23, 14], [24, 13], [25, 14], [26, 13], [27, 14]]
[[11, 6], [11, 7], [12, 8], [13, 8], [13, 9], [14, 10], [15, 9], [16, 9], [17, 10], [18, 11], [19, 10], [20, 10], [20, 9], [21, 8], [22, 9], [23, 10], [24, 10], [25, 11], [26, 12], [27, 13], [26, 14], [27, 14]]
[[11, 6], [12, 7], [13, 8], [14, 7], [14, 8], [13, 9], [14, 9], [14, 10], [15, 10], [16, 10], [17, 10], [18, 11], [19, 11], [19, 12], [20, 13], [21, 14], [21, 15], [22, 16], [23, 16], [24, 15], [25, 14], [26, 13], [27, 14]]
[[11, 6], [12, 7], [13, 8], [14, 8], [15, 9], [15, 8], [16, 9], [17, 10], [18, 11], [19, 11], [20, 10], [21, 9], [22, 9], [22, 10], [23, 9], [24, 9], [24, 10], [25, 11], [26, 11], [27, 12], [27, 13], [26, 13], [27, 14]]
[[11, 6], [11, 7], [12, 8], [13, 8], [14, 8], [15, 9], [16, 10], [17, 9], [18, 8], [19, 8], [20, 8], [21, 8], [22, 9], [23, 9], [24, 9], [23, 8], [24, 9], [25, 10], [26, 11], [26, 12], [26, 11], [27, 12], [28, 13], [27, 14]]
[[11, 6], [12, 7], [13, 8], [12, 7], [12, 8], [13, 9], [13, 10], [14, 10], [15, 9], [16, 10], [17, 11], [18, 11], [19, 12], [18, 13], [18, 14], [19, 14], [19, 15], [20, 15], [21, 14], [21, 15], [22, 14], [23, 15], [24, 15], [25, 16], [26, 15], [27, 14]]
[[11, 6], [11, 7], [12, 8], [13, 8], [14, 9], [15, 10], [15, 9], [14, 8], [15, 9], [16, 9], [17, 9], [16, 10], [17, 9], [18, 8], [19, 8], [20, 8], [21, 8], [21, 7], [21, 8], [22, 9], [23, 9], [24, 10], [25, 11], [25, 12], [26, 13], [27, 14]]
[[11, 6], [11, 7], [12, 6], [13, 6], [14, 7], [15, 7], [15, 8], [15, 9], [16, 9], [17, 8], [18, 7], [19, 8], [20, 9], [21, 10], [22, 9], [22, 8], [23, 8], [23, 9], [24, 9], [23, 10], [22, 10], [21, 9], [22, 10], [23, 11], [24, 10], [25, 11], [26, 12], [26, 13], [27, 14], [28, 13], [27, 14]]
