[[24, 5], [23, 5], [22, 5], [21, 4], [20, 3], [19, 4], [18, 4], [17, 3], [16, 4], [15, 4]]
[[24, 5], [23, 4], [22, 5], [21, 4], [20, 3], [19, 4], [18, 4], [17, 4], [16, 4], [15, 4]]
[[24, 5], [23, 4], [22, 4], [21, 4], [20, 5], [19, 4], [18, 3], [17, 3], [16, 4], [15, 4]]
[[24, 5], [23, 5], [22, 5], [21, 4], [20, 3], [19, 4], [18, 3], [17, 4], [16, 4], [15, 4]]
[[24, 5], [23, 4], [22, 5], [21, 5], [20, 5], [19, 4], [18, 4], [17, 4], [16, 4], [15, 4]]
[[24, 5], [23, 4], [22, 4], [21, 5], [20, 4], [19, 3], [18, 3], [17, 4], [16, 4], [15, 4]]
[[24, 5], [23, 5], [22, 6], [21, 6], [20, 6], [19, 5], [18, 4], [17, 4], [16, 5], [15, 4]]
[[24, 5], [23, 5], [22, 5], [21, 5], [20, 5], [19, 5], [18, 4], [17, 4], [16, 4], [15, 4]]
[[24, 5], [23, 4], [22, 4], [21, 3], [20, 2], [19, 2], [18, 3], [17, 4], [16, 5], [15, 4]]
[[24, 5], [23, 5], [22, 5], [21, 4], [20, 3], [19, 4], [18, 4], [17, 3], [16, 4], [15, 4]]
[[24, 5], [25, 4], [24, 3], [23, 4], [22, 4], [21, 5], [20, 4], [19, 5], [18, 4], [17, 3], [16, 4], [15, 4]]
[[24, 5], [23, 4], [23, 3], [23, 2], [22, 3], [21, 4], [20, 4], [19, 3], [18, 4], [17, 4], [16, 5], [15, 4]]
[[24, 5], [25, 4], [24, 3], [23, 3], [22, 3], [21, 2], [20, 3], [20, 2], [19, 2], [18, 2], [18, 3], [17, 3], [16, 4], [15, 4]]
[[24, 5], [23, 4], [22, 5], [23, 4], [22, 3], [21, 3], [21, 4], [20, 3], [19, 4], [20, 5], [20, 6], [20, 7], [19, 7], [18, 6], [17, 7], [18, 8], [17, 8], [16, 7], [16, 8], [16, 7], [16, 6], [16, 7], [16, 6], [16, 5], [15, 5], [15, 4]]
[[24, 5], [25, 6], [25, 5], [24, 6], [25, 7], [26, 6], [27, 6], [28, 7], [29, 8], [28, 9], [28, 10], [29, 11], [28, 12], [28, 13], [29, 13], [29, 14], [28, 14], [27, 14], [27, 15], [26, 16], [25, 15], [25, 14], [26, 15], [26, 14], [26, 13], [26, 12], [25, 11], [26, 11], [25, 10], [25, 9], [26, 9], [27, 9], [27, 8], [26, 8], [26, 7], [25, 7], [26, 6], [25, 5], [25, 6], [24, 6], [23, 5], [22, 5], [21, 5], [20, 6], [19, 5], [19, 4], [18, 3], [17, 4], [18, 4], [17, 3], [16, 4], [16, 5], [15, 5], [14, 5], [14, 4], [13, 4], [12, 5], [12, 4], [11, 4], [12, 3], [13, 2], [13, 3], [14, 2], [15, 1], [16, 1], [17, 2], [18, 2], [19, 1], [19, 2], [20, 1], [20, 2], [19, 3], [20, 3], [21, 3], [22, 3], [23, 4], [24, 3], [23, 2], [24, 2], [24, 1], [25, 2], [26, 1], [25, 0], [26, 0], [25, 1], [24, 0], [23, 1], [22, 1], [23, 0], [22, 0], [21, 0], [20, 0], [19, 0], [18, 1], [18, 0], [17, 0], [16, 0], [15, 0], [14, 1], [15, 2], [14, 3], [15, 3], [15, 4]]
