[[11, 4], [10, 3], [9, 4], [8, 5], [7, 4], [6, 5], [5, 4], [4, 4], [3, 5], [2, 5]]
[[11, 4], [10, 4], [9, 5], [8, 4], [7, 5], [6, 4], [5, 4], [4, 3], [3, 4], [2, 5]]
[[11, 4], [10, 3], [9, 4], [8, 5], [7, 4], [6, 5], [5, 4], [4, 4], [3, 5], [2, 5]]
[[11, 4], [10, 4], [9, 5], [8, 6], [7, 5], [6, 4], [5, 5], [4, 4], [3, 4], [2, 5]]
[[11, 4], [10, 3], [9, 3], [8, 4], [7, 4], [6, 5], [5, 5], [4, 4], [3, 4], [2, 5]]
[[11, 4], [10, 3], [9, 4], [8, 5], [7, 4], [6, 5], [5, 4], [4, 4], [3, 5], [2, 5]]
[[11, 4], [10, 4], [9, 5], [8, 4], [7, 5], [6, 5], [5, 4], [4, 3], [3, 4], [2, 5]]
[[11, 4], [10, 4], [9, 4], [8, 5], [7, 4], [6, 3], [5, 3], [4, 4], [3, 4], [2, 5]]
[[11, 4], [10, 3], [9, 3], [8, 4], [7, 4], [6, 3], [6, 4], [5, 3], [4, 3], [3, 4], [2, 5]]
[[11, 4], [10, 4], [9, 5], [8, 4], [7, 4], [6, 5], [6, 4], [6, 3], [5, 4], [4, 3], [3, 4], [2, 5]]
[[11, 4], [10, 3], [9, 3], [9, 4], [9, 5], [8, 4], [7, 5], [6, 5], [5, 5], [4, 4], [3, 4], [3, 5], [2, 6], [3, 5], [2, 5]]
[[11, 4], [11, 3], [12, 2], [11, 1], [11, 2], [10, 1], [9, 0], [8, 1], [7, 0], [8, 0], [7, 1], [8, 2], [7, 2], [6, 3], [7, 4], [6, 4], [5, 4], [4, 4], [3, 3], [2, 2], [1, 3], [1, 4], [0, 4], [0, 3], [1, 2], [0, 1], [1, 1], [2, 1], [2, 0], [3, 1], [4, 2], [4, 3], [3, 4], [2, 4], [2, 5]]
[[11, 4], [11, 5], [10, 4], [9, 5], [10, 6], [11, 7], [11, 6], [12, 7], [13, 6], [14, 6], [15, 7], [16, 6], [16, 5], [15, 6], [16, 7], [17, 8], [17, 7], [18, 7], [17, 6], [16, 6], [15, 7], [14, 6], [13, 7], [12, 7], [11, 6], [12, 5], [13, 6], [14, 7], [13, 8], [12, 9], [13, 9], [13, 10], [14, 11], [14, 10], [15, 11], [15, 10], [16, 10], [17, 10], [17, 11], [18, 12], [19, 13], [20, 13], [21, 14], [22, 13], [23, 13], [23, 14], [24, 13], [25, 14], [24, 14], [24, 15], [23, 16], [22, 16], [22, 17], [23, 18], [24, 19], [25, 18], [24, 18], [25, 19], [26, 19], [27, 19], [27, 18], [27, 17], [28, 18], [29, 18], [29, 17], [28, 17], [29, 16], [28, 15], [29, 14], [28, 13], [29, 12], [29, 13], [28, 12], [27, 11], [27, 12], [26, 12], [25, 13], [26, 13], [25, 12], [26, 11], [26, 10], [27, 9], [28, 8], [29, 9], [29, 8], [28, 7], [29, 7], [28, 6], [27, 5], [28, 4], [27, 4], [26, 3], [25, 3], [24, 2], [23, 2], [23, 3], [24, 4], [23, 5], [23, 6], [24, 7], [25, 7], [26, 6], [26, 5], [27, 6], [28, 5], [29, 5], [29, 4], [29, 3], [28, 3], [28, 2], [27, 2], [27, 1], [27, 0], [26, 1], [25, 0], [24, 0], [23, 1], [22, 0], [21, 0], [20, 1], [19, 0], [18, 0], [17, 0], [18, 1], [19, 2], [20, 2], [19, 3], [18, 3], [17, 4], [16, 3], [16, 2], [17, 2], [16, 1], [15, 0], [14, 0], [13, 0], [12, 0], [13, 1], [12, 2], [13, 3], [12, 4], [11, 5], [10, 6], [9, 5], [10, 4], [9, 4], [10, 3], [9, 2], [8, 1], [7, 1], [6, 1], [7, 2], [6, 3], [5, 3], [4, 4], [5, 5], [4, 6], [3, 7], [4, 8], [3, 9], [4, 10], [5, 11], [5, 10], [6, 10], [7, 10], [7, 11], [6, 11], [6, 12], [5, 13], [4, 14], [4, 15], [3, 15], [4, 16], [3, 17], [2, 17], [3, 18], [2, 19], [1, 18], [2, 18], [1, 17], [0, 18], [0, 17], [0, 16], [1, 16], [1, 15], [2, 14], [2, 15], [1, 14], [0, 13], [0, 14], [1, 13], [2, 12], [1, 11], [0, 10], [1, 10], [0, 9], [1, 9], [2, 10], [2, 11], [3, 12], [4, 12], [3, 13], [4, 13], [5, 14], [5, 15], [6, 14], [7, 13], [8, 14], [9, 14], [8, 15], [7, 15], [6, 16], [7, 17], [6, 18], [7, 19], [7, 18], [8, 17], [9, 16], [10, 15], [11, 15], [12, 14], [11, 13], [10, 12], [9, 13], [9, 12], [8, 13], [7, 14], [6, 13], [7, 12], [8, 12], [9, 11], [8, 10], [7, 9], [8, 9], [8, 8], [9, 9], [9, 10], [10, 10], [11, 9], [10, 9], [11, 8], [11, 7], [10, 7], [10, 8], [9, 7], [9, 8], [8, 7], [7, 8], [6, 9], [5, 8], [5, 7], [6, 6], [6, 5], [7, 4], [8, 4], [7, 5], [7, 6], [8, 5], [8, 6], [7, 7], [6, 8], [5, 9], [4, 9], [3, 10], [2, 9], [3, 8], [2, 8], [1, 8], [0, 8], [1, 7], [2, 7], [3, 6], [2, 5]]
