[[29, 3], [28, 4], [27, 4], [26, 5], [25, 6], [24, 7], [23, 6], [22, 7], [21, 8], [20, 9], [19, 10], [18, 11], [17, 12], [16, 13], [15, 13], [14, 14], [13, 15], [12, 16], [11, 16], [10, 16], [9, 17], [8, 17], [7, 17], [6, 16], [5, 16]]
[[29, 3], [28, 4], [27, 5], [26, 6], [25, 7], [24, 8], [23, 9], [22, 10], [21, 11], [20, 12], [19, 13], [18, 13], [17, 14], [16, 15], [15, 15], [14, 16], [13, 17], [12, 16], [11, 16], [10, 16], [9, 17], [8, 16], [7, 15], [6, 15], [5, 16]]
[[29, 3], [28, 4], [27, 5], [26, 6], [25, 7], [24, 8], [23, 9], [22, 10], [21, 11], [20, 11], [19, 12], [18, 12], [17, 13], [16, 14], [15, 15], [14, 16], [13, 17], [12, 17], [11, 17], [10, 18], [9, 17], [8, 16], [7, 16], [6, 16], [5, 16]]
[[29, 3], [28, 2], [27, 3], [26, 3], [25, 4], [24, 5], [23, 6], [22, 7], [21, 7], [20, 8], [19, 9], [18, 10], [17, 11], [16, 11], [15, 11], [14, 12], [13, 12], [12, 11], [11, 12], [10, 13], [9, 14], [8, 15], [7, 15], [6, 15], [5, 16]]
[[29, 3], [28, 4], [27, 5], [26, 6], [25, 7], [24, 7], [23, 7], [22, 8], [21, 9], [20, 9], [19, 10], [18, 11], [17, 12], [16, 12], [15, 13], [14, 14], [13, 13], [12, 14], [11, 14], [10, 14], [9, 15], [8, 15], [7, 15], [6, 16], [5, 16]]
[[29, 3], [28, 4], [27, 5], [26, 6], [25, 7], [24, 8], [23, 9], [22, 10], [21, 11], [20, 12], [19, 13], [18, 12], [17, 13], [16, 14], [15, 15], [14, 15], [13, 15], [12, 15], [11, 16], [10, 15], [9, 14], [8, 14], [7, 15], [6, 16], [5, 16]]
[[29, 3], [28, 4], [27, 5], [26, 6], [25, 7], [24, 7], [23, 8], [22, 8], [21, 9], [20, 10], [19, 11], [18, 12], [17, 13], [16, 14], [15, 14], [14, 15], [13, 15], [12, 14], [11, 15], [10, 16], [9, 17], [8, 17], [7, 16], [6, 15], [5, 16]]
[[29, 3], [28, 4], [27, 5], [26, 6], [25, 7], [24, 8], [23, 9], [22, 10], [21, 11], [20, 11], [19, 12], [18, 12], [17, 13], [16, 14], [15, 14], [14, 14], [13, 15], [12, 15], [11, 16], [10, 16], [9, 15], [8, 16], [7, 16], [6, 16], [5, 16]]
[[29, 3], [28, 4], [27, 5], [26, 6], [25, 7], [24, 8], [23, 9], [22, 10], [21, 11], [20, 11], [19, 11], [18, 12], [17, 13], [16, 14], [15, 15], [14, 16], [13, 17], [12, 16], [11, 16], [10, 16], [9, 17], [8, 16], [7, 17], [6, 17], [5, 16]]
[[29, 3], [28, 4], [27, 5], [26, 6], [25, 7], [24, 8], [23, 9], [22, 10], [21, 9], [20, 10], [19, 11], [18, 12], [17, 13], [16, 14], [15, 15], [14, 16], [13, 17], [12, 16], [11, 17], [10, 18], [9, 17], [8, 17], [7, 17], [6, 17], [5, 16]]
[[29, 3], [28, 4], [27, 5], [26, 6], [25, 7], [24, 8], [23, 9], [22, 10], [21, 11], [20, 12], [19, 13], [18, 13], [17, 14], [16, 14], [15, 15], [14, 16], [13, 17], [12, 16], [11, 16], [10, 16], [9, 17], [8, 16], [7, 15], [6, 16], [5, 16]]
[[29, 3], [28, 4], [27, 5], [26, 6], [25, 7], [24, 8], [23, 9], [22, 10], [21, 11], [20, 11], [19, 12], [18, 12], [17, 13], [16, 14], [15, 15], [14, 16], [13, 15], [12, 14], [11, 14], [10, 14], [9, 15], [8, 16], [7, 15], [6, 15], [5, 16]]
[[29, 3], [28, 4], [27, 5], [26, 6], [25, 7], [24, 8], [23, 9], [22, 10], [21, 11], [20, 12], [19, 13], [18, 14], [17, 13], [16, 13], [15, 14], [14, 13], [13, 14], [12, 15], [11, 15], [10, 16], [9, 17], [8, 18], [7, 18], [6, 17], [5, 16]]
[[29, 3], [28, 4], [27, 5], [26, 6], [25, 7], [24, 7], [23, 8], [22, 9], [21, 10], [20, 11], [19, 12], [18, 12], [17, 13], [16, 14], [15, 15], [14, 16], [13, 17], [12, 17], [11, 17], [10, 17], [9, 18], [8, 17], [7, 18], [6, 17], [5, 16]]
[[29, 3], [28, 4], [27, 4], [26, 5], [25, 6], [24, 7], [23, 7], [22, 8], [21, 9], [20, 9], [19, 10], [18, 11], [17, 12], [16, 13], [15, 13], [14, 14], [13, 15], [12, 16], [11, 15], [10, 15], [9, 14], [8, 15], [7, 15], [6, 16], [5, 16]]
[[29, 3], [28, 4], [27, 4], [26, 5], [25, 6], [24, 7], [23, 6], [22, 7], [21, 8], [20, 9], [19, 10], [18, 11], [17, 12], [16, 13], [15, 13], [14, 14], [13, 15], [12, 16], [11, 16], [10, 16], [9, 17], [8, 17], [7, 17], [6, 16], [5, 16]]
[[29, 3], [28, 4], [27, 5], [26, 6], [25, 7], [24, 8], [23, 9], [22, 10], [21, 10], [20, 11], [19, 11], [18, 12], [17, 13], [16, 14], [15, 15], [14, 16], [13, 17], [12, 16], [11, 16], [10, 16], [9, 17], [8, 17], [8, 16], [7, 16], [6, 16], [5, 16]]
[[29, 3], [28, 4], [27, 5], [26, 6], [25, 7], [24, 8], [23, 9], [22, 10], [21, 11], [20, 11], [20, 12], [19, 13], [18, 13], [17, 14], [16, 15], [16, 16], [15, 15], [14, 16], [13, 17], [12, 17], [11, 17], [10, 18], [9, 17], [8, 16], [7, 15], [6, 16], [5, 16]]
[[29, 3], [28, 3], [27, 4], [26, 5], [25, 6], [24, 7], [24, 8], [23, 9], [22, 10], [21, 10], [20, 11], [19, 11], [18, 12], [17, 13], [16, 14], [15, 14], [14, 14], [13, 15], [12, 16], [12, 17], [11, 18], [10, 18], [9, 17], [8, 18], [8, 17], [7, 16], [6, 17], [5, 16]]
[[29, 3], [28, 4], [27, 5], [26, 6], [25, 7], [24, 8], [23, 9], [22, 10], [22, 11], [21, 12], [20, 13], [19, 13], [18, 13], [17, 14], [16, 15], [16, 16], [15, 17], [14, 16], [13, 17], [12, 18], [11, 19], [10, 18], [9, 18], [9, 17], [8, 17], [7, 17], [6, 16], [5, 16]]
