[[17, 16], [16, 16], [15, 15], [14, 16], [13, 17], [12, 17], [11, 16], [10, 15], [9, 14], [8, 13]]
[[17, 16], [16, 15], [15, 14], [14, 15], [13, 14], [12, 15], [11, 14], [10, 13], [9, 13], [8, 13]]
[[17, 16], [16, 15], [15, 16], [14, 15], [13, 14], [12, 13], [11, 14], [10, 13], [9, 14], [8, 13]]
[[17, 16], [16, 15], [15, 15], [14, 14], [13, 14], [12, 14], [11, 14], [10, 13], [9, 14], [8, 13]]
[[17, 16], [16, 16], [15, 16], [14, 16], [13, 17], [12, 17], [11, 16], [10, 15], [9, 14], [8, 13]]
[[17, 16], [16, 15], [15, 15], [14, 16], [13, 16], [12, 16], [11, 16], [10, 15], [9, 14], [8, 13]]
[[17, 16], [16, 15], [15, 16], [14, 17], [13, 16], [12, 17], [11, 16], [10, 15], [9, 14], [8, 13]]
[[17, 16], [16, 16], [15, 15], [14, 16], [13, 16], [12, 17], [11, 16], [10, 15], [9, 14], [8, 13]]
[[17, 16], [16, 15], [15, 16], [14, 17], [13, 16], [12, 16], [11, 16], [10, 15], [9, 14], [8, 13]]
[[17, 16], [16, 16], [15, 16], [14, 17], [13, 16], [12, 15], [11, 14], [10, 13], [9, 14], [8, 13]]
[[17, 16], [16, 16], [15, 15], [14, 16], [13, 17], [12, 17], [11, 16], [10, 15], [9, 14], [8, 13]]
[[17, 16], [16, 15], [15, 15], [14, 16], [14, 15], [13, 16], [12, 15], [13, 15], [12, 16], [11, 17], [10, 17], [11, 16], [10, 15], [9, 14], [8, 13]]
[[17, 16], [16, 16], [15, 16], [14, 16], [13, 15], [13, 14], [13, 15], [12, 14], [13, 15], [13, 14], [12, 14], [11, 14], [10, 13], [9, 14], [8, 13]]
[[17, 16], [16, 15], [16, 14], [17, 14], [17, 13], [16, 12], [16, 11], [15, 11], [14, 12], [14, 11], [13, 12], [12, 12], [11, 11], [10, 11], [10, 12], [9, 13], [8, 13]]
[[17, 16], [17, 15], [18, 14], [19, 13], [20, 14], [19, 13], [20, 14], [19, 14], [20, 15], [19, 16], [18, 17], [19, 17], [19, 18], [18, 19], [17, 19], [16, 18], [16, 17], [16, 18], [15, 19], [15, 18], [14, 19], [13, 18], [12, 17], [12, 16], [12, 17], [11, 16], [10, 17], [9, 18], [8, 19], [7, 19], [6, 18], [5, 17], [5, 18], [5, 19], [5, 18], [5, 17], [6, 16], [7, 15], [8, 15], [7, 16], [7, 15], [6, 16], [7, 16], [8, 16], [9, 15], [9, 14], [10, 13], [9, 12], [8, 12], [8, 13]]
