[[26, 14], [25, 13], [24, 12], [24, 11], [23, 10], [22, 9], [23, 8], [22, 7], [22, 6], [23, 5], [22, 4], [21, 3]]
[[26, 14], [27, 13], [27, 12], [26, 11], [25, 10], [24, 9], [24, 8], [23, 7], [23, 6], [22, 5], [22, 4], [21, 3]]
[[26, 14], [27, 13], [26, 12], [26, 11], [25, 10], [24, 9], [23, 8], [23, 7], [22, 6], [21, 5], [21, 4], [21, 3]]
[[26, 14], [25, 13], [24, 12], [24, 11], [23, 10], [22, 9], [21, 8], [21, 7], [20, 6], [21, 5], [21, 4], [21, 3]]
[[26, 14], [26, 13], [27, 12], [26, 11], [25, 10], [25, 9], [24, 8], [23, 7], [23, 6], [22, 5], [22, 4], [21, 3]]
[[26, 14], [25, 13], [25, 12], [26, 11], [25, 10], [24, 9], [24, 8], [23, 7], [22, 6], [22, 5], [21, 4], [21, 3]]
[[26, 14], [25, 13], [25, 12], [24, 11], [24, 10], [24, 9], [23, 8], [23, 7], [22, 6], [22, 5], [21, 4], [21, 3]]
[[26, 14], [25, 13], [24, 12], [24, 11], [23, 10], [22, 9], [23, 8], [22, 7], [22, 6], [23, 5], [22, 4], [21, 3]]
[[26, 14], [26, 13], [26, 12], [26, 11], [25, 12], [24, 11], [24, 10], [23, 9], [24, 8], [23, 7], [22, 6], [21, 5], [21, 4], [21, 3]]
[[26, 14], [26, 13], [26, 12], [26, 11], [25, 10], [24, 9], [23, 8], [23, 7], [22, 7], [22, 6], [21, 5], [21, 4], [20, 4], [21, 3]]
[[26, 14], [25, 15], [24, 14], [24, 13], [23, 12], [22, 11], [21, 10], [21, 9], [22, 9], [23, 8], [22, 7], [22, 6], [21, 5], [22, 4], [21, 3]]
[[26, 14], [25, 13], [24, 14], [23, 13], [23, 12], [24, 11], [24, 10], [24, 9], [24, 8], [23, 8], [22, 7], [22, 6], [23, 5], [22, 5], [21, 4], [21, 3]]
[[26, 14], [25, 13], [24, 13], [23, 12], [22, 11], [21, 10], [20, 10], [21, 9], [20, 9], [20, 8], [21, 7], [22, 6], [21, 5], [21, 4], [22, 3], [21, 3]]
[[26, 14], [26, 13], [25, 12], [26, 11], [27, 11], [26, 10], [25, 10], [25, 9], [24, 9], [23, 9], [24, 8], [24, 7], [23, 6], [23, 5], [23, 6], [22, 5], [22, 4], [21, 3]]
[[26, 14], [27, 13], [27, 12], [26, 11], [27, 10], [26, 10], [25, 9], [24, 10], [24, 9], [24, 8], [23, 7], [24, 7], [23, 6], [22, 6], [23, 5], [23, 4], [22, 4], [21, 3]]
[[26, 14], [25, 15], [24, 15], [23, 14], [23, 13], [23, 12], [22, 11], [21, 10], [20, 10], [19, 9], [19, 8], [18, 8], [18, 7], [17, 8], [18, 7], [17, 6], [18, 7], [19, 7], [20, 6], [21, 5], [21, 4], [21, 3]]
