[[15, 4], [15, 5], [15, 6], [16, 7], [17, 8], [17, 9], [18, 10], [19, 11], [20, 12]]
[[15, 4], [15, 5], [16, 6], [17, 7], [18, 8], [19, 9], [19, 10], [19, 11], [20, 12]]
[[15, 4], [15, 5], [16, 6], [17, 7], [18, 8], [18, 9], [19, 10], [20, 11], [20, 12]]
[[15, 4], [15, 5], [16, 6], [17, 7], [16, 8], [17, 9], [18, 10], [19, 11], [20, 12]]
[[15, 4], [15, 5], [15, 6], [16, 7], [17, 8], [17, 9], [18, 10], [19, 11], [20, 12]]
[[15, 4], [15, 5], [16, 6], [17, 7], [18, 8], [18, 9], [18, 10], [19, 11], [20, 12]]
[[15, 4], [15, 5], [16, 6], [17, 7], [17, 8], [18, 9], [18, 10], [19, 11], [20, 12]]
[[15, 4], [15, 5], [16, 6], [17, 7], [16, 8], [17, 9], [18, 10], [19, 11], [20, 12]]
[[15, 4], [15, 5], [16, 6], [17, 7], [18, 8], [18, 9], [19, 10], [19, 11], [20, 12]]
[[15, 4], [15, 5], [16, 6], [17, 7], [17, 8], [18, 9], [19, 10], [19, 11], [20, 12]]
[[15, 4], [15, 5], [16, 6], [17, 7], [18, 8], [18, 9], [19, 10], [20, 11], [20, 12]]
[[15, 4], [15, 5], [16, 6], [17, 7], [18, 8], [18, 9], [18, 10], [19, 11], [20, 12]]
[[15, 4], [15, 5], [16, 6], [17, 7], [18, 8], [18, 9], [19, 10], [19, 11], [20, 12]]
[[15, 4], [15, 5], [16, 6], [17, 7], [18, 8], [19, 9], [20, 10], [21, 11], [20, 12]]
[[15, 4], [15, 5], [16, 6], [17, 7], [18, 8], [17, 9], [18, 10], [19, 11], [20, 12]]
[[15, 4], [14, 5], [15, 6], [15, 7], [16, 8], [17, 9], [18, 10], [19, 10], [20, 11], [20, 12]]
[[15, 4], [14, 5], [15, 6], [15, 7], [16, 8], [17, 9], [18, 10], [18, 11], [19, 11], [20, 12]]
[[15, 4], [15, 5], [16, 6], [16, 7], [17, 8], [17, 9], [18, 10], [18, 11], [19, 11], [20, 12]]
[[15, 4], [14, 5], [15, 6], [16, 7], [15, 7], [16, 8], [15, 7], [14, 7], [13, 7], [13, 8], [13, 9], [12, 9], [11, 9], [10, 9], [11, 10], [12, 11], [12, 10], [13, 10], [14, 10], [15, 11], [16, 12], [17, 12], [17, 11], [18, 12], [19, 12], [19, 11], [20, 12]]
[[15, 4], [15, 3], [16, 3], [17, 2], [18, 2], [19, 1], [18, 1], [19, 0], [18, 1], [19, 2], [20, 1], [21, 1], [22, 2], [21, 2], [22, 3], [21, 2], [21, 3], [21, 4], [22, 5], [21, 5], [20, 5], [20, 6], [19, 5], [19, 4], [18, 4], [17, 3], [18, 4], [18, 3], [19, 4], [18, 3], [17, 3], [16, 2], [15, 1], [14, 1], [13, 1], [13, 0], [14, 0], [15, 1], [15, 0], [16, 0], [16, 1], [15, 2], [16, 2], [17, 3], [18, 2], [19, 2], [20, 3], [20, 4], [21, 4], [22, 5], [22, 4], [21, 3], [22, 2], [21, 2], [22, 3], [23, 3], [23, 2], [22, 1], [21, 1], [22, 0], [21, 0], [20, 1], [19, 0], [19, 1], [18, 1], [17, 1], [17, 2], [18, 3], [18, 4], [19, 5], [19, 6], [20, 6], [19, 7], [18, 8], [17, 7], [18, 7], [19, 8], [18, 9], [17, 9], [16, 10], [15, 10], [14, 10], [13, 11], [14, 12], [14, 13], [15, 14], [15, 13], [14, 14], [13, 14], [13, 13], [12, 14], [11, 15], [11, 14], [10, 15], [9, 16], [8, 15], [9, 15], [8, 14], [7, 15], [8, 16], [8, 17], [7, 16], [6, 17], [5, 16], [4, 16], [5, 17], [4, 17], [5, 18], [6, 19], [7, 18], [8, 18], [9, 18], [10, 19], [11, 19], [12, 19], [13, 19], [14, 19], [13, 18], [12, 17], [11, 18], [11, 17], [12, 16], [13, 17], [14, 16], [14, 17], [14, 18], [15, 17], [16, 18], [17, 18], [18, 18], [17, 17], [16, 17], [15, 18], [16, 19], [17, 19], [18, 19], [19, 18], [19, 17], [18, 17], [19, 16], [19, 15], [20, 15], [21, 16], [20, 17], [20, 18], [20, 19], [21, 19], [21, 18], [22, 17], [22, 18], [23, 18], [24, 18], [25, 18], [25, 19], [26, 19], [27, 18], [28, 17], [28, 18], [29, 17], [29, 16], [29, 15], [29, 14], [28, 13], [27, 13], [26, 12], [25, 13], [24, 12], [25, 11], [25, 10], [25, 9], [25, 8], [25, 7], [26, 8], [26, 9], [26, 10], [27, 10], [27, 11], [28, 10], [29, 11], [29, 12], [28, 11], [28, 12], [29, 13], [28, 14], [27, 14], [26, 15], [25, 14], [24, 13], [25, 12], [24, 11], [23, 10], [24, 10], [24, 9], [23, 8], [22, 7], [21, 8], [21, 9], [20, 9], [19, 10], [19, 11], [20, 12]]
