[[8, 15], [9, 14], [10, 13], [11, 14], [12, 13], [13, 12], [14, 11], [15, 11], [16, 10], [17, 9], [18, 8], [19, 7], [20, 6]]
[[8, 15], [9, 16], [10, 15], [11, 14], [12, 13], [13, 12], [14, 11], [15, 10], [16, 10], [17, 9], [18, 8], [19, 7], [20, 6]]
[[8, 15], [9, 14], [10, 13], [11, 12], [12, 13], [13, 12], [14, 11], [15, 10], [16, 10], [17, 9], [18, 8], [19, 7], [20, 6]]
[[8, 15], [9, 14], [10, 13], [11, 14], [12, 13], [13, 12], [14, 11], [15, 10], [16, 9], [17, 9], [18, 8], [19, 7], [20, 6]]
[[8, 15], [9, 15], [10, 14], [11, 14], [12, 13], [13, 12], [14, 11], [15, 10], [16, 9], [17, 9], [18, 8], [19, 7], [20, 6]]
[[8, 15], [9, 14], [10, 13], [11, 14], [12, 13], [13, 13], [14, 12], [15, 11], [16, 10], [17, 9], [18, 8], [19, 7], [20, 6]]
[[8, 15], [9, 14], [10, 13], [11, 14], [12, 13], [13, 12], [14, 11], [15, 11], [16, 10], [17, 9], [18, 8], [19, 7], [20, 6]]
[[8, 15], [9, 14], [10, 14], [11, 14], [12, 13], [13, 12], [14, 11], [15, 11], [16, 10], [17, 9], [18, 8], [19, 7], [20, 6]]
[[8, 15], [9, 14], [10, 13], [11, 14], [12, 13], [13, 12], [14, 11], [15, 10], [16, 9], [17, 9], [18, 8], [19, 7], [20, 6]]
[[8, 15], [9, 14], [10, 13], [11, 14], [12, 13], [13, 12], [14, 12], [15, 11], [16, 10], [17, 9], [18, 8], [19, 7], [20, 6]]
[[8, 15], [9, 15], [10, 15], [11, 14], [12, 13], [13, 13], [14, 12], [15, 11], [16, 10], [17, 9], [18, 8], [19, 7], [20, 6]]
[[8, 15], [9, 14], [10, 13], [11, 13], [12, 13], [13, 12], [14, 11], [15, 11], [16, 10], [17, 9], [18, 8], [19, 7], [20, 6]]
[[8, 15], [9, 14], [10, 13], [11, 14], [12, 13], [13, 12], [14, 11], [15, 11], [16, 10], [17, 9], [18, 8], [19, 7], [20, 6]]
[[8, 15], [9, 14], [10, 13], [11, 13], [12, 12], [13, 13], [14, 12], [15, 11], [16, 10], [17, 9], [18, 8], [19, 7], [20, 6]]
[[8, 15], [9, 14], [10, 13], [11, 13], [12, 13], [13, 12], [14, 12], [14, 11], [15, 10], [16, 10], [17, 9], [18, 8], [19, 7], [20, 6]]
[[8, 15], [9, 15], [10, 14], [11, 14], [11, 13], [12, 13], [13, 14], [14, 13], [15, 13], [16, 13], [16, 12], [16, 11], [17, 10], [18, 9], [19, 8], [20, 7], [20, 6]]
[[8, 15], [7, 16], [8, 15], [9, 14], [10, 14], [11, 13], [11, 12], [11, 13], [12, 14], [13, 14], [14, 13], [14, 12], [15, 11], [16, 12], [16, 11], [17, 10], [18, 9], [19, 8], [19, 7], [20, 6]]
[[8, 15], [8, 14], [9, 14], [10, 13], [11, 13], [12, 14], [13, 15], [14, 15], [15, 15], [15, 14], [14, 13], [15, 13], [14, 13], [15, 12], [16, 12], [17, 11], [17, 10], [17, 9], [18, 8], [18, 7], [19, 6], [20, 6]]
[[8, 15], [9, 14], [10, 14], [11, 14], [12, 14], [13, 15], [13, 14], [13, 13], [14, 14], [15, 15], [16, 16], [15, 15], [16, 14], [16, 13], [17, 14], [16, 13], [17, 12], [16, 11], [17, 10], [18, 10], [18, 9], [19, 8], [19, 7], [20, 6]]
[[8, 15], [9, 16], [9, 15], [10, 15], [11, 14], [12, 14], [13, 14], [13, 13], [14, 14], [15, 14], [15, 15], [16, 16], [17, 15], [18, 14], [18, 13], [17, 12], [18, 11], [17, 10], [18, 11], [18, 10], [18, 9], [19, 8], [20, 8], [19, 7], [20, 6], [20, 7], [21, 8], [20, 8], [19, 7], [20, 6]]
