[[15, 2], [16, 3], [17, 4], [16, 5], [15, 6], [15, 7], [14, 8], [14, 9], [13, 10], [14, 11], [13, 12], [12, 13]]
[[15, 2], [16, 3], [17, 4], [16, 5], [15, 6], [14, 7], [13, 8], [12, 9], [12, 10], [13, 11], [13, 12], [12, 13]]
[[15, 2], [16, 3], [17, 4], [16, 5], [15, 6], [14, 7], [13, 8], [12, 9], [12, 10], [13, 11], [13, 12], [12, 13]]
[[15, 2], [16, 3], [17, 4], [18, 5], [17, 6], [16, 7], [15, 8], [14, 9], [13, 10], [14, 11], [13, 12], [12, 13]]
[[15, 2], [16, 3], [17, 4], [16, 5], [15, 6], [15, 7], [14, 8], [14, 9], [13, 10], [14, 11], [13, 12], [12, 13]]
[[15, 2], [16, 3], [17, 4], [18, 5], [17, 6], [16, 7], [15, 8], [15, 9], [15, 10], [14, 11], [13, 12], [12, 13]]
[[15, 2], [16, 3], [17, 4], [16, 5], [15, 6], [15, 7], [14, 8], [14, 9], [13, 10], [12, 11], [13, 12], [12, 13]]
[[15, 2], [16, 3], [17, 4], [18, 5], [17, 6], [16, 7], [15, 8], [14, 9], [13, 10], [13, 11], [12, 12], [12, 13]]
[[15, 2], [16, 3], [16, 4], [16, 5], [15, 6], [14, 7], [13, 8], [12, 9], [13, 10], [12, 11], [11, 12], [12, 13]]
[[15, 2], [16, 3], [17, 4], [18, 5], [17, 6], [17, 7], [16, 8], [15, 9], [15, 10], [14, 11], [13, 12], [12, 13]]
[[15, 2], [16, 3], [17, 4], [16, 5], [15, 6], [16, 7], [15, 8], [14, 9], [13, 10], [12, 11], [12, 12], [12, 13]]
[[15, 2], [16, 3], [15, 4], [14, 5], [13, 6], [14, 7], [15, 8], [16, 9], [15, 10], [14, 11], [13, 12], [12, 13]]
[[15, 2], [16, 3], [15, 4], [15, 5], [14, 6], [14, 7], [13, 8], [12, 9], [11, 10], [12, 11], [11, 12], [12, 13]]
[[15, 2], [16, 3], [17, 4], [18, 5], [17, 6], [16, 7], [15, 8], [14, 9], [13, 10], [12, 11], [11, 12], [12, 13]]
[[15, 2], [16, 3], [17, 4], [17, 5], [17, 6], [16, 7], [15, 8], [14, 9], [13, 10], [14, 11], [13, 12], [12, 12], [12, 13]]
[[15, 2], [16, 3], [16, 4], [16, 5], [15, 6], [16, 7], [15, 8], [14, 9], [13, 10], [12, 10], [12, 11], [12, 12], [11, 12], [12, 13]]
[[15, 2], [16, 3], [17, 4], [18, 5], [17, 6], [16, 7], [15, 7], [15, 8], [14, 9], [13, 10], [12, 11], [11, 11], [12, 12], [12, 13]]
[[15, 2], [16, 3], [17, 4], [18, 5], [17, 6], [16, 7], [15, 8], [14, 9], [13, 10], [12, 11], [11, 12], [10, 13], [11, 12], [12, 13]]
[[15, 2], [16, 3], [15, 4], [16, 3], [16, 4], [17, 5], [16, 5], [15, 6], [15, 7], [15, 8], [14, 9], [13, 10], [13, 11], [14, 12], [13, 12], [12, 13]]
[[15, 2], [16, 3], [16, 4], [15, 5], [14, 6], [15, 6], [14, 5], [13, 6], [14, 6], [13, 6], [14, 7], [14, 8], [14, 9], [13, 10], [13, 11], [14, 11], [13, 12], [12, 13]]
