[[2, 10], [3, 11], [4, 11], [5, 10], [6, 10], [7, 11], [8, 12], [9, 13]]
[[2, 10], [3, 11], [4, 11], [5, 12], [6, 13], [7, 14], [8, 13], [9, 13]]
[[2, 10], [3, 11], [4, 12], [5, 13], [6, 13], [7, 13], [8, 13], [9, 13]]
[[2, 10], [3, 11], [4, 12], [5, 13], [6, 14], [7, 14], [8, 13], [9, 13]]
[[2, 10], [3, 10], [4, 11], [5, 12], [6, 13], [7, 12], [8, 13], [9, 13]]
[[2, 10], [3, 11], [4, 12], [5, 12], [6, 12], [7, 12], [8, 13], [9, 13]]
[[2, 10], [3, 9], [4, 8], [5, 9], [6, 10], [7, 11], [8, 12], [9, 13]]
[[2, 10], [3, 11], [4, 11], [5, 10], [6, 10], [7, 11], [8, 12], [9, 13]]
[[2, 10], [3, 11], [4, 12], [5, 11], [6, 12], [7, 13], [8, 13], [9, 13], [9, 12], [9, 13]]
[[2, 10], [1, 11], [2, 11], [3, 11], [4, 11], [5, 11], [6, 10], [7, 11], [8, 12], [9, 13]]
[[2, 10], [3, 11], [3, 10], [4, 11], [3, 12], [4, 13], [5, 14], [6, 13], [7, 14], [8, 14], [9, 13]]
[[2, 10], [3, 9], [4, 10], [4, 11], [5, 10], [4, 10], [5, 11], [6, 12], [7, 11], [8, 12], [9, 13]]
[[2, 10], [3, 10], [2, 10], [3, 9], [3, 10], [4, 11], [5, 12], [6, 12], [7, 12], [8, 13], [9, 13]]
[[2, 10], [1, 11], [1, 12], [2, 11], [3, 12], [4, 12], [4, 11], [4, 12], [4, 13], [5, 14], [6, 14], [7, 14], [8, 14], [8, 13], [9, 13]]
[[2, 10], [1, 11], [0, 12], [0, 13], [0, 14], [1, 13], [1, 12], [2, 11], [3, 12], [2, 13], [3, 14], [4, 13], [5, 12], [4, 11], [3, 10], [4, 10], [5, 11], [6, 12], [7, 12], [8, 13], [7, 14], [6, 14], [7, 13], [6, 13], [5, 13], [4, 13], [4, 14], [4, 15], [3, 16], [2, 17], [3, 17], [4, 17], [4, 18], [5, 18], [6, 19], [7, 18], [7, 17], [7, 16], [7, 15], [8, 14], [9, 15], [10, 15], [11, 15], [11, 16], [11, 17], [10, 17], [11, 18], [11, 19], [12, 19], [13, 19], [14, 18], [15, 18], [16, 19], [15, 19], [16, 18], [17, 19], [18, 19], [19, 18], [20, 19], [21, 18], [21, 19], [20, 18], [19, 17], [18, 17], [17, 18], [16, 17], [16, 16], [17, 17], [18, 16], [19, 15], [20, 16], [19, 16], [20, 15], [20, 14], [19, 14], [19, 13], [19, 12], [18, 12], [17, 12], [16, 11], [15, 12], [15, 11], [14, 11], [13, 12], [12, 12], [12, 11], [11, 11], [10, 10], [11, 9], [10, 8], [11, 8], [11, 7], [12, 6], [12, 5], [13, 6], [14, 6], [15, 5], [16, 5], [17, 4], [17, 5], [18, 4], [19, 3], [20, 4], [19, 4], [20, 5], [19, 5], [20, 6], [19, 6], [18, 6], [17, 6], [16, 7], [15, 7], [16, 6], [17, 7], [16, 8], [17, 8], [18, 7], [19, 8], [20, 9], [21, 9], [20, 10], [19, 10], [19, 9], [18, 8], [17, 9], [18, 10], [17, 11], [18, 11], [17, 10], [16, 9], [15, 8], [14, 7], [13, 7], [12, 7], [11, 6], [10, 6], [9, 5], [8, 5], [8, 6], [7, 7], [6, 7], [7, 8], [6, 9], [5, 8], [4, 9], [5, 9], [4, 8], [4, 7], [5, 6], [5, 7], [4, 6], [5, 5], [4, 5], [3, 4], [2, 5], [1, 4], [2, 4], [3, 5], [4, 4], [4, 3], [4, 2], [5, 2], [4, 1], [3, 0], [4, 0], [5, 1], [6, 2], [7, 2], [7, 1], [8, 0], [9, 0], [9, 1], [10, 2], [10, 1], [9, 2], [9, 3], [9, 4], [8, 4], [7, 3], [6, 4], [7, 4], [6, 5], [7, 6], [8, 7], [9, 8], [8, 8], [7, 9], [8, 10], [9, 10], [10, 11], [9, 12], [8, 12], [9, 13]]
