[[13, 1], [14, 2], [15, 3], [16, 4], [17, 5], [18, 6], [19, 7], [20, 8], [21, 9], [22, 10], [23, 11], [24, 12], [25, 13], [26, 14], [27, 15], [28, 15]]
[[13, 1], [14, 2], [15, 3], [16, 4], [17, 5], [18, 6], [19, 7], [20, 8], [21, 9], [22, 10], [23, 11], [24, 12], [25, 13], [26, 14], [27, 15], [28, 15]]
[[13, 1], [14, 2], [15, 3], [16, 4], [17, 5], [18, 6], [19, 7], [20, 8], [21, 9], [22, 10], [23, 11], [24, 12], [25, 13], [26, 14], [27, 15], [28, 15]]
[[13, 1], [14, 2], [15, 3], [16, 4], [17, 5], [18, 6], [19, 7], [20, 8], [21, 9], [22, 10], [23, 11], [24, 12], [25, 13], [26, 14], [27, 15], [28, 15]]
[[13, 1], [14, 2], [15, 3], [16, 4], [17, 5], [18, 6], [19, 7], [20, 8], [21, 9], [22, 10], [23, 11], [24, 12], [25, 13], [26, 14], [27, 15], [28, 15]]
[[13, 1], [14, 2], [15, 3], [16, 4], [17, 5], [18, 6], [19, 7], [20, 8], [21, 9], [22, 10], [23, 11], [24, 12], [25, 13], [26, 14], [27, 15], [28, 15]]
[[13, 1], [14, 2], [15, 3], [16, 4], [17, 5], [18, 6], [19, 7], [20, 8], [21, 9], [22, 10], [23, 11], [24, 12], [25, 13], [26, 14], [27, 15], [28, 15]]
[[13, 1], [14, 2], [15, 3], [16, 4], [17, 5], [18, 6], [19, 7], [20, 8], [21, 9], [22, 10], [23, 11], [24, 12], [25, 13], [26, 14], [27, 15], [28, 15]]
[[13, 1], [14, 2], [15, 3], [16, 4], [17, 5], [18, 6], [19, 7], [20, 8], [21, 9], [22, 10], [23, 11], [24, 12], [25, 13], [26, 14], [27, 15], [28, 15]]
[[13, 1], [14, 2], [15, 3], [16, 4], [17, 5], [18, 6], [19, 7], [20, 8], [21, 9], [22, 10], [23, 11], [24, 12], [25, 13], [26, 14], [27, 15], [28, 15]]
[[13, 1], [14, 2], [15, 3], [16, 4], [17, 5], [18, 6], [19, 7], [20, 8], [21, 9], [22, 10], [23, 11], [24, 12], [25, 13], [26, 14], [27, 15], [28, 15]]
[[13, 1], [14, 2], [15, 3], [16, 4], [17, 5], [18, 6], [19, 7], [20, 8], [21, 9], [22, 10], [23, 11], [24, 12], [25, 13], [26, 14], [27, 15], [28, 15]]
[[13, 1], [14, 2], [15, 3], [16, 4], [17, 5], [18, 6], [19, 7], [20, 8], [21, 9], [22, 10], [23, 11], [24, 12], [25, 13], [26, 14], [27, 15], [28, 15]]
[[13, 1], [14, 2], [15, 3], [16, 4], [17, 5], [18, 6], [19, 7], [20, 8], [21, 9], [22, 10], [23, 11], [24, 12], [25, 13], [26, 14], [27, 15], [28, 15]]
[[13, 1], [14, 2], [15, 3], [16, 4], [17, 5], [18, 6], [19, 7], [20, 8], [21, 9], [22, 10], [23, 11], [24, 12], [25, 13], [26, 14], [27, 15], [28, 15]]
[[13, 1], [14, 1], [15, 2], [16, 3], [17, 4], [18, 5], [19, 6], [20, 7], [21, 8], [22, 9], [23, 10], [24, 10], [25, 11], [26, 12], [27, 13], [28, 14], [28, 15]]
[[13, 1], [14, 2], [15, 3], [16, 4], [17, 5], [18, 6], [19, 7], [20, 8], [21, 9], [22, 10], [23, 11], [24, 11], [25, 11], [26, 12], [27, 13], [28, 14], [28, 15]]
[[13, 1], [14, 1], [15, 2], [16, 3], [17, 4], [18, 5], [19, 6], [20, 7], [21, 8], [22, 9], [23, 10], [24, 11], [25, 11], [26, 12], [27, 13], [28, 14], [28, 15]]
[[13, 1], [14, 2], [15, 3], [16, 4], [17, 5], [18, 6], [19, 6], [20, 7], [21, 8], [22, 9], [23, 10], [24, 10], [25, 11], [26, 12], [27, 13], [28, 14], [28, 15]]
[[13, 1], [14, 2], [15, 3], [16, 3], [17, 4], [18, 5], [19, 6], [20, 7], [21, 8], [22, 9], [23, 10], [24, 11], [25, 11], [26, 12], [27, 13], [28, 14], [28, 15]]
