[[20, 6], [20, 7], [19, 8], [18, 9], [19, 10], [19, 11], [19, 12], [18, 13], [17, 14]]
[[20, 6], [21, 7], [20, 8], [19, 9], [18, 10], [19, 11], [19, 12], [18, 13], [17, 14]]
[[20, 6], [20, 7], [19, 8], [18, 9], [19, 10], [19, 11], [19, 12], [18, 13], [17, 14]]
[[20, 6], [19, 7], [19, 8], [18, 9], [17, 10], [18, 11], [17, 12], [18, 13], [17, 14]]
[[20, 6], [19, 7], [20, 8], [19, 9], [19, 10], [18, 11], [17, 12], [17, 13], [17, 14]]
[[20, 6], [20, 7], [20, 8], [19, 9], [18, 10], [17, 11], [17, 12], [16, 13], [17, 14]]
[[20, 6], [21, 7], [20, 8], [19, 8], [18, 9], [18, 10], [18, 11], [17, 12], [17, 13], [17, 14]]
[[20, 6], [20, 7], [20, 8], [19, 9], [18, 9], [18, 10], [17, 11], [17, 12], [18, 13], [17, 14]]
[[20, 6], [20, 7], [19, 8], [19, 9], [18, 10], [19, 11], [18, 12], [17, 12], [17, 13], [17, 14]]
[[20, 6], [21, 7], [20, 8], [19, 9], [20, 10], [20, 11], [20, 12], [19, 13], [18, 14], [17, 14]]
[[20, 6], [19, 7], [19, 8], [18, 9], [19, 10], [20, 10], [19, 10], [20, 11], [19, 12], [18, 13], [17, 14]]
[[20, 6], [19, 7], [18, 7], [17, 8], [16, 8], [17, 7], [16, 7], [15, 6], [14, 7], [15, 8], [16, 9], [17, 9], [16, 10], [16, 11], [16, 12], [17, 12], [18, 13], [17, 14]]
[[20, 6], [21, 6], [20, 7], [21, 6], [22, 7], [23, 8], [23, 9], [22, 10], [21, 9], [20, 8], [19, 9], [18, 9], [18, 10], [17, 10], [17, 11], [17, 12], [17, 13], [18, 14], [18, 15], [17, 16], [16, 15], [16, 16], [17, 15], [17, 14]]
