[[22, 0], [21, 1], [20, 2], [19, 3], [18, 2], [17, 1], [16, 1], [15, 2], [14, 3], [13, 3], [12, 3], [11, 4], [10, 5], [9, 5], [8, 6], [7, 6], [6, 6], [5, 7], [4, 8], [3, 8]]
[[22, 0], [21, 1], [20, 2], [19, 2], [18, 1], [17, 2], [16, 2], [15, 2], [14, 3], [13, 4], [12, 3], [11, 2], [10, 3], [9, 3], [8, 4], [7, 4], [6, 5], [5, 6], [4, 7], [3, 8]]
[[22, 0], [21, 1], [20, 2], [19, 3], [18, 4], [17, 4], [16, 4], [15, 5], [14, 5], [13, 6], [12, 6], [11, 5], [10, 4], [9, 4], [8, 5], [7, 6], [6, 6], [5, 7], [4, 8], [3, 8]]
[[22, 0], [21, 1], [20, 2], [19, 3], [18, 2], [17, 1], [16, 1], [15, 2], [14, 3], [13, 3], [12, 3], [11, 4], [10, 5], [9, 5], [8, 6], [7, 6], [6, 6], [5, 7], [4, 8], [3, 8]]
[[22, 0], [21, 1], [20, 1], [19, 2], [18, 2], [17, 2], [16, 2], [15, 2], [14, 2], [13, 3], [12, 4], [11, 3], [10, 4], [9, 5], [8, 6], [7, 5], [6, 6], [5, 7], [4, 8], [3, 8]]
[[22, 0], [21, 1], [20, 1], [19, 0], [18, 1], [17, 2], [16, 3], [15, 4], [14, 4], [13, 3], [12, 4], [11, 5], [10, 5], [9, 5], [8, 4], [7, 5], [6, 6], [5, 7], [4, 8], [3, 8]]
[[22, 0], [21, 1], [20, 1], [19, 2], [18, 3], [17, 4], [16, 3], [15, 4], [14, 5], [13, 4], [12, 4], [11, 3], [10, 4], [9, 4], [8, 5], [7, 6], [6, 7], [5, 8], [4, 9], [3, 8]]
[[22, 0], [21, 0], [20, 1], [19, 2], [18, 2], [17, 1], [16, 1], [15, 2], [14, 2], [13, 3], [12, 3], [11, 2], [10, 3], [9, 4], [8, 5], [7, 6], [6, 6], [5, 7], [4, 8], [3, 8]]
[[22, 0], [21, 1], [20, 2], [19, 3], [18, 2], [17, 1], [16, 2], [15, 2], [14, 3], [13, 3], [12, 4], [11, 5], [10, 5], [9, 6], [8, 6], [7, 5], [6, 5], [5, 6], [4, 7], [3, 8]]
[[22, 0], [21, 1], [20, 1], [19, 2], [18, 3], [17, 3], [16, 3], [15, 4], [14, 5], [13, 4], [12, 4], [11, 5], [10, 5], [9, 5], [8, 5], [7, 6], [6, 7], [5, 8], [4, 7], [3, 8]]
[[22, 0], [21, 1], [20, 0], [19, 0], [18, 1], [17, 2], [16, 2], [15, 2], [14, 3], [13, 3], [12, 3], [11, 4], [10, 5], [9, 4], [8, 5], [7, 6], [6, 7], [5, 7], [4, 7], [3, 8]]
[[22, 0], [22, 1], [21, 1], [20, 1], [19, 2], [18, 2], [17, 3], [16, 4], [15, 5], [14, 5], [13, 6], [12, 6], [11, 7], [10, 7], [9, 8], [8, 7], [7, 6], [7, 5], [6, 5], [5, 6], [4, 7], [3, 8]]
[[22, 0], [21, 1], [20, 1], [19, 2], [18, 3], [17, 3], [16, 2], [15, 2], [14, 3], [13, 4], [12, 3], [11, 3], [12, 3], [11, 4], [10, 5], [9, 5], [8, 6], [7, 5], [6, 6], [5, 6], [4, 7], [3, 8]]
[[22, 0], [21, 1], [20, 1], [19, 2], [19, 3], [18, 3], [17, 4], [16, 5], [15, 5], [15, 4], [14, 4], [13, 3], [12, 4], [11, 3], [10, 3], [9, 4], [8, 5], [7, 6], [7, 5], [6, 5], [5, 6], [4, 7], [3, 8]]
[[22, 0], [21, 1], [20, 1], [19, 2], [19, 3], [18, 3], [17, 3], [16, 3], [15, 2], [14, 3], [13, 3], [12, 4], [11, 3], [10, 4], [9, 4], [8, 3], [7, 2], [6, 1], [7, 2], [6, 3], [5, 4], [6, 5], [5, 6], [5, 7], [4, 6], [3, 7], [3, 6], [3, 7], [3, 8]]
[[22, 0], [21, 0], [20, 0], [19, 0], [18, 0], [17, 1], [16, 2], [16, 3], [15, 4], [14, 4], [13, 4], [12, 3], [11, 2], [10, 1], [9, 2], [8, 3], [7, 3], [6, 2], [6, 3], [6, 4], [7, 4], [6, 5], [7, 5], [6, 6], [5, 5], [4, 6], [3, 6], [4, 6], [4, 7], [3, 8]]
[[22, 0], [21, 0], [20, 1], [19, 0], [18, 1], [17, 0], [16, 1], [16, 2], [16, 3], [15, 4], [14, 5], [13, 4], [14, 5], [14, 6], [13, 6], [12, 5], [11, 5], [10, 6], [9, 7], [8, 6], [7, 5], [7, 4], [6, 3], [6, 4], [6, 5], [5, 5], [5, 6], [4, 6], [3, 5], [3, 6], [2, 6], [1, 5], [0, 6], [1, 7], [2, 6], [1, 7], [2, 8], [3, 8]]
[[22, 0], [21, 1], [21, 2], [21, 3], [21, 4], [20, 4], [20, 3], [19, 2], [18, 3], [17, 3], [16, 3], [15, 4], [14, 4], [13, 3], [12, 2], [11, 2], [12, 1], [12, 2], [11, 1], [11, 0], [10, 1], [9, 1], [8, 2], [7, 3], [6, 4], [7, 3], [6, 4], [5, 5], [4, 4], [4, 5], [5, 6], [5, 5], [5, 4], [4, 5], [3, 5], [4, 6], [5, 7], [4, 7], [3, 8]]
[[22, 0], [21, 0], [20, 0], [19, 0], [18, 1], [18, 2], [17, 2], [16, 2], [15, 2], [14, 3], [13, 3], [12, 3], [11, 4], [12, 4], [12, 3], [12, 2], [12, 1], [11, 1], [11, 2], [10, 1], [9, 2], [8, 2], [8, 3], [7, 3], [6, 2], [6, 1], [7, 0], [6, 0], [6, 1], [6, 2], [5, 2], [5, 1], [5, 2], [4, 2], [5, 1], [5, 0], [4, 0], [3, 1], [3, 2], [2, 3], [1, 3], [0, 4], [0, 5], [0, 6], [1, 7], [0, 7], [1, 6], [2, 6], [3, 5], [4, 5], [3, 6], [3, 7], [4, 8], [3, 8]]
[[22, 0], [23, 1], [23, 2], [23, 1], [23, 0], [22, 0], [22, 1], [21, 1], [21, 0], [20, 0], [19, 0], [18, 0], [17, 1], [17, 2], [16, 2], [15, 2], [14, 3], [13, 4], [13, 3], [12, 3], [11, 3], [11, 2], [11, 1], [11, 2], [10, 3], [9, 3], [8, 2], [7, 3], [6, 2], [5, 2], [6, 3], [5, 3], [5, 4], [5, 5], [6, 6], [5, 6], [4, 5], [3, 6], [4, 5], [3, 5], [3, 4], [2, 4], [2, 3], [3, 4], [2, 4], [1, 5], [2, 6], [1, 6], [2, 7], [2, 6], [2, 7], [1, 7], [2, 7], [3, 7], [2, 8], [3, 9], [3, 8]]
