[[22, 14], [23, 14], [24, 13]]
[[22, 14], [23, 14], [24, 13]]
[[22, 14], [23, 14], [24, 13]]
[[22, 14], [23, 13], [24, 13]]
[[22, 14], [23, 14], [24, 13]]
[[22, 14], [23, 14], [24, 13]]
[[22, 14], [23, 14], [24, 13]]
[[22, 14], [23, 14], [24, 13]]
[[22, 14], [23, 13], [24, 13]]
[[22, 14], [23, 14], [24, 13]]
[[22, 14], [23, 13], [24, 13]]
[[22, 14], [23, 13], [24, 13]]
[[22, 14], [23, 14], [24, 13]]
[[22, 14], [23, 13], [23, 12], [24, 13]]
[[22, 14], [23, 13], [24, 14], [24, 13]]
[[22, 14], [23, 14], [23, 13], [24, 13]]
