[[1, 10], [1, 9], [2, 8], [3, 7], [4, 6], [5, 6], [6, 6], [7, 6], [8, 7], [9, 8], [10, 8], [11, 8], [12, 9], [13, 10], [14, 10], [15, 11], [16, 11], [17, 12], [18, 12], [19, 13], [20, 13], [21, 14], [22, 15], [23, 16], [24, 16], [25, 16]]
[[1, 10], [1, 9], [2, 8], [3, 9], [4, 10], [5, 10], [6, 11], [7, 11], [8, 12], [9, 11], [10, 11], [11, 11], [12, 11], [13, 11], [14, 12], [15, 12], [16, 13], [17, 12], [18, 13], [19, 13], [20, 13], [21, 14], [22, 14], [23, 14], [24, 15], [25, 16]]
[[1, 10], [1, 9], [2, 8], [3, 9], [4, 10], [5, 10], [6, 9], [7, 10], [8, 10], [9, 9], [10, 9], [11, 9], [12, 9], [13, 10], [14, 10], [15, 11], [16, 11], [17, 12], [18, 13], [19, 14], [20, 13], [21, 14], [22, 15], [23, 16], [24, 15], [25, 16]]
[[1, 10], [1, 9], [2, 8], [3, 9], [4, 10], [5, 11], [6, 12], [7, 13], [8, 12], [9, 12], [10, 11], [11, 12], [12, 13], [13, 12], [14, 13], [15, 12], [16, 13], [17, 13], [18, 12], [19, 13], [20, 14], [21, 15], [22, 15], [23, 15], [24, 16], [25, 16]]
[[1, 10], [1, 9], [2, 8], [3, 7], [4, 6], [5, 6], [6, 6], [7, 6], [8, 7], [9, 8], [10, 8], [11, 8], [12, 9], [13, 10], [14, 10], [15, 11], [16, 11], [17, 12], [18, 12], [19, 13], [20, 13], [21, 14], [22, 15], [23, 16], [24, 16], [25, 16]]
[[1, 10], [1, 9], [2, 8], [3, 7], [4, 6], [5, 7], [6, 6], [7, 7], [8, 7], [9, 8], [10, 9], [11, 8], [12, 9], [13, 10], [14, 11], [15, 10], [16, 11], [17, 12], [18, 12], [19, 13], [20, 14], [21, 14], [22, 14], [23, 14], [24, 15], [25, 16]]
[[1, 10], [1, 9], [2, 8], [3, 7], [4, 8], [5, 7], [6, 7], [7, 7], [8, 8], [9, 8], [10, 9], [11, 9], [12, 10], [13, 10], [14, 9], [15, 10], [16, 11], [17, 12], [18, 13], [19, 14], [20, 15], [21, 14], [22, 14], [23, 15], [24, 15], [25, 16]]
[[1, 10], [1, 9], [2, 8], [3, 9], [4, 10], [5, 10], [6, 11], [7, 12], [8, 12], [9, 12], [10, 12], [11, 13], [12, 13], [13, 13], [14, 14], [15, 14], [16, 15], [17, 14], [18, 13], [19, 14], [20, 14], [21, 14], [22, 15], [23, 15], [24, 16], [25, 16]]
[[1, 10], [1, 9], [2, 8], [3, 9], [4, 10], [5, 10], [6, 9], [7, 10], [8, 11], [9, 12], [10, 13], [11, 12], [12, 11], [13, 12], [14, 13], [15, 12], [16, 11], [17, 11], [18, 12], [19, 13], [20, 13], [21, 13], [22, 14], [23, 15], [24, 15], [25, 16]]
[[1, 10], [1, 9], [2, 8], [3, 9], [4, 9], [5, 10], [6, 9], [7, 10], [8, 10], [9, 9], [10, 10], [11, 11], [12, 10], [13, 11], [14, 11], [15, 12], [16, 13], [17, 13], [18, 14], [19, 13], [20, 14], [21, 14], [22, 14], [23, 15], [24, 16], [25, 16]]
[[1, 10], [1, 9], [2, 8], [3, 9], [4, 9], [5, 8], [6, 9], [7, 10], [8, 9], [9, 10], [10, 9], [11, 9], [12, 10], [13, 11], [14, 11], [15, 12], [16, 13], [17, 13], [18, 13], [19, 14], [20, 14], [21, 14], [22, 15], [23, 16], [24, 16], [25, 16]]
[[1, 10], [1, 9], [2, 8], [3, 7], [4, 7], [5, 8], [6, 7], [7, 8], [8, 9], [9, 9], [10, 8], [11, 9], [12, 10], [13, 11], [14, 10], [15, 11], [16, 11], [17, 12], [18, 11], [19, 12], [20, 13], [21, 14], [22, 14], [23, 14], [24, 15], [25, 16]]
[[1, 10], [1, 9], [2, 8], [3, 9], [4, 10], [5, 11], [6, 11], [7, 12], [8, 11], [9, 11], [10, 10], [11, 11], [12, 10], [13, 11], [14, 12], [15, 13], [16, 14], [17, 13], [18, 14], [19, 13], [20, 14], [21, 15], [22, 15], [23, 16], [24, 17], [25, 16]]
[[1, 10], [1, 9], [2, 8], [3, 8], [4, 7], [5, 6], [6, 7], [7, 8], [8, 8], [9, 7], [10, 8], [10, 9], [11, 10], [12, 10], [13, 9], [14, 9], [15, 9], [16, 8], [17, 8], [18, 9], [19, 9], [20, 10], [21, 11], [22, 12], [21, 13], [22, 14], [23, 15], [24, 16], [25, 16]]
[[1, 10], [0, 10], [0, 9], [1, 9], [2, 8], [3, 8], [4, 7], [5, 7], [6, 8], [7, 8], [8, 8], [9, 9], [10, 9], [11, 9], [12, 9], [13, 10], [14, 9], [15, 9], [16, 8], [17, 8], [18, 9], [19, 9], [20, 10], [21, 11], [22, 12], [23, 12], [22, 13], [23, 14], [24, 15], [25, 16]]
[[1, 10], [0, 9], [1, 8], [2, 8], [3, 8], [4, 7], [5, 8], [5, 9], [6, 9], [7, 9], [8, 9], [9, 8], [10, 9], [11, 10], [12, 11], [13, 10], [14, 9], [15, 8], [16, 8], [17, 9], [18, 10], [17, 9], [18, 9], [19, 10], [20, 11], [19, 12], [20, 12], [21, 13], [22, 14], [23, 14], [24, 15], [25, 16]]
[[1, 10], [0, 9], [0, 8], [1, 7], [2, 7], [3, 8], [4, 7], [5, 6], [6, 7], [6, 8], [7, 9], [7, 10], [8, 9], [9, 10], [10, 11], [11, 11], [12, 11], [13, 10], [14, 9], [15, 9], [16, 8], [17, 8], [18, 9], [19, 8], [20, 9], [21, 10], [20, 11], [21, 12], [20, 12], [21, 13], [22, 13], [23, 14], [24, 15], [25, 16], [24, 15], [25, 16]]
[[1, 10], [0, 9], [1, 8], [2, 7], [3, 6], [4, 5], [5, 6], [6, 7], [7, 6], [8, 7], [7, 8], [8, 8], [9, 9], [10, 10], [11, 10], [12, 10], [12, 9], [13, 10], [14, 10], [15, 11], [15, 10], [16, 11], [17, 12], [18, 12], [19, 13], [19, 14], [20, 13], [21, 13], [22, 13], [23, 14], [24, 14], [23, 14], [24, 14], [25, 15], [26, 16], [25, 16]]
[[1, 10], [1, 9], [1, 8], [1, 7], [2, 8], [3, 7], [4, 6], [5, 7], [6, 8], [7, 9], [8, 9], [9, 9], [10, 10], [11, 10], [12, 10], [12, 9], [12, 8], [13, 9], [14, 9], [15, 9], [16, 8], [17, 9], [17, 8], [17, 9], [18, 10], [19, 10], [18, 11], [19, 12], [20, 13], [21, 14], [22, 15], [23, 16], [23, 15], [24, 16], [25, 17], [24, 16], [25, 16]]
[[1, 10], [0, 10], [1, 9], [2, 8], [2, 7], [3, 8], [4, 7], [5, 7], [6, 6], [7, 7], [8, 8], [9, 9], [9, 10], [10, 11], [11, 12], [12, 13], [12, 14], [11, 15], [12, 16], [12, 17], [13, 16], [13, 17], [14, 16], [15, 17], [15, 16], [16, 16], [17, 15], [18, 14], [17, 13], [18, 14], [19, 13], [20, 13], [21, 13], [21, 12], [22, 13], [23, 14], [24, 14], [25, 13], [26, 14], [27, 13], [26, 14], [25, 15], [24, 16], [24, 15], [25, 16]]
