[[13, 12], [14, 13], [15, 13], [16, 12], [17, 11], [18, 12], [19, 11], [20, 12], [21, 11], [22, 11], [23, 11], [24, 12], [25, 12], [26, 12]]
[[13, 12], [14, 12], [15, 11], [16, 11], [17, 10], [18, 10], [19, 10], [20, 11], [21, 12], [22, 12], [23, 13], [24, 13], [25, 13], [26, 12]]
[[13, 12], [14, 12], [15, 11], [16, 10], [17, 10], [18, 11], [19, 10], [20, 9], [21, 10], [22, 10], [23, 11], [24, 11], [25, 11], [26, 12]]
[[13, 12], [14, 12], [15, 11], [16, 11], [17, 11], [18, 11], [19, 10], [20, 11], [21, 11], [22, 11], [23, 12], [24, 11], [25, 12], [26, 12]]
[[13, 12], [14, 13], [15, 13], [16, 12], [17, 11], [18, 12], [19, 11], [20, 12], [21, 11], [22, 11], [23, 11], [24, 12], [25, 12], [26, 12]]
[[13, 12], [14, 12], [15, 11], [16, 11], [17, 12], [18, 11], [19, 12], [20, 12], [21, 12], [22, 12], [23, 12], [24, 12], [25, 11], [26, 12]]
[[13, 12], [14, 12], [15, 11], [16, 10], [17, 10], [18, 11], [19, 11], [20, 12], [21, 12], [22, 12], [23, 11], [24, 11], [25, 12], [26, 12]]
[[13, 12], [14, 12], [15, 11], [16, 10], [17, 10], [18, 11], [19, 10], [20, 11], [21, 11], [22, 11], [23, 11], [24, 12], [25, 13], [26, 12]]
[[13, 12], [14, 13], [15, 12], [16, 12], [17, 11], [18, 11], [19, 10], [20, 11], [21, 11], [22, 11], [23, 11], [24, 12], [25, 13], [26, 12]]
[[13, 12], [14, 12], [15, 12], [16, 12], [17, 11], [18, 11], [19, 10], [20, 11], [21, 11], [22, 11], [23, 12], [24, 13], [25, 12], [26, 12]]
[[13, 12], [14, 12], [15, 11], [16, 11], [17, 10], [18, 10], [19, 10], [20, 10], [21, 11], [22, 11], [23, 12], [24, 13], [25, 12], [26, 12]]
[[13, 12], [14, 12], [15, 12], [16, 11], [17, 10], [18, 11], [19, 12], [20, 11], [21, 12], [22, 12], [23, 13], [24, 14], [25, 13], [26, 12]]
[[13, 12], [14, 12], [15, 11], [16, 11], [17, 10], [16, 9], [17, 10], [17, 11], [18, 10], [19, 10], [19, 11], [20, 12], [21, 11], [22, 11], [23, 12], [24, 12], [25, 11], [26, 12]]
[[13, 12], [14, 12], [15, 11], [15, 10], [16, 11], [17, 12], [17, 13], [18, 14], [19, 14], [18, 13], [19, 12], [20, 13], [21, 14], [21, 13], [21, 12], [22, 12], [23, 13], [24, 12], [24, 11], [25, 12], [26, 12]]
[[13, 12], [14, 12], [15, 11], [15, 10], [16, 11], [17, 12], [18, 12], [17, 11], [18, 10], [19, 9], [20, 10], [20, 9], [21, 10], [21, 11], [22, 10], [22, 11], [22, 12], [23, 11], [24, 11], [25, 12], [26, 12]]
[[13, 12], [13, 11], [13, 10], [12, 11], [13, 12], [14, 13], [14, 12], [15, 13], [16, 12], [17, 13], [17, 12], [17, 13], [18, 13], [19, 13], [20, 13], [21, 12], [22, 13], [21, 12], [22, 13], [21, 12], [21, 11], [22, 10], [23, 11], [22, 11], [21, 12], [20, 13], [20, 12], [21, 13], [22, 12], [22, 11], [23, 11], [24, 12], [25, 13], [26, 12]]
[[13, 12], [13, 13], [13, 14], [14, 15], [14, 16], [13, 15], [14, 14], [15, 13], [15, 14], [16, 15], [17, 15], [16, 16], [15, 17], [16, 17], [16, 18], [16, 19], [17, 18], [18, 17], [19, 18], [18, 19], [17, 19], [18, 18], [18, 19], [19, 19], [20, 19], [21, 18], [22, 19], [23, 18], [23, 19], [22, 18], [22, 17], [23, 17], [24, 17], [23, 16], [22, 15], [22, 14], [23, 13], [24, 12], [25, 11], [26, 12]]
[[13, 12], [13, 13], [12, 13], [12, 14], [12, 15], [11, 14], [10, 15], [10, 16], [11, 17], [11, 16], [12, 17], [13, 18], [14, 19], [15, 19], [16, 19], [17, 19], [17, 18], [18, 17], [19, 18], [20, 19], [21, 18], [22, 18], [23, 17], [24, 16], [25, 15], [26, 16], [27, 17], [26, 17], [26, 18], [27, 19], [28, 18], [29, 17], [28, 16], [28, 17], [29, 16], [29, 15], [28, 15], [28, 14], [27, 15], [26, 15], [26, 14], [26, 13], [26, 12]]
