[[19, 15], [18, 14], [17, 13], [16, 12], [15, 11], [14, 10], [13, 10], [12, 10], [11, 11], [10, 12], [9, 12], [8, 12]]
[[19, 15], [18, 14], [17, 13], [16, 12], [15, 11], [14, 10], [13, 11], [12, 11], [11, 11], [10, 12], [9, 12], [8, 12]]
[[19, 15], [18, 14], [17, 13], [16, 12], [15, 11], [14, 12], [13, 11], [12, 10], [11, 11], [10, 11], [9, 11], [8, 12]]
[[19, 15], [18, 14], [17, 14], [16, 14], [15, 15], [14, 14], [13, 14], [12, 14], [11, 13], [10, 12], [9, 12], [8, 12]]
[[19, 15], [18, 14], [17, 13], [16, 12], [15, 11], [14, 10], [13, 10], [12, 10], [11, 11], [10, 12], [9, 12], [8, 12]]
[[19, 15], [18, 14], [17, 14], [16, 13], [15, 12], [14, 12], [13, 11], [12, 10], [11, 11], [10, 11], [9, 11], [8, 12]]
[[19, 15], [18, 14], [17, 13], [16, 12], [15, 13], [14, 12], [13, 11], [12, 11], [11, 11], [10, 12], [9, 13], [8, 12]]
[[19, 15], [18, 14], [17, 13], [16, 13], [15, 13], [14, 12], [13, 11], [12, 11], [11, 11], [10, 11], [9, 11], [8, 12]]
[[19, 15], [18, 14], [17, 13], [16, 12], [15, 11], [14, 10], [13, 11], [12, 11], [11, 11], [10, 11], [9, 11], [8, 12]]
[[19, 15], [18, 14], [17, 13], [16, 12], [15, 11], [14, 10], [13, 11], [12, 10], [11, 11], [10, 11], [9, 12], [8, 12]]
[[19, 15], [18, 16], [17, 15], [16, 14], [15, 13], [14, 12], [13, 11], [12, 10], [11, 11], [10, 12], [9, 11], [8, 12]]
[[19, 15], [18, 14], [17, 14], [16, 13], [15, 13], [14, 12], [13, 11], [12, 11], [11, 11], [10, 12], [9, 13], [8, 12]]
[[19, 15], [18, 14], [17, 13], [16, 12], [16, 11], [15, 11], [14, 10], [13, 9], [12, 10], [11, 11], [10, 11], [9, 12], [8, 12]]
[[19, 15], [18, 14], [17, 13], [17, 12], [16, 12], [15, 11], [14, 10], [13, 9], [12, 10], [11, 9], [10, 10], [9, 11], [8, 12]]
[[19, 15], [20, 14], [21, 14], [20, 13], [20, 12], [20, 11], [19, 12], [18, 11], [17, 10], [16, 11], [15, 10], [14, 10], [13, 10], [12, 9], [11, 9], [10, 10], [9, 11], [8, 12]]
[[19, 15], [20, 16], [20, 15], [21, 16], [22, 15], [22, 16], [23, 15], [23, 16], [24, 17], [25, 18], [26, 17], [26, 16], [25, 16], [25, 15], [26, 14], [26, 15], [25, 14], [24, 14], [23, 14], [23, 13], [23, 12], [22, 11], [21, 11], [21, 10], [20, 11], [19, 12], [18, 12], [17, 12], [18, 11], [19, 11], [20, 12], [19, 13], [18, 13], [17, 14], [18, 14], [17, 15], [18, 16], [17, 16], [16, 16], [15, 17], [16, 18], [17, 18], [16, 19], [15, 18], [14, 17], [13, 17], [14, 16], [13, 16], [12, 16], [12, 17], [12, 18], [11, 17], [10, 18], [9, 17], [9, 16], [10, 15], [9, 14], [9, 15], [8, 15], [7, 14], [8, 13], [8, 12]]
