[[12, 10], [13, 11], [14, 12], [15, 13], [16, 14], [17, 15], [17, 16]]
[[12, 10], [13, 11], [14, 12], [15, 13], [16, 14], [17, 15], [17, 16]]
[[12, 10], [13, 11], [14, 12], [15, 13], [16, 14], [17, 15], [17, 16]]
[[12, 10], [13, 11], [14, 12], [15, 13], [16, 14], [17, 15], [17, 16]]
[[12, 10], [13, 11], [14, 12], [15, 13], [16, 14], [17, 15], [17, 16]]
[[12, 10], [13, 11], [14, 12], [15, 13], [16, 14], [17, 15], [17, 16]]
[[12, 10], [13, 11], [14, 12], [15, 13], [16, 14], [17, 15], [17, 16]]
[[12, 10], [13, 11], [14, 12], [15, 13], [16, 14], [17, 15], [17, 16]]
[[12, 10], [13, 11], [14, 12], [15, 13], [16, 14], [17, 15], [17, 16]]
[[12, 10], [13, 11], [14, 12], [15, 13], [16, 14], [17, 15], [17, 16]]
[[12, 10], [13, 11], [14, 12], [15, 13], [16, 14], [17, 15], [17, 16]]
[[12, 10], [13, 11], [14, 12], [15, 13], [16, 14], [17, 15], [17, 16]]
[[12, 10], [13, 11], [14, 12], [15, 13], [16, 14], [17, 15], [17, 16]]
[[12, 10], [13, 11], [14, 12], [15, 13], [16, 14], [17, 15], [17, 16]]
[[12, 10], [13, 11], [14, 12], [15, 13], [16, 14], [17, 15], [17, 16]]
[[12, 10], [13, 11], [14, 12], [15, 13], [15, 14], [16, 14], [17, 15], [17, 16]]
[[12, 10], [13, 11], [14, 12], [15, 13], [16, 14], [17, 14], [17, 15], [17, 16]]
[[12, 10], [13, 11], [14, 12], [15, 12], [15, 13], [16, 13], [16, 14], [17, 15], [17, 16]]
[[12, 10], [11, 9], [11, 10], [12, 11], [13, 12], [14, 13], [14, 14], [15, 15], [16, 14], [17, 15], [17, 16]]
[[12, 10], [11, 11], [10, 10], [10, 11], [10, 12], [9, 11], [10, 12], [11, 13], [12, 13], [13, 14], [13, 15], [12, 16], [11, 17], [11, 18], [11, 19], [11, 18], [11, 19], [12, 18], [13, 18], [14, 17], [14, 18], [15, 18], [16, 18], [16, 17], [15, 18], [16, 18], [17, 17], [17, 16]]
