[[25, 17], [24, 16], [23, 15], [22, 14], [21, 13], [20, 13], [19, 13], [18, 14], [17, 14], [16, 14], [15, 15], [14, 16], [13, 16], [12, 17], [11, 17], [10, 18], [9, 18], [8, 17]]
[[25, 17], [24, 16], [23, 15], [22, 14], [21, 13], [20, 14], [19, 14], [18, 15], [17, 15], [16, 14], [15, 15], [14, 16], [13, 16], [12, 17], [11, 17], [10, 18], [9, 18], [8, 17]]
[[25, 17], [24, 16], [23, 15], [22, 14], [21, 13], [20, 14], [19, 13], [18, 14], [17, 15], [16, 16], [15, 16], [14, 17], [13, 17], [12, 17], [11, 16], [10, 17], [9, 17], [8, 17]]
[[25, 17], [24, 16], [23, 15], [22, 14], [21, 15], [20, 14], [19, 14], [18, 15], [17, 16], [16, 15], [15, 16], [14, 17], [13, 17], [12, 17], [11, 18], [10, 18], [9, 18], [8, 17]]
[[25, 17], [24, 18], [23, 17], [22, 18], [21, 17], [20, 17], [19, 16], [18, 17], [17, 16], [16, 16], [15, 17], [14, 17], [13, 17], [12, 17], [11, 16], [10, 17], [9, 16], [8, 17]]
[[25, 17], [24, 17], [23, 16], [22, 16], [21, 15], [20, 15], [19, 14], [18, 15], [17, 16], [16, 15], [15, 16], [14, 17], [13, 16], [12, 17], [11, 17], [10, 17], [9, 17], [8, 17]]
[[25, 17], [24, 16], [23, 16], [22, 16], [21, 17], [20, 17], [19, 16], [18, 16], [17, 16], [16, 17], [15, 16], [14, 17], [13, 17], [12, 17], [11, 17], [10, 16], [9, 16], [8, 17]]
[[25, 17], [24, 16], [23, 15], [22, 14], [21, 13], [20, 14], [19, 14], [18, 15], [17, 15], [16, 14], [15, 15], [14, 16], [13, 17], [12, 17], [11, 18], [10, 18], [9, 18], [8, 17]]
[[25, 17], [24, 16], [23, 16], [22, 16], [21, 15], [20, 15], [19, 16], [18, 16], [17, 17], [16, 16], [15, 16], [14, 16], [13, 17], [12, 17], [11, 17], [10, 18], [9, 18], [8, 17]]
[[25, 17], [24, 16], [23, 15], [22, 14], [21, 13], [20, 13], [19, 13], [18, 14], [17, 14], [16, 14], [15, 15], [14, 16], [13, 16], [12, 17], [11, 17], [10, 18], [9, 18], [8, 17]]
[[25, 17], [24, 16], [23, 15], [22, 14], [21, 13], [20, 12], [19, 13], [18, 12], [17, 13], [16, 14], [15, 15], [14, 16], [13, 16], [12, 17], [11, 16], [10, 17], [9, 18], [8, 17]]
[[25, 17], [24, 16], [23, 15], [22, 14], [21, 15], [20, 14], [19, 14], [18, 15], [17, 14], [16, 15], [15, 16], [14, 17], [13, 17], [12, 17], [11, 16], [10, 16], [9, 17], [8, 17]]
[[25, 17], [24, 16], [23, 17], [22, 16], [21, 16], [20, 17], [19, 17], [18, 16], [17, 15], [16, 16], [15, 16], [14, 17], [13, 17], [12, 17], [11, 18], [10, 18], [9, 18], [8, 17]]
[[25, 17], [24, 16], [23, 15], [22, 14], [21, 15], [20, 16], [20, 17], [19, 17], [18, 17], [17, 17], [16, 17], [15, 17], [14, 18], [13, 18], [12, 17], [11, 17], [10, 18], [9, 18], [8, 17]]
[[25, 17], [24, 16], [23, 15], [22, 16], [21, 15], [20, 16], [20, 15], [19, 14], [18, 14], [17, 15], [16, 14], [15, 15], [14, 16], [13, 17], [12, 17], [11, 18], [10, 17], [9, 17], [8, 17]]
[[25, 17], [24, 16], [23, 16], [22, 16], [21, 16], [20, 16], [20, 15], [19, 14], [18, 15], [17, 14], [17, 15], [16, 14], [15, 13], [14, 13], [13, 14], [12, 13], [11, 13], [10, 14], [10, 15], [10, 16], [9, 17], [8, 17]]
[[25, 17], [24, 17], [23, 18], [22, 18], [21, 18], [20, 18], [19, 19], [18, 19], [17, 19], [16, 18], [16, 19], [15, 18], [14, 18], [13, 19], [14, 18], [13, 18], [12, 19], [13, 18], [14, 17], [13, 17], [14, 17], [15, 16], [15, 17], [16, 18], [15, 17], [16, 17], [15, 17], [15, 18], [14, 19], [13, 19], [12, 19], [11, 18], [10, 18], [10, 17], [9, 17], [8, 17]]
[[25, 17], [26, 16], [25, 17], [24, 17], [23, 17], [23, 16], [24, 17], [25, 18], [26, 18], [27, 19], [27, 18], [28, 19], [29, 19], [28, 18], [28, 19], [27, 18], [27, 17], [27, 16], [26, 15], [26, 16], [27, 16], [26, 15], [27, 14], [26, 14], [25, 13], [24, 13], [25, 12], [24, 13], [24, 12], [25, 12], [24, 13], [23, 14], [23, 13], [23, 12], [22, 11], [22, 10], [21, 9], [20, 10], [20, 9], [21, 8], [22, 8], [21, 7], [22, 7], [21, 8], [20, 9], [19, 10], [18, 11], [17, 11], [18, 10], [18, 11], [17, 12], [18, 13], [17, 14], [18, 15], [19, 14], [19, 13], [20, 14], [21, 13], [20, 14], [20, 15], [19, 14], [18, 15], [19, 16], [19, 17], [18, 16], [17, 17], [16, 18], [16, 19], [15, 18], [14, 17], [15, 18], [16, 19], [15, 18], [14, 17], [13, 18], [12, 19], [11, 18], [11, 19], [10, 18], [10, 19], [9, 19], [9, 18], [8, 18], [8, 17], [7, 16], [7, 17], [8, 16], [8, 15], [7, 15], [8, 16], [8, 17]]
[[25, 17], [26, 17], [27, 18], [28, 18], [28, 19], [29, 18], [28, 17], [27, 17], [26, 18], [27, 18], [26, 17], [25, 17], [24, 16], [25, 16], [26, 15], [27, 14], [27, 13], [28, 12], [29, 12], [28, 12], [29, 12], [28, 11], [29, 10], [29, 9], [29, 8], [28, 9], [27, 10], [26, 11], [25, 12], [26, 13], [25, 14], [25, 15], [24, 16], [25, 15], [26, 15], [26, 16], [27, 17], [28, 17], [27, 18], [26, 18], [25, 18], [25, 19], [26, 19], [25, 18], [24, 17], [24, 16], [23, 15], [22, 16], [21, 15], [21, 16], [22, 16], [23, 17], [23, 18], [23, 19], [22, 18], [21, 18], [20, 18], [20, 19], [19, 18], [18, 17], [17, 18], [17, 17], [16, 18], [15, 18], [14, 19], [14, 18], [15, 18], [15, 17], [16, 16], [17, 17], [18, 16], [19, 16], [18, 17], [17, 18], [18, 17], [19, 16], [18, 15], [18, 14], [19, 13], [18, 12], [19, 12], [18, 11], [17, 10], [18, 11], [18, 10], [17, 9], [16, 8], [17, 8], [16, 8], [16, 9], [15, 10], [14, 10], [13, 9], [14, 8], [15, 8], [15, 7], [16, 6], [17, 7], [16, 6], [17, 7], [18, 6], [19, 7], [18, 8], [19, 7], [19, 6], [19, 7], [20, 8], [21, 8], [21, 7], [22, 6], [22, 5], [23, 4], [24, 4], [25, 4], [26, 3], [27, 4], [28, 3], [29, 4], [28, 4], [29, 3], [28, 2], [28, 1], [27, 2], [28, 1], [29, 2], [28, 1], [27, 1], [26, 2], [26, 3], [25, 3], [25, 2], [24, 1], [25, 2], [24, 1], [23, 0], [23, 1], [22, 1], [21, 0], [20, 1], [21, 1], [22, 1], [22, 2], [23, 3], [22, 3], [21, 4], [20, 5], [19, 4], [19, 3], [18, 4], [17, 3], [16, 4], [15, 4], [14, 5], [15, 5], [15, 4], [16, 3], [15, 2], [16, 2], [15, 1], [14, 2], [13, 1], [13, 2], [13, 1], [12, 2], [12, 1], [11, 1], [10, 0], [9, 0], [8, 1], [7, 0], [6, 1], [5, 2], [5, 1], [4, 2], [5, 3], [5, 4], [6, 5], [7, 5], [7, 4], [8, 5], [7, 6], [8, 6], [7, 7], [8, 8], [7, 8], [8, 9], [8, 8], [9, 9], [10, 8], [10, 7], [9, 8], [8, 8], [7, 7], [7, 6], [8, 6], [8, 5], [9, 4], [8, 4], [9, 4], [9, 3], [10, 3], [10, 2], [9, 3], [10, 4], [11, 5], [12, 5], [13, 5], [13, 6], [14, 5], [14, 4], [15, 5], [15, 6], [16, 5], [15, 6], [15, 7], [14, 8], [13, 9], [12, 8], [11, 8], [11, 9], [11, 8], [11, 9], [12, 10], [13, 11], [12, 12], [13, 13], [14, 14], [15, 13], [16, 14], [15, 15], [14, 16], [15, 15], [16, 14], [15, 13], [15, 12], [14, 11], [13, 11], [12, 12], [11, 11], [12, 11], [11, 12], [12, 13], [13, 13], [12, 14], [11, 13], [11, 14], [11, 13], [11, 14], [11, 13], [11, 14], [10, 15], [9, 15], [10, 16], [9, 17], [9, 18], [10, 17], [10, 18], [11, 19], [12, 19], [13, 19], [14, 18], [13, 18], [12, 17], [11, 17], [10, 17], [9, 16], [9, 15], [8, 16], [7, 15], [8, 14], [7, 15], [8, 15], [7, 14], [6, 15], [7, 16], [8, 16], [8, 17]]
