[[3, 7], [4, 7], [5, 7], [6, 8], [7, 7], [8, 8], [9, 9], [10, 10], [11, 10], [12, 9], [13, 8], [14, 9], [15, 10], [16, 10], [17, 10], [18, 9], [19, 9], [20, 10], [21, 11], [22, 12], [23, 12], [24, 11], [25, 12], [26, 13], [27, 13]]
[[3, 7], [4, 8], [5, 9], [6, 9], [7, 8], [8, 9], [9, 10], [10, 10], [11, 10], [12, 11], [13, 10], [14, 10], [15, 11], [16, 10], [17, 9], [18, 9], [19, 10], [20, 11], [21, 12], [22, 12], [23, 11], [24, 11], [25, 12], [26, 12], [27, 13]]
[[3, 7], [4, 8], [5, 7], [6, 8], [7, 8], [8, 9], [9, 9], [10, 10], [11, 10], [12, 11], [13, 12], [14, 11], [15, 11], [16, 12], [17, 12], [18, 13], [19, 12], [20, 12], [21, 11], [22, 10], [23, 11], [24, 10], [25, 11], [26, 12], [27, 13]]
[[3, 7], [4, 7], [5, 8], [6, 9], [7, 10], [8, 11], [9, 11], [10, 10], [11, 9], [12, 8], [13, 8], [14, 9], [15, 10], [16, 11], [17, 12], [18, 13], [19, 13], [20, 13], [21, 12], [22, 12], [23, 11], [24, 11], [25, 12], [26, 13], [27, 13]]
[[3, 7], [4, 8], [5, 8], [6, 8], [7, 7], [8, 8], [9, 9], [10, 9], [11, 9], [12, 9], [13, 10], [14, 9], [15, 9], [16, 9], [17, 9], [18, 8], [19, 9], [20, 10], [21, 11], [22, 12], [23, 11], [24, 11], [25, 12], [26, 13], [27, 13]]
[[3, 7], [4, 7], [5, 8], [6, 9], [7, 8], [8, 8], [9, 9], [10, 9], [11, 10], [12, 10], [13, 9], [14, 10], [15, 11], [16, 11], [17, 12], [18, 13], [19, 12], [20, 13], [21, 12], [22, 12], [23, 11], [24, 11], [25, 12], [26, 12], [27, 13]]
[[3, 7], [4, 8], [5, 9], [6, 9], [7, 10], [8, 10], [9, 9], [10, 10], [11, 10], [12, 10], [13, 10], [14, 10], [15, 10], [16, 10], [17, 11], [18, 12], [19, 11], [20, 11], [21, 11], [22, 12], [23, 12], [24, 11], [25, 12], [26, 13], [27, 13]]
[[3, 7], [4, 7], [5, 8], [6, 8], [7, 7], [8, 8], [9, 9], [10, 10], [11, 10], [12, 11], [13, 12], [14, 12], [15, 11], [16, 11], [17, 12], [18, 11], [19, 11], [20, 11], [21, 11], [22, 12], [23, 11], [24, 11], [25, 11], [26, 12], [27, 13]]
[[3, 7], [4, 8], [5, 8], [6, 8], [7, 8], [8, 9], [9, 9], [10, 10], [11, 10], [12, 11], [13, 12], [14, 12], [15, 11], [16, 11], [17, 12], [18, 11], [19, 11], [20, 11], [21, 11], [22, 12], [23, 11], [24, 11], [25, 11], [26, 12], [27, 13]]
[[3, 7], [4, 8], [5, 9], [6, 9], [7, 10], [8, 10], [9, 11], [10, 10], [11, 11], [12, 10], [13, 9], [14, 10], [15, 11], [16, 12], [17, 12], [18, 12], [19, 12], [20, 11], [21, 12], [22, 12], [23, 12], [24, 11], [25, 11], [26, 12], [27, 13]]
[[3, 7], [4, 8], [5, 9], [6, 8], [7, 7], [8, 8], [9, 9], [10, 10], [11, 9], [12, 10], [13, 10], [14, 10], [15, 11], [16, 11], [17, 10], [18, 11], [19, 12], [20, 11], [21, 11], [22, 12], [23, 11], [24, 10], [25, 11], [26, 12], [27, 13]]
[[3, 7], [4, 8], [5, 8], [6, 9], [7, 10], [8, 9], [9, 9], [10, 9], [11, 9], [12, 9], [13, 9], [14, 10], [15, 10], [16, 11], [17, 12], [18, 13], [19, 12], [20, 12], [21, 12], [22, 12], [23, 11], [24, 11], [25, 12], [26, 13], [27, 13]]
[[3, 7], [4, 8], [5, 9], [6, 8], [7, 7], [8, 8], [9, 9], [10, 9], [11, 8], [12, 9], [13, 10], [14, 10], [15, 10], [16, 11], [17, 11], [18, 12], [19, 11], [20, 12], [21, 11], [22, 12], [23, 12], [24, 11], [25, 12], [26, 13], [27, 13]]
[[3, 7], [4, 7], [5, 8], [6, 9], [7, 10], [8, 9], [9, 10], [10, 11], [11, 12], [12, 11], [13, 12], [14, 12], [15, 11], [16, 10], [17, 9], [18, 10], [19, 10], [20, 11], [21, 12], [22, 12], [23, 12], [24, 11], [25, 12], [26, 13], [27, 13]]
[[3, 7], [4, 7], [5, 8], [6, 8], [7, 7], [8, 8], [9, 9], [10, 10], [11, 11], [12, 10], [13, 9], [14, 9], [15, 10], [16, 11], [17, 12], [18, 11], [19, 10], [20, 10], [21, 11], [22, 10], [23, 11], [24, 10], [25, 11], [26, 12], [27, 13]]
[[3, 7], [4, 7], [5, 7], [6, 8], [7, 7], [8, 8], [9, 9], [10, 10], [11, 10], [12, 9], [13, 8], [14, 9], [15, 10], [16, 10], [17, 10], [18, 9], [19, 9], [20, 10], [21, 11], [22, 12], [23, 12], [24, 11], [25, 12], [26, 13], [27, 13]]
[[3, 7], [4, 8], [5, 9], [6, 8], [7, 8], [8, 9], [9, 10], [10, 10], [11, 10], [12, 10], [13, 9], [14, 10], [15, 10], [16, 11], [17, 10], [18, 10], [19, 11], [20, 12], [21, 12], [22, 12], [23, 12], [24, 11], [25, 11], [26, 11], [26, 12], [27, 13]]
[[3, 7], [4, 7], [5, 8], [6, 9], [7, 10], [8, 10], [9, 11], [10, 10], [11, 10], [12, 10], [13, 9], [14, 9], [15, 10], [16, 9], [17, 10], [18, 9], [19, 8], [20, 8], [21, 9], [22, 10], [23, 11], [24, 11], [24, 10], [25, 11], [26, 12], [27, 13]]
[[3, 7], [4, 8], [5, 9], [6, 9], [7, 10], [8, 9], [9, 10], [10, 9], [11, 8], [12, 9], [13, 8], [14, 9], [15, 9], [16, 8], [17, 9], [16, 10], [17, 11], [18, 12], [19, 13], [20, 12], [21, 11], [22, 12], [23, 11], [24, 11], [25, 12], [26, 12], [27, 13]]
[[3, 7], [4, 7], [5, 8], [6, 8], [7, 7], [8, 8], [9, 9], [10, 10], [11, 9], [12, 10], [13, 9], [14, 10], [15, 10], [16, 11], [17, 12], [18, 13], [19, 12], [20, 13], [21, 12], [22, 13], [22, 12], [23, 11], [24, 11], [25, 10], [26, 11], [25, 12], [26, 12], [27, 13]]
