[[9, 6], [10, 5], [11, 4], [12, 3], [13, 2], [14, 1]]
[[9, 6], [10, 5], [11, 4], [12, 3], [13, 2], [14, 1]]
[[9, 6], [10, 5], [11, 4], [12, 3], [13, 2], [14, 1]]
[[9, 6], [10, 5], [11, 4], [12, 3], [13, 2], [14, 1]]
[[9, 6], [10, 5], [11, 4], [12, 3], [13, 2], [14, 1]]
[[9, 6], [10, 5], [11, 4], [12, 3], [13, 2], [14, 1]]
[[9, 6], [10, 5], [11, 4], [12, 3], [13, 2], [14, 1]]
[[9, 6], [10, 5], [11, 4], [12, 3], [13, 2], [14, 1]]
[[9, 6], [10, 5], [11, 4], [12, 3], [13, 2], [14, 1]]
[[9, 6], [10, 5], [10, 4], [11, 4], [12, 3], [13, 2], [14, 1]]
[[9, 6], [10, 6], [11, 5], [12, 4], [11, 5], [12, 5], [13, 4], [14, 3], [13, 2], [14, 1]]
[[9, 6], [10, 6], [11, 6], [12, 7], [13, 6], [14, 5], [15, 4], [14, 3], [14, 2], [14, 1]]
[[9, 6], [9, 5], [10, 6], [11, 7], [12, 7], [12, 6], [13, 5], [14, 5], [14, 4], [14, 3], [14, 2], [14, 1]]
[[9, 6], [8, 5], [7, 6], [8, 6], [9, 7], [10, 6], [10, 5], [9, 5], [9, 4], [10, 4], [11, 3], [10, 3], [11, 4], [12, 4], [13, 3], [13, 2], [14, 1]]
