[[24, 8], [24, 9], [25, 10], [25, 11], [26, 12], [26, 13], [26, 14], [26, 15], [27, 16]]
[[24, 8], [24, 9], [25, 10], [24, 11], [25, 12], [26, 13], [27, 14], [26, 15], [27, 16]]
[[24, 8], [23, 9], [24, 10], [24, 11], [24, 12], [25, 13], [26, 14], [27, 15], [27, 16]]
[[24, 8], [24, 9], [25, 10], [26, 11], [25, 12], [26, 13], [26, 14], [27, 15], [27, 16]]
[[24, 8], [24, 9], [25, 10], [25, 11], [26, 12], [26, 13], [26, 14], [26, 15], [27, 16]]
[[24, 8], [24, 9], [24, 10], [24, 11], [25, 12], [26, 13], [27, 14], [26, 15], [27, 16]]
[[24, 8], [24, 9], [24, 10], [25, 11], [24, 12], [25, 13], [26, 14], [27, 15], [27, 16]]
[[24, 8], [24, 9], [24, 10], [25, 11], [26, 12], [26, 13], [26, 14], [26, 15], [27, 16]]
[[24, 8], [24, 9], [25, 10], [24, 11], [25, 12], [24, 13], [25, 14], [26, 15], [27, 16]]
[[24, 8], [23, 9], [24, 10], [25, 11], [24, 12], [25, 13], [26, 14], [27, 15], [27, 16]]
[[24, 8], [24, 9], [24, 10], [25, 11], [24, 12], [25, 13], [25, 14], [26, 15], [27, 16]]
[[24, 8], [24, 9], [24, 10], [24, 11], [24, 12], [25, 13], [26, 14], [27, 15], [27, 16]]
[[24, 8], [24, 9], [24, 10], [25, 11], [26, 12], [25, 13], [25, 14], [26, 15], [27, 16]]
[[24, 8], [23, 9], [24, 10], [24, 11], [25, 12], [26, 13], [27, 14], [28, 15], [27, 16]]
[[24, 8], [24, 9], [25, 10], [24, 11], [24, 12], [25, 13], [25, 14], [26, 15], [27, 16]]
[[24, 8], [24, 7], [25, 8], [26, 9], [26, 8], [27, 8], [27, 9], [26, 9], [25, 10], [24, 10], [23, 11], [22, 12], [21, 13], [21, 14], [21, 15], [20, 16], [21, 16], [20, 16], [21, 15], [22, 16], [23, 17], [23, 18], [24, 18], [25, 18], [25, 17], [26, 16], [27, 17], [27, 16]]
[[24, 8], [23, 9], [23, 8], [23, 7], [24, 7], [23, 6], [23, 7], [24, 7], [24, 6], [24, 5], [25, 4], [24, 3], [23, 3], [22, 2], [21, 1], [22, 1], [22, 0], [23, 0], [22, 1], [22, 0], [22, 1], [23, 1], [24, 1], [25, 2], [26, 2], [26, 1], [27, 1], [26, 2], [27, 2], [28, 3], [28, 4], [29, 5], [28, 6], [27, 7], [28, 8], [28, 9], [27, 10], [27, 11], [26, 10], [27, 9], [27, 10], [26, 9], [25, 10], [25, 11], [24, 11], [24, 12], [25, 13], [25, 14], [24, 15], [24, 16], [23, 17], [22, 18], [21, 19], [22, 18], [21, 19], [22, 19], [23, 18], [24, 17], [25, 17], [26, 16], [26, 15], [27, 16]]
