[[7, 1], [6, 1], [5, 0], [4, 0]]
[[7, 1], [6, 0], [5, 1], [4, 0]]
[[7, 1], [6, 0], [5, 0], [4, 0]]
[[7, 1], [6, 1], [5, 0], [4, 0]]
[[7, 1], [6, 0], [5, 0], [4, 0]]
[[7, 1], [6, 1], [5, 1], [4, 0]]
[[7, 1], [6, 1], [5, 1], [4, 0]]
[[7, 1], [6, 1], [5, 1], [4, 0]]
[[7, 1], [6, 0], [5, 1], [4, 0]]
[[7, 1], [7, 0], [6, 0], [6, 1], [5, 1], [4, 0], [3, 0], [2, 1], [1, 0], [0, 0], [1, 0], [1, 1], [2, 0], [2, 1], [3, 0], [4, 0]]
[[7, 1], [7, 0], [8, 1], [9, 0], [10, 1], [11, 2], [12, 3], [11, 3], [11, 4], [10, 4], [11, 3], [10, 3], [9, 4], [8, 3], [7, 3], [6, 2], [7, 1], [6, 0], [6, 1], [5, 0], [4, 0]]
