[[26, 13], [25, 12], [24, 11], [23, 10], [22, 9], [21, 8], [20, 9], [19, 8], [18, 9], [17, 9], [16, 8], [15, 8], [14, 7], [13, 7], [12, 6], [11, 6], [10, 5], [9, 4], [8, 3], [7, 2], [6, 2], [5, 2], [4, 3], [3, 2]]
[[26, 13], [25, 12], [24, 11], [23, 10], [22, 9], [21, 9], [20, 9], [19, 8], [18, 8], [17, 8], [16, 9], [15, 8], [14, 7], [13, 7], [12, 6], [11, 6], [10, 5], [9, 5], [8, 5], [7, 5], [6, 4], [5, 4], [4, 3], [3, 2]]
[[26, 13], [25, 12], [24, 11], [23, 10], [22, 9], [21, 8], [20, 9], [19, 8], [18, 9], [17, 9], [16, 8], [15, 8], [14, 7], [13, 7], [12, 6], [11, 6], [10, 5], [9, 4], [8, 3], [7, 2], [6, 2], [5, 2], [4, 3], [3, 2]]
[[26, 13], [25, 12], [24, 11], [23, 10], [22, 9], [21, 8], [20, 8], [19, 9], [18, 8], [17, 7], [16, 8], [15, 8], [14, 7], [13, 6], [12, 5], [11, 6], [10, 5], [9, 4], [8, 5], [7, 4], [6, 3], [5, 2], [4, 3], [3, 2]]
[[26, 13], [25, 12], [24, 11], [23, 10], [22, 9], [21, 9], [20, 8], [19, 9], [18, 9], [17, 9], [16, 8], [15, 7], [14, 7], [13, 6], [12, 6], [11, 6], [10, 5], [9, 4], [8, 3], [7, 2], [6, 3], [5, 2], [4, 3], [3, 2]]
[[26, 13], [25, 12], [24, 11], [23, 10], [22, 9], [21, 8], [20, 9], [19, 8], [18, 8], [17, 7], [16, 7], [15, 7], [14, 7], [13, 6], [12, 5], [11, 5], [10, 5], [9, 5], [8, 4], [7, 4], [6, 4], [5, 3], [4, 2], [3, 2]]
[[26, 13], [25, 12], [24, 11], [23, 10], [22, 9], [21, 9], [20, 10], [19, 10], [18, 9], [17, 8], [16, 7], [15, 8], [14, 7], [13, 6], [12, 5], [11, 5], [10, 4], [9, 4], [8, 3], [7, 4], [6, 3], [5, 2], [4, 2], [3, 2]]
[[26, 13], [25, 12], [24, 11], [23, 10], [22, 9], [21, 8], [20, 9], [19, 9], [18, 9], [17, 8], [16, 8], [15, 7], [14, 6], [13, 7], [12, 6], [11, 6], [10, 5], [9, 4], [8, 4], [7, 4], [6, 3], [5, 3], [4, 2], [3, 2]]
[[26, 13], [25, 12], [24, 11], [23, 10], [22, 9], [21, 10], [20, 11], [19, 11], [18, 10], [17, 10], [16, 9], [15, 8], [14, 7], [13, 7], [12, 6], [11, 6], [10, 5], [9, 5], [8, 5], [7, 5], [6, 4], [5, 4], [4, 3], [3, 2]]
[[26, 13], [25, 12], [24, 11], [23, 10], [22, 9], [21, 8], [20, 9], [19, 9], [18, 8], [17, 8], [16, 8], [15, 7], [14, 7], [13, 6], [12, 6], [11, 6], [10, 5], [9, 4], [8, 3], [7, 2], [6, 2], [5, 1], [4, 2], [3, 2]]
[[26, 13], [25, 12], [24, 11], [23, 10], [22, 9], [21, 10], [20, 10], [19, 9], [18, 9], [17, 10], [16, 9], [15, 8], [14, 7], [13, 6], [12, 6], [11, 5], [10, 5], [9, 4], [8, 5], [7, 4], [6, 3], [5, 2], [4, 3], [3, 2]]
[[26, 13], [25, 12], [24, 11], [23, 10], [22, 9], [21, 9], [20, 8], [19, 7], [18, 8], [17, 9], [16, 8], [15, 7], [14, 6], [13, 5], [12, 5], [11, 6], [10, 5], [9, 4], [8, 3], [7, 2], [6, 3], [5, 2], [4, 3], [3, 2]]
[[26, 13], [25, 12], [24, 11], [23, 10], [22, 9], [21, 10], [20, 9], [19, 8], [18, 7], [17, 7], [16, 7], [15, 6], [14, 6], [13, 5], [12, 4], [11, 4], [10, 5], [9, 5], [8, 5], [7, 4], [6, 3], [5, 3], [4, 3], [3, 2]]
[[26, 13], [25, 12], [24, 11], [23, 10], [22, 9], [21, 8], [20, 9], [19, 9], [18, 9], [17, 8], [16, 8], [15, 7], [14, 6], [13, 7], [12, 6], [11, 6], [10, 5], [9, 4], [8, 4], [7, 4], [6, 3], [5, 2], [4, 3], [3, 2]]
[[26, 13], [25, 13], [25, 12], [24, 11], [23, 10], [22, 9], [21, 9], [20, 8], [19, 8], [18, 8], [17, 8], [16, 7], [15, 6], [14, 6], [13, 5], [12, 4], [11, 4], [10, 3], [9, 3], [8, 2], [7, 1], [6, 2], [5, 1], [4, 2], [3, 2]]
[[26, 13], [25, 12], [24, 11], [23, 10], [22, 9], [21, 8], [20, 9], [19, 9], [18, 9], [17, 9], [16, 9], [15, 8], [14, 9], [15, 10], [16, 9], [15, 8], [14, 7], [13, 6], [12, 5], [11, 6], [10, 5], [9, 6], [8, 5], [7, 4], [6, 4], [5, 3], [4, 2], [3, 2]]
[[26, 13], [26, 12], [26, 11], [25, 10], [24, 11], [23, 10], [22, 9], [23, 10], [22, 9], [21, 10], [20, 9], [19, 10], [18, 9], [17, 8], [16, 7], [15, 7], [14, 7], [13, 6], [12, 5], [11, 4], [10, 5], [9, 4], [8, 3], [7, 4], [6, 3], [5, 4], [4, 3], [3, 2]]
[[26, 13], [26, 12], [25, 11], [25, 10], [24, 9], [23, 9], [24, 9], [23, 9], [22, 9], [21, 10], [20, 10], [19, 9], [18, 8], [17, 7], [16, 8], [15, 7], [14, 6], [13, 5], [12, 5], [11, 5], [10, 4], [9, 5], [8, 4], [7, 4], [6, 3], [5, 2], [4, 3], [3, 2]]
[[26, 13], [26, 12], [26, 11], [25, 10], [24, 11], [23, 10], [22, 9], [23, 10], [22, 9], [21, 10], [20, 9], [19, 10], [18, 9], [17, 8], [16, 7], [15, 7], [14, 7], [13, 6], [12, 5], [11, 5], [10, 4], [9, 3], [8, 2], [7, 2], [6, 3], [5, 3], [4, 2], [3, 2]]
[[26, 13], [26, 12], [25, 11], [26, 11], [25, 10], [24, 11], [23, 10], [22, 9], [23, 10], [22, 9], [21, 10], [20, 9], [19, 9], [18, 8], [17, 9], [17, 8], [16, 7], [15, 7], [15, 6], [14, 5], [13, 5], [12, 5], [11, 5], [10, 4], [9, 4], [8, 4], [7, 4], [6, 3], [5, 2], [4, 3], [3, 2]]
