[[0, 0], [1, 1], [2, 2], [3, 3], [4, 2], [5, 2], [6, 1], [7, 1], [8, 2], [9, 3], [10, 4], [11, 5], [12, 6], [13, 7], [14, 8], [15, 9], [16, 9], [17, 9], [18, 9], [19, 10], [20, 11], [21, 12], [22, 13], [23, 14]]
[[0, 0], [1, 0], [2, 1], [3, 1], [4, 2], [5, 3], [6, 2], [7, 3], [8, 4], [9, 3], [10, 4], [11, 5], [12, 6], [13, 7], [14, 8], [15, 7], [16, 8], [17, 9], [18, 10], [19, 11], [20, 12], [21, 12], [22, 13], [23, 14]]
[[0, 0], [1, 1], [2, 1], [3, 0], [4, 1], [5, 2], [6, 2], [7, 3], [8, 4], [9, 4], [10, 5], [11, 6], [12, 7], [13, 7], [14, 6], [15, 7], [16, 8], [17, 9], [18, 9], [19, 10], [20, 11], [21, 12], [22, 13], [23, 14]]
[[0, 0], [1, 0], [2, 0], [3, 1], [4, 1], [5, 2], [6, 1], [7, 2], [8, 2], [9, 3], [10, 4], [11, 4], [12, 5], [13, 6], [14, 7], [15, 7], [16, 8], [17, 9], [18, 10], [19, 11], [20, 12], [21, 12], [22, 13], [23, 14]]
[[0, 0], [1, 1], [2, 2], [3, 3], [4, 2], [5, 3], [6, 2], [7, 3], [8, 4], [9, 5], [10, 5], [11, 6], [12, 7], [13, 7], [14, 8], [15, 9], [16, 10], [17, 11], [18, 12], [19, 12], [20, 13], [21, 12], [22, 13], [23, 14]]
[[0, 0], [1, 0], [2, 0], [3, 1], [4, 1], [5, 1], [6, 1], [7, 2], [8, 2], [9, 3], [10, 4], [11, 5], [12, 5], [13, 6], [14, 7], [15, 7], [16, 8], [17, 9], [18, 10], [19, 11], [20, 11], [21, 12], [22, 13], [23, 14]]
[[0, 0], [1, 1], [2, 0], [3, 0], [4, 1], [5, 1], [6, 2], [7, 3], [8, 4], [9, 4], [10, 5], [11, 5], [12, 5], [13, 4], [14, 5], [15, 6], [16, 7], [17, 8], [18, 9], [19, 10], [20, 11], [21, 12], [22, 13], [23, 14]]
[[0, 0], [1, 1], [2, 0], [3, 1], [4, 2], [5, 2], [6, 1], [7, 2], [8, 2], [9, 3], [10, 3], [11, 4], [12, 4], [13, 5], [14, 6], [15, 7], [16, 7], [17, 8], [18, 9], [19, 10], [20, 11], [21, 12], [22, 13], [23, 14]]
[[0, 0], [1, 0], [2, 0], [3, 0], [4, 1], [5, 0], [6, 1], [7, 2], [8, 2], [9, 3], [10, 4], [11, 5], [12, 6], [13, 5], [14, 6], [15, 7], [16, 8], [17, 9], [18, 10], [19, 11], [20, 12], [21, 13], [22, 13], [23, 14]]
[[0, 0], [1, 1], [2, 1], [3, 1], [4, 2], [5, 3], [6, 2], [7, 3], [8, 4], [9, 5], [10, 5], [11, 6], [12, 6], [13, 7], [14, 8], [15, 7], [16, 8], [17, 8], [18, 9], [19, 10], [20, 11], [21, 12], [22, 13], [23, 14]]
[[0, 0], [1, 0], [2, 0], [3, 0], [4, 1], [5, 1], [6, 2], [7, 3], [8, 4], [9, 5], [10, 6], [11, 7], [12, 7], [13, 7], [14, 8], [15, 9], [16, 8], [17, 8], [18, 9], [19, 10], [20, 11], [21, 12], [22, 13], [23, 14]]
[[0, 0], [1, 1], [2, 0], [3, 1], [4, 2], [5, 1], [6, 2], [7, 3], [8, 4], [9, 5], [10, 6], [11, 6], [12, 6], [13, 7], [14, 8], [15, 7], [16, 8], [17, 9], [18, 9], [19, 10], [20, 11], [21, 12], [22, 13], [23, 14]]
[[0, 0], [1, 1], [2, 2], [3, 1], [4, 1], [5, 2], [6, 1], [7, 1], [8, 2], [9, 3], [10, 4], [11, 5], [12, 6], [13, 7], [14, 8], [15, 9], [16, 8], [17, 9], [18, 10], [19, 11], [20, 11], [21, 12], [22, 13], [23, 14]]
[[0, 0], [1, 0], [2, 1], [3, 0], [4, 1], [5, 1], [6, 0], [7, 1], [8, 2], [9, 3], [10, 4], [11, 5], [12, 6], [13, 7], [14, 8], [15, 9], [16, 10], [17, 11], [18, 12], [19, 13], [20, 12], [21, 12], [22, 13], [23, 14]]
[[0, 0], [1, 1], [2, 2], [3, 3], [4, 2], [5, 2], [6, 1], [7, 1], [8, 2], [9, 3], [10, 4], [11, 5], [12, 6], [13, 7], [14, 8], [15, 9], [16, 9], [17, 9], [18, 9], [19, 10], [20, 11], [21, 12], [22, 13], [23, 14]]
[[0, 0], [1, 1], [2, 1], [3, 0], [4, 1], [5, 2], [6, 2], [7, 3], [8, 2], [9, 3], [10, 4], [11, 4], [12, 5], [13, 6], [14, 7], [15, 7], [16, 8], [17, 9], [18, 10], [19, 11], [20, 12], [21, 12], [22, 13], [23, 14]]
[[0, 0], [1, 0], [2, 1], [3, 0], [4, 1], [5, 2], [6, 2], [7, 2], [8, 2], [9, 3], [10, 3], [11, 3], [12, 4], [13, 5], [14, 6], [15, 7], [16, 7], [17, 8], [18, 9], [19, 10], [20, 11], [21, 12], [22, 13], [23, 14]]
[[0, 0], [1, 1], [2, 0], [3, 1], [4, 1], [5, 1], [6, 2], [7, 3], [8, 4], [9, 4], [10, 3], [11, 3], [12, 4], [13, 4], [14, 5], [15, 6], [16, 7], [17, 8], [18, 8], [19, 9], [20, 10], [20, 11], [21, 12], [22, 13], [23, 14]]
[[0, 0], [1, 1], [2, 1], [3, 1], [4, 2], [5, 3], [6, 2], [7, 2], [8, 2], [9, 3], [10, 4], [10, 5], [11, 6], [12, 6], [13, 6], [14, 7], [15, 7], [16, 8], [17, 8], [18, 9], [18, 10], [19, 11], [20, 11], [21, 12], [22, 13], [23, 14]]
[[0, 0], [1, 1], [2, 0], [3, 1], [4, 2], [5, 1], [6, 2], [7, 3], [8, 4], [9, 4], [10, 4], [11, 5], [11, 6], [12, 6], [13, 7], [14, 8], [15, 7], [16, 7], [17, 8], [18, 9], [19, 9], [20, 10], [21, 11], [22, 12], [22, 13], [23, 14]]
