[[2, 8], [3, 9], [4, 8], [5, 8], [6, 7], [7, 8], [8, 8], [9, 7], [10, 6], [11, 5], [12, 6], [13, 7], [14, 6], [15, 5], [16, 4], [17, 3], [18, 2], [19, 3], [20, 3]]
[[2, 8], [3, 7], [4, 7], [5, 6], [6, 7], [7, 7], [8, 6], [9, 5], [10, 5], [11, 4], [12, 4], [13, 3], [14, 3], [15, 2], [16, 3], [17, 2], [18, 1], [19, 2], [20, 3]]
[[2, 8], [3, 7], [4, 8], [5, 7], [6, 7], [7, 6], [8, 7], [9, 6], [10, 5], [11, 4], [12, 4], [13, 4], [14, 3], [15, 2], [16, 2], [17, 2], [18, 2], [19, 3], [20, 3]]
[[2, 8], [3, 9], [4, 8], [5, 8], [6, 7], [7, 8], [8, 8], [9, 7], [10, 6], [11, 5], [12, 6], [13, 7], [14, 6], [15, 5], [16, 4], [17, 3], [18, 2], [19, 3], [20, 3]]
[[2, 8], [3, 7], [4, 6], [5, 6], [6, 7], [7, 7], [8, 6], [9, 6], [10, 6], [11, 5], [12, 4], [13, 3], [14, 3], [15, 4], [16, 4], [17, 3], [18, 3], [19, 3], [20, 3]]
[[2, 8], [3, 9], [4, 10], [5, 9], [6, 10], [7, 9], [8, 8], [9, 8], [10, 7], [11, 6], [12, 6], [13, 5], [14, 4], [15, 4], [16, 4], [17, 3], [18, 2], [19, 2], [20, 3]]
[[2, 8], [3, 7], [4, 6], [5, 6], [6, 7], [7, 7], [8, 6], [9, 6], [10, 5], [11, 4], [12, 5], [13, 5], [14, 4], [15, 4], [16, 4], [17, 4], [18, 3], [19, 2], [20, 3]]
[[2, 8], [3, 7], [4, 6], [5, 6], [6, 5], [7, 6], [8, 5], [9, 4], [10, 3], [11, 4], [12, 4], [13, 3], [14, 2], [15, 3], [16, 3], [17, 3], [18, 2], [19, 2], [20, 3]]
[[2, 8], [3, 7], [4, 7], [5, 8], [6, 7], [7, 6], [8, 7], [9, 8], [10, 7], [11, 7], [12, 6], [13, 5], [14, 4], [15, 3], [16, 3], [17, 2], [18, 3], [19, 2], [20, 3]]
[[2, 8], [3, 7], [4, 8], [5, 7], [6, 6], [7, 6], [8, 6], [9, 6], [10, 6], [11, 6], [12, 5], [13, 4], [14, 3], [15, 3], [16, 4], [17, 4], [18, 3], [19, 2], [20, 3]]
[[2, 8], [3, 7], [4, 8], [5, 9], [6, 8], [7, 7], [8, 7], [9, 7], [10, 6], [11, 5], [12, 5], [13, 5], [14, 5], [15, 4], [16, 3], [17, 2], [18, 2], [19, 2], [20, 3]]
[[2, 8], [3, 7], [4, 6], [5, 6], [6, 5], [7, 5], [8, 5], [9, 6], [10, 6], [11, 6], [12, 5], [13, 4], [14, 3], [15, 3], [16, 2], [17, 1], [18, 2], [19, 3], [20, 3]]
[[2, 8], [3, 7], [4, 7], [5, 6], [6, 7], [7, 6], [8, 7], [9, 7], [10, 7], [11, 6], [12, 5], [13, 5], [14, 4], [15, 3], [16, 3], [17, 2], [18, 2], [19, 3], [20, 3]]
[[2, 8], [3, 9], [4, 8], [5, 9], [6, 8], [7, 7], [8, 6], [9, 6], [10, 7], [11, 7], [12, 7], [13, 7], [14, 6], [15, 5], [16, 4], [17, 4], [18, 3], [19, 3], [20, 3]]
[[2, 8], [3, 7], [4, 8], [5, 7], [6, 7], [7, 7], [8, 8], [9, 7], [10, 7], [11, 6], [12, 6], [13, 6], [14, 6], [15, 5], [16, 5], [17, 4], [18, 3], [19, 3], [20, 3]]
[[2, 8], [3, 7], [4, 7], [5, 8], [6, 7], [7, 8], [8, 8], [9, 7], [10, 6], [11, 5], [12, 5], [13, 5], [14, 4], [15, 4], [16, 3], [17, 2], [18, 1], [19, 2], [20, 3]]
[[2, 8], [3, 9], [4, 8], [5, 8], [6, 7], [7, 7], [8, 7], [9, 6], [10, 6], [11, 6], [12, 5], [13, 5], [14, 4], [15, 3], [16, 3], [16, 2], [17, 1], [18, 2], [19, 3], [20, 3]]
[[2, 8], [3, 9], [4, 8], [5, 7], [6, 6], [7, 7], [8, 7], [9, 6], [10, 5], [9, 6], [10, 5], [11, 5], [12, 5], [13, 5], [14, 4], [15, 3], [16, 2], [17, 2], [18, 3], [19, 3], [20, 3]]
[[2, 8], [3, 9], [4, 8], [4, 9], [5, 9], [6, 8], [6, 7], [7, 7], [8, 6], [9, 6], [10, 5], [11, 5], [12, 6], [13, 6], [13, 5], [14, 5], [15, 5], [15, 6], [16, 6], [17, 7], [18, 6], [19, 5], [20, 4], [20, 3]]
[[2, 8], [3, 7], [4, 6], [4, 5], [5, 5], [4, 4], [4, 3], [4, 2], [5, 1], [6, 0], [7, 1], [8, 0], [9, 1], [10, 2], [11, 2], [12, 1], [13, 0], [14, 1], [14, 0], [15, 1], [16, 0], [17, 1], [18, 2], [19, 2], [20, 3]]
