[[18, 17], [17, 16], [16, 15], [16, 14], [15, 13], [14, 12], [13, 11], [14, 10], [13, 9], [14, 8], [15, 7], [14, 6], [14, 5]]
[[18, 17], [19, 16], [18, 15], [17, 14], [16, 13], [15, 12], [16, 11], [16, 10], [15, 9], [14, 8], [15, 7], [14, 6], [14, 5]]
[[18, 17], [17, 16], [17, 15], [16, 14], [15, 13], [14, 12], [13, 11], [14, 10], [13, 9], [14, 8], [15, 7], [14, 6], [14, 5]]
[[18, 17], [17, 16], [17, 15], [18, 14], [17, 13], [16, 12], [15, 11], [14, 10], [15, 9], [14, 8], [15, 7], [15, 6], [14, 5]]
[[18, 17], [17, 16], [16, 15], [16, 14], [15, 13], [14, 12], [13, 11], [14, 10], [13, 9], [14, 8], [15, 7], [14, 6], [14, 5]]
[[18, 17], [17, 16], [16, 15], [16, 14], [15, 13], [15, 12], [14, 11], [14, 10], [14, 9], [15, 8], [16, 7], [15, 6], [14, 5]]
[[18, 17], [19, 16], [18, 15], [17, 14], [16, 13], [16, 12], [15, 11], [15, 10], [15, 9], [14, 8], [13, 7], [13, 6], [14, 5]]
[[18, 17], [17, 16], [18, 15], [17, 14], [16, 13], [15, 12], [15, 11], [15, 10], [15, 9], [14, 8], [13, 7], [13, 6], [14, 5]]
[[18, 17], [17, 16], [16, 15], [15, 14], [14, 13], [13, 12], [14, 11], [15, 10], [16, 9], [16, 8], [15, 7], [14, 6], [14, 5]]
[[18, 17], [17, 16], [18, 15], [17, 14], [16, 13], [16, 12], [16, 11], [15, 10], [16, 9], [16, 8], [16, 7], [15, 6], [14, 5]]
[[18, 17], [17, 16], [16, 15], [16, 14], [16, 13], [15, 12], [15, 11], [14, 10], [13, 9], [14, 8], [15, 7], [14, 6], [14, 5]]
[[18, 17], [17, 16], [17, 15], [17, 14], [16, 13], [16, 12], [15, 11], [16, 10], [16, 9], [16, 8], [15, 7], [15, 6], [14, 5]]
[[18, 17], [17, 16], [16, 15], [16, 14], [15, 13], [15, 12], [16, 11], [16, 10], [16, 9], [15, 8], [16, 7], [15, 6], [14, 5]]
[[18, 17], [17, 16], [16, 15], [15, 14], [16, 13], [15, 12], [16, 11], [16, 10], [17, 9], [16, 8], [15, 7], [15, 6], [14, 5]]
[[18, 17], [17, 16], [16, 15], [15, 14], [15, 13], [14, 12], [13, 11], [12, 10], [13, 9], [14, 8], [13, 7], [13, 6], [14, 5]]
[[18, 17], [17, 16], [16, 15], [15, 14], [14, 13], [14, 12], [13, 11], [12, 10], [13, 9], [12, 8], [12, 7], [13, 6], [14, 5]]
[[18, 17], [19, 16], [18, 15], [17, 14], [16, 13], [15, 12], [14, 11], [15, 10], [15, 9], [15, 8], [15, 7], [15, 6], [14, 5]]
[[18, 17], [17, 16], [17, 15], [16, 14], [16, 13], [15, 13], [14, 12], [15, 11], [14, 10], [13, 9], [14, 8], [15, 7], [14, 6], [14, 5]]
[[18, 17], [17, 16], [18, 15], [18, 14], [17, 14], [16, 14], [16, 13], [15, 13], [15, 12], [15, 11], [14, 10], [14, 9], [13, 9], [12, 8], [12, 7], [13, 6], [14, 5]]
[[18, 17], [19, 16], [18, 15], [17, 14], [16, 14], [16, 13], [17, 12], [17, 11], [18, 11], [19, 10], [18, 11], [19, 10], [18, 9], [18, 8], [17, 9], [17, 8], [17, 9], [16, 8], [16, 7], [15, 6], [14, 5]]
