[[3, 3], [4, 2], [5, 3], [6, 2], [7, 2], [8, 3], [9, 2], [10, 2], [11, 3], [12, 2], [13, 3], [14, 4], [15, 3], [16, 2], [17, 1], [18, 1], [19, 2], [20, 1], [21, 2], [22, 3]]
[[3, 3], [4, 2], [5, 2], [6, 1], [7, 1], [8, 2], [9, 3], [10, 3], [11, 4], [12, 5], [13, 5], [14, 4], [15, 3], [16, 3], [17, 2], [18, 1], [19, 2], [20, 1], [21, 2], [22, 3]]
[[3, 3], [4, 2], [5, 2], [6, 3], [7, 3], [8, 2], [9, 2], [10, 3], [11, 3], [12, 4], [13, 4], [14, 4], [15, 3], [16, 2], [17, 2], [18, 1], [19, 0], [20, 1], [21, 2], [22, 3]]
[[3, 3], [4, 2], [5, 3], [6, 2], [7, 2], [8, 3], [9, 2], [10, 2], [11, 3], [12, 2], [13, 3], [14, 4], [15, 3], [16, 2], [17, 2], [18, 1], [19, 0], [20, 1], [21, 2], [22, 3]]
[[3, 3], [4, 2], [5, 2], [6, 3], [7, 3], [8, 3], [9, 2], [10, 1], [11, 2], [12, 2], [13, 2], [14, 2], [15, 3], [16, 2], [17, 2], [18, 1], [19, 2], [20, 2], [21, 2], [22, 3]]
[[3, 3], [4, 2], [5, 3], [6, 2], [7, 2], [8, 3], [9, 2], [10, 2], [11, 3], [12, 2], [13, 3], [14, 4], [15, 3], [16, 2], [17, 1], [18, 1], [19, 2], [20, 1], [21, 2], [22, 3]]
[[3, 3], [4, 2], [5, 3], [6, 2], [7, 2], [8, 3], [9, 2], [10, 2], [11, 2], [12, 3], [13, 2], [14, 2], [15, 2], [16, 2], [17, 2], [18, 1], [19, 2], [20, 1], [21, 2], [22, 3]]
[[3, 3], [4, 4], [5, 4], [6, 3], [7, 4], [8, 3], [9, 4], [10, 4], [11, 3], [12, 3], [13, 2], [14, 2], [15, 2], [16, 1], [17, 0], [18, 1], [19, 2], [20, 1], [21, 2], [22, 3]]
[[3, 3], [4, 2], [5, 3], [6, 2], [7, 1], [8, 1], [9, 0], [10, 0], [11, 1], [12, 2], [13, 3], [14, 2], [15, 1], [16, 2], [17, 2], [18, 1], [19, 0], [20, 1], [21, 2], [22, 3]]
[[3, 3], [4, 4], [5, 4], [6, 5], [7, 4], [8, 3], [9, 4], [10, 3], [11, 2], [12, 1], [13, 2], [14, 2], [15, 2], [16, 1], [17, 2], [18, 3], [19, 2], [20, 2], [21, 2], [22, 3]]
[[3, 3], [4, 2], [5, 2], [6, 3], [7, 3], [8, 3], [9, 3], [10, 2], [11, 3], [12, 2], [13, 3], [14, 2], [15, 1], [16, 2], [17, 1], [18, 1], [19, 2], [20, 3], [21, 4], [22, 3]]
[[3, 3], [4, 2], [5, 3], [6, 3], [7, 2], [8, 2], [9, 2], [10, 2], [11, 3], [12, 4], [13, 3], [14, 4], [15, 3], [16, 2], [17, 1], [18, 1], [19, 1], [20, 1], [21, 2], [22, 3]]
[[3, 3], [4, 4], [5, 3], [6, 3], [7, 4], [8, 4], [9, 4], [10, 3], [11, 2], [12, 2], [13, 2], [14, 3], [15, 2], [16, 1], [17, 0], [18, 1], [19, 0], [20, 1], [21, 2], [22, 3]]
[[3, 3], [4, 2], [5, 2], [6, 1], [7, 2], [8, 2], [9, 2], [10, 2], [11, 3], [12, 4], [13, 3], [14, 3], [15, 2], [16, 1], [17, 2], [18, 1], [19, 2], [20, 1], [21, 2], [22, 3]]
[[3, 3], [4, 2], [5, 3], [6, 3], [7, 3], [8, 4], [9, 5], [10, 4], [11, 4], [12, 3], [13, 3], [14, 3], [15, 2], [16, 1], [17, 1], [18, 0], [19, 0], [20, 1], [21, 2], [22, 3]]
[[3, 3], [4, 2], [5, 2], [6, 3], [7, 3], [8, 2], [9, 2], [10, 1], [11, 1], [12, 1], [12, 2], [13, 3], [14, 2], [15, 3], [16, 2], [17, 1], [18, 0], [19, 0], [20, 1], [21, 2], [22, 3]]
[[3, 3], [4, 2], [5, 3], [5, 2], [5, 1], [6, 1], [7, 2], [8, 2], [9, 2], [10, 1], [11, 0], [12, 0], [13, 0], [14, 0], [15, 1], [16, 2], [17, 1], [18, 1], [19, 2], [20, 1], [21, 2], [22, 3]]
[[3, 3], [4, 2], [5, 2], [6, 3], [7, 3], [8, 2], [9, 2], [10, 3], [11, 2], [12, 2], [13, 2], [14, 2], [15, 1], [15, 2], [16, 1], [17, 1], [18, 0], [19, 1], [19, 2], [19, 1], [20, 0], [21, 1], [21, 2], [22, 3]]
[[3, 3], [3, 4], [4, 4], [5, 4], [6, 3], [7, 2], [8, 1], [9, 2], [10, 3], [11, 4], [12, 3], [13, 2], [12, 2], [13, 3], [14, 4], [15, 3], [16, 2], [16, 1], [15, 1], [16, 1], [17, 1], [18, 0], [19, 1], [20, 2], [21, 1], [22, 2], [23, 3], [22, 3]]
[[3, 3], [3, 4], [4, 4], [5, 3], [6, 3], [5, 4], [6, 3], [7, 2], [8, 3], [9, 2], [10, 1], [11, 0], [12, 1], [13, 2], [14, 1], [15, 2], [16, 2], [16, 1], [16, 0], [17, 1], [18, 1], [18, 0], [19, 0], [20, 1], [20, 2], [21, 1], [21, 2], [22, 2], [23, 3], [22, 3]]
