[[16, 13], [15, 12], [14, 11], [13, 10], [12, 9], [13, 8]]
[[16, 13], [15, 12], [14, 11], [13, 10], [12, 9], [13, 8]]
[[16, 13], [15, 12], [14, 11], [13, 10], [14, 9], [13, 8]]
[[16, 13], [15, 12], [14, 11], [13, 10], [12, 9], [13, 8]]
[[16, 13], [15, 12], [14, 11], [13, 10], [14, 9], [13, 8]]
[[16, 13], [15, 12], [14, 11], [13, 10], [13, 9], [13, 8]]
[[16, 13], [15, 12], [14, 11], [13, 10], [14, 9], [13, 8]]
[[16, 13], [15, 12], [14, 11], [13, 10], [12, 9], [13, 8]]
[[16, 13], [15, 12], [15, 11], [15, 10], [14, 9], [13, 8]]
[[16, 13], [15, 12], [14, 11], [15, 10], [14, 9], [13, 8]]
[[16, 13], [15, 12], [14, 11], [13, 10], [12, 9], [13, 8]]
[[16, 13], [16, 12], [15, 12], [15, 11], [15, 10], [14, 9], [13, 8]]
[[16, 13], [17, 13], [17, 12], [17, 11], [16, 10], [15, 9], [14, 9], [14, 8], [13, 9], [12, 9], [11, 8], [10, 8], [10, 7], [11, 7], [11, 6], [10, 5], [9, 6], [9, 5], [10, 6], [11, 5], [12, 5], [12, 6], [13, 7], [13, 8]]
[[16, 13], [17, 13], [16, 14], [16, 15], [17, 14], [17, 15], [16, 16], [15, 17], [16, 18], [17, 18], [16, 17], [17, 16], [17, 17], [18, 16], [18, 15], [19, 16], [20, 17], [21, 17], [21, 18], [22, 19], [23, 18], [22, 17], [23, 16], [24, 16], [24, 15], [23, 14], [24, 14], [24, 13], [23, 12], [22, 13], [22, 12], [22, 11], [23, 10], [24, 10], [23, 9], [22, 8], [21, 8], [20, 8], [19, 9], [18, 8], [17, 8], [16, 8], [15, 9], [15, 8], [14, 9], [13, 10], [12, 9], [13, 8]]
[[16, 13], [15, 13], [16, 12], [15, 11], [14, 12], [14, 13], [13, 14], [13, 15], [13, 16], [14, 17], [14, 16], [14, 15], [14, 14], [15, 13], [16, 14], [17, 14], [16, 13], [17, 14], [18, 15], [17, 14], [16, 15], [17, 15], [18, 15], [18, 16], [17, 17], [18, 18], [17, 18], [16, 19], [15, 19], [16, 18], [15, 17], [14, 17], [14, 18], [13, 19], [12, 18], [11, 19], [12, 18], [11, 17], [12, 16], [12, 15], [12, 16], [13, 15], [14, 15], [13, 14], [12, 15], [13, 16], [14, 17], [13, 16], [12, 17], [12, 18], [11, 17], [10, 18], [9, 17], [8, 18], [8, 17], [9, 18], [8, 17], [8, 16], [7, 15], [8, 15], [7, 16], [8, 16], [7, 15], [6, 15], [5, 16], [4, 16], [3, 17], [3, 16], [2, 16], [3, 17], [2, 18], [3, 19], [3, 18], [2, 17], [1, 17], [2, 17], [1, 16], [0, 16], [0, 15], [1, 14], [2, 15], [3, 15], [4, 14], [4, 13], [3, 14], [4, 15], [3, 15], [4, 14], [3, 13], [2, 12], [1, 13], [2, 13], [1, 13], [2, 12], [3, 12], [3, 13], [4, 12], [5, 12], [5, 11], [6, 10], [7, 11], [8, 11], [9, 11], [10, 10], [9, 11], [8, 10], [9, 9], [8, 9], [7, 9], [6, 10], [6, 11], [5, 11], [5, 10], [5, 9], [4, 9], [3, 8], [2, 7], [3, 6], [3, 5], [2, 4], [1, 5], [1, 4], [0, 4], [1, 3], [2, 2], [1, 2], [2, 3], [3, 4], [2, 3], [2, 2], [3, 2], [3, 1], [4, 1], [3, 0], [4, 1], [5, 2], [6, 3], [7, 2], [8, 3], [8, 2], [9, 1], [10, 2], [11, 2], [12, 3], [11, 3], [11, 2], [12, 2], [13, 2], [13, 3], [14, 4], [13, 5], [13, 4], [14, 5], [13, 5], [13, 4], [12, 4], [13, 4], [12, 4], [13, 4], [12, 4], [13, 3], [14, 2], [13, 1], [12, 1], [12, 0], [11, 0], [10, 0], [9, 0], [8, 0], [7, 1], [6, 0], [7, 0], [7, 1], [8, 0], [9, 1], [9, 2], [9, 1], [8, 2], [9, 3], [9, 4], [9, 5], [8, 6], [9, 6], [9, 7], [10, 7], [10, 6], [11, 5], [10, 6], [11, 7], [12, 7], [13, 7], [13, 8], [14, 7], [13, 6], [14, 7], [13, 8]]
