[[23, 1], [22, 0], [21, 0], [20, 0], [19, 1], [18, 1], [17, 0], [16, 0], [15, 0], [14, 0], [13, 1], [12, 1], [11, 1], [10, 2], [9, 1], [8, 2], [7, 1], [6, 0], [5, 0]]
[[23, 1], [22, 0], [21, 0], [20, 0], [19, 0], [18, 0], [17, 1], [16, 0], [15, 0], [14, 0], [13, 1], [12, 2], [11, 1], [10, 2], [9, 1], [8, 1], [7, 1], [6, 0], [5, 0]]
[[23, 1], [22, 0], [21, 0], [20, 1], [19, 0], [18, 1], [17, 0], [16, 1], [15, 2], [14, 3], [13, 2], [12, 1], [11, 0], [10, 1], [9, 1], [8, 1], [7, 1], [6, 1], [5, 0]]
[[23, 1], [22, 0], [21, 1], [20, 2], [19, 1], [18, 2], [17, 3], [16, 3], [15, 2], [14, 2], [13, 1], [12, 2], [11, 1], [10, 0], [9, 1], [8, 1], [7, 0], [6, 1], [5, 0]]
[[23, 1], [22, 0], [21, 0], [20, 0], [19, 1], [18, 1], [17, 0], [16, 0], [15, 0], [14, 0], [13, 1], [12, 1], [11, 1], [10, 2], [9, 1], [8, 2], [7, 1], [6, 0], [5, 0]]
[[23, 1], [22, 0], [21, 0], [20, 0], [19, 1], [18, 2], [17, 1], [16, 1], [15, 2], [14, 2], [13, 1], [12, 1], [11, 2], [10, 1], [9, 1], [8, 1], [7, 2], [6, 1], [5, 0]]
[[23, 1], [22, 2], [21, 2], [20, 1], [19, 2], [18, 2], [17, 1], [16, 1], [15, 0], [14, 0], [13, 1], [12, 1], [11, 1], [10, 2], [9, 1], [8, 1], [7, 0], [6, 0], [5, 0]]
[[23, 1], [22, 0], [21, 1], [20, 2], [19, 1], [18, 0], [17, 1], [16, 0], [15, 0], [14, 0], [13, 0], [12, 1], [11, 1], [10, 0], [9, 1], [8, 2], [7, 1], [6, 0], [5, 0]]
[[23, 1], [22, 2], [21, 1], [20, 1], [19, 1], [18, 0], [17, 1], [16, 0], [15, 1], [14, 0], [13, 1], [12, 1], [11, 1], [10, 2], [9, 1], [8, 1], [7, 0], [6, 0], [5, 0]]
[[23, 1], [22, 0], [21, 0], [20, 0], [19, 1], [18, 1], [17, 0], [16, 0], [15, 1], [14, 0], [13, 1], [12, 1], [11, 1], [10, 2], [9, 3], [8, 2], [7, 1], [6, 1], [5, 0]]
[[23, 1], [22, 0], [21, 1], [20, 2], [19, 1], [18, 0], [17, 1], [16, 1], [15, 1], [14, 0], [13, 0], [12, 0], [11, 1], [10, 0], [9, 0], [8, 1], [7, 0], [6, 0], [5, 0]]
[[23, 1], [22, 0], [21, 1], [20, 1], [19, 2], [18, 1], [17, 0], [16, 1], [15, 1], [14, 0], [13, 0], [12, 1], [11, 0], [10, 0], [9, 0], [8, 1], [7, 0], [6, 1], [5, 0]]
[[23, 1], [22, 0], [21, 0], [20, 1], [19, 1], [18, 1], [17, 1], [16, 1], [15, 1], [14, 0], [13, 0], [12, 0], [11, 1], [10, 2], [9, 1], [8, 1], [7, 0], [6, 1], [5, 0]]
[[23, 1], [22, 2], [21, 3], [20, 4], [19, 3], [18, 2], [17, 2], [16, 1], [15, 1], [14, 0], [13, 0], [12, 0], [11, 1], [10, 2], [9, 1], [8, 1], [7, 1], [6, 0], [5, 0]]
[[23, 1], [22, 0], [21, 1], [20, 0], [19, 0], [18, 0], [17, 1], [16, 1], [15, 1], [14, 2], [13, 2], [12, 2], [11, 2], [10, 1], [9, 0], [8, 1], [7, 2], [6, 1], [5, 0]]
[[23, 1], [22, 0], [21, 1], [20, 1], [19, 0], [18, 1], [17, 1], [16, 1], [15, 1], [14, 0], [13, 0], [12, 1], [11, 2], [10, 1], [9, 1], [8, 1], [7, 0], [6, 0], [5, 0]]
[[23, 1], [22, 2], [21, 1], [20, 0], [19, 0], [18, 0], [17, 1], [16, 1], [15, 2], [14, 3], [13, 2], [12, 1], [11, 2], [10, 2], [9, 3], [8, 3], [7, 2], [6, 1], [5, 0]]
[[23, 1], [22, 0], [21, 1], [20, 0], [19, 1], [18, 2], [17, 1], [16, 1], [15, 1], [14, 0], [13, 1], [12, 2], [12, 1], [11, 2], [10, 2], [9, 1], [8, 2], [7, 1], [6, 0], [5, 0]]
[[23, 1], [22, 2], [21, 2], [21, 1], [21, 2], [20, 1], [19, 0], [18, 1], [17, 1], [16, 1], [15, 1], [15, 0], [14, 0], [13, 0], [12, 0], [12, 1], [11, 0], [10, 1], [11, 1], [10, 1], [9, 0], [8, 1], [7, 1], [6, 1], [5, 0]]
[[23, 1], [22, 0], [21, 0], [20, 0], [21, 0], [20, 0], [19, 1], [19, 0], [18, 1], [19, 1], [18, 1], [17, 1], [17, 2], [16, 1], [15, 1], [14, 0], [13, 1], [12, 0], [12, 1], [11, 1], [10, 2], [9, 1], [8, 1], [7, 2], [6, 1], [5, 0]]
