[[15, 14], [16, 13], [17, 14], [18, 15], [19, 15], [20, 14], [21, 13], [22, 12], [23, 11], [24, 11], [25, 10], [26, 10], [27, 9], [28, 8], [29, 9]]
[[15, 14], [16, 13], [17, 12], [18, 13], [19, 14], [20, 13], [21, 13], [22, 14], [23, 13], [24, 12], [25, 11], [26, 10], [27, 9], [28, 8], [29, 9]]
[[15, 14], [16, 15], [17, 16], [18, 15], [19, 14], [20, 13], [21, 13], [22, 13], [23, 12], [24, 12], [25, 12], [26, 12], [27, 11], [28, 10], [29, 9]]
[[15, 14], [16, 13], [17, 14], [18, 15], [19, 15], [20, 14], [21, 13], [22, 12], [23, 11], [24, 11], [25, 10], [26, 10], [27, 9], [28, 8], [29, 9]]
[[15, 14], [16, 15], [17, 15], [18, 14], [19, 14], [20, 13], [21, 12], [22, 11], [23, 11], [24, 12], [25, 11], [26, 11], [27, 11], [28, 10], [29, 9]]
[[15, 14], [16, 14], [17, 14], [18, 13], [19, 12], [20, 13], [21, 13], [22, 14], [23, 13], [24, 12], [25, 11], [26, 10], [27, 9], [28, 10], [29, 9]]
[[15, 14], [16, 13], [17, 13], [18, 12], [19, 12], [20, 12], [21, 12], [22, 12], [23, 13], [24, 12], [25, 12], [26, 11], [27, 10], [28, 9], [29, 9]]
[[15, 14], [16, 13], [17, 12], [18, 11], [19, 11], [20, 12], [21, 11], [22, 10], [23, 11], [24, 11], [25, 10], [26, 10], [27, 9], [28, 10], [29, 9]]
[[15, 14], [16, 14], [17, 13], [18, 13], [19, 12], [20, 12], [21, 11], [22, 10], [23, 10], [24, 9], [25, 9], [26, 10], [27, 11], [28, 10], [29, 9]]
[[15, 14], [16, 15], [17, 15], [18, 14], [19, 13], [20, 13], [21, 14], [22, 13], [23, 12], [24, 12], [25, 11], [26, 11], [27, 10], [28, 9], [29, 9]]
[[15, 14], [16, 14], [17, 15], [18, 15], [19, 14], [20, 13], [21, 12], [22, 13], [23, 12], [24, 11], [25, 12], [26, 12], [27, 11], [28, 10], [29, 9]]
[[15, 14], [16, 13], [17, 13], [18, 12], [19, 13], [20, 14], [21, 13], [22, 12], [23, 11], [24, 11], [25, 12], [26, 11], [27, 10], [28, 9], [29, 9]]
[[15, 14], [16, 13], [17, 12], [18, 11], [19, 10], [20, 11], [21, 11], [22, 11], [23, 10], [24, 9], [25, 10], [26, 9], [27, 10], [28, 9], [29, 9]]
[[15, 14], [16, 13], [17, 14], [18, 13], [19, 12], [20, 13], [21, 12], [22, 13], [23, 13], [24, 12], [25, 12], [26, 11], [27, 10], [28, 10], [29, 9]]
[[15, 14], [16, 15], [17, 15], [18, 15], [19, 14], [20, 14], [21, 13], [22, 12], [23, 11], [24, 11], [25, 10], [26, 9], [27, 9], [28, 9], [29, 9]]
[[15, 14], [16, 13], [17, 12], [18, 11], [19, 11], [20, 11], [21, 11], [22, 12], [23, 12], [24, 11], [25, 10], [26, 10], [27, 9], [28, 8], [29, 9]]
[[15, 14], [16, 13], [17, 12], [18, 12], [19, 13], [20, 14], [21, 14], [22, 13], [22, 12], [23, 13], [24, 12], [25, 12], [26, 11], [26, 10], [27, 9], [28, 10], [29, 9]]
[[15, 14], [16, 14], [16, 13], [17, 12], [18, 12], [19, 13], [20, 12], [21, 12], [22, 11], [22, 10], [23, 9], [24, 9], [25, 10], [26, 9], [27, 8], [28, 8], [29, 9]]
[[15, 14], [16, 13], [17, 13], [18, 14], [19, 15], [20, 14], [21, 14], [22, 13], [22, 14], [23, 13], [24, 13], [25, 12], [26, 11], [27, 10], [28, 9], [28, 8], [29, 9]]
[[15, 14], [16, 14], [17, 14], [18, 15], [19, 14], [20, 14], [21, 13], [21, 12], [22, 12], [23, 11], [23, 10], [24, 10], [24, 9], [25, 10], [26, 10], [27, 10], [28, 9], [29, 8], [29, 9]]
