[[14, 6], [13, 5], [12, 4], [11, 3], [10, 2], [9, 1], [8, 1], [7, 0], [6, 0]]
[[14, 6], [13, 5], [12, 5], [11, 4], [10, 3], [9, 2], [8, 1], [7, 0], [6, 0]]
[[14, 6], [13, 5], [12, 5], [11, 4], [10, 3], [9, 2], [8, 1], [7, 0], [6, 0]]
[[14, 6], [13, 5], [12, 4], [11, 3], [10, 3], [9, 2], [8, 1], [7, 0], [6, 0]]
[[14, 6], [13, 5], [12, 4], [11, 3], [10, 2], [9, 1], [8, 1], [7, 0], [6, 0]]
[[14, 6], [13, 6], [12, 5], [11, 4], [10, 3], [9, 2], [8, 1], [7, 0], [6, 0]]
[[14, 6], [13, 6], [12, 5], [11, 4], [10, 3], [9, 2], [8, 1], [7, 0], [6, 0]]
[[14, 6], [13, 5], [12, 4], [11, 3], [10, 2], [9, 2], [8, 1], [7, 0], [6, 0]]
[[14, 6], [13, 5], [12, 4], [11, 3], [10, 2], [9, 2], [8, 1], [7, 0], [6, 0]]
[[14, 6], [13, 5], [12, 5], [11, 4], [10, 3], [9, 2], [8, 1], [7, 0], [6, 0]]
[[14, 6], [13, 5], [12, 4], [11, 3], [10, 2], [9, 1], [8, 1], [7, 0], [6, 0]]
[[14, 6], [13, 5], [12, 4], [11, 3], [10, 2], [9, 1], [8, 1], [7, 0], [6, 0]]
[[14, 6], [13, 5], [12, 4], [11, 3], [10, 2], [9, 1], [8, 1], [7, 0], [6, 0]]
[[14, 6], [14, 5], [13, 4], [12, 4], [11, 4], [10, 3], [9, 3], [8, 2], [8, 1], [7, 0], [6, 0]]
[[14, 6], [13, 6], [12, 5], [11, 4], [11, 3], [10, 3], [10, 2], [9, 2], [8, 1], [7, 0], [6, 0]]
[[14, 6], [14, 5], [13, 5], [12, 5], [11, 4], [11, 3], [10, 2], [9, 3], [9, 2], [8, 1], [7, 0], [6, 0]]
[[14, 6], [14, 7], [15, 7], [14, 6], [13, 6], [13, 5], [12, 5], [11, 4], [10, 5], [10, 4], [9, 3], [8, 2], [9, 1], [9, 2], [10, 1], [11, 1], [11, 0], [10, 1], [9, 1], [8, 1], [7, 2], [8, 2], [9, 3], [8, 2], [8, 1], [7, 0], [6, 0]]
[[14, 6], [15, 7], [14, 7], [13, 6], [12, 6], [11, 7], [10, 6], [10, 7], [9, 6], [9, 7], [8, 8], [7, 9], [6, 8], [7, 7], [8, 7], [9, 8], [10, 8], [11, 8], [12, 7], [13, 8], [14, 9], [13, 10], [13, 9], [14, 8], [15, 8], [15, 9], [16, 10], [15, 10], [14, 10], [13, 11], [12, 11], [11, 10], [12, 9], [11, 9], [10, 10], [11, 11], [11, 12], [12, 12], [12, 13], [12, 14], [13, 15], [14, 15], [15, 15], [15, 16], [16, 15], [17, 15], [18, 14], [19, 14], [18, 15], [19, 16], [18, 16], [17, 17], [16, 18], [16, 17], [17, 18], [18, 17], [18, 18], [18, 19], [17, 19], [16, 19], [15, 19], [14, 19], [13, 18], [12, 18], [12, 17], [11, 16], [11, 15], [10, 16], [9, 17], [10, 18], [9, 18], [10, 19], [9, 19], [8, 18], [7, 18], [6, 19], [5, 18], [6, 17], [5, 17], [4, 18], [4, 17], [3, 17], [2, 16], [2, 15], [3, 14], [4, 13], [3, 12], [2, 11], [2, 12], [3, 11], [4, 10], [5, 10], [6, 11], [5, 11], [6, 12], [7, 11], [8, 11], [8, 12], [7, 12], [6, 13], [5, 14], [6, 14], [5, 13], [5, 12], [4, 11], [3, 10], [2, 10], [1, 9], [0, 9], [1, 10], [2, 9], [2, 8], [3, 7], [2, 6], [3, 5], [4, 5], [3, 4], [2, 4], [1, 4], [1, 5], [0, 5], [0, 6], [1, 7], [1, 6], [2, 7], [3, 6], [4, 7], [4, 8], [5, 9], [5, 8], [6, 9], [6, 8], [6, 7], [7, 6], [7, 7], [8, 7], [9, 7], [10, 6], [10, 5], [10, 4], [9, 5], [9, 6], [8, 5], [8, 6], [7, 5], [8, 4], [9, 3], [10, 3], [11, 3], [10, 2], [9, 2], [9, 1], [8, 2], [8, 1], [7, 2], [8, 3], [7, 3], [6, 4], [5, 5], [5, 4], [4, 3], [3, 3], [2, 2], [1, 2], [0, 2], [0, 1], [1, 0], [1, 1], [2, 1], [3, 2], [3, 1], [4, 1], [5, 1], [6, 2], [6, 1], [7, 0], [6, 0]]
