[[26, 9], [27, 8], [26, 7], [26, 6], [25, 5], [26, 4], [27, 3], [26, 2]]
[[26, 9], [26, 8], [26, 7], [26, 6], [26, 5], [26, 4], [27, 3], [26, 2]]
[[26, 9], [25, 8], [26, 7], [25, 6], [24, 5], [25, 4], [25, 3], [26, 2]]
[[26, 9], [26, 8], [26, 7], [26, 6], [27, 5], [28, 4], [27, 3], [26, 2]]
[[26, 9], [25, 8], [24, 7], [24, 6], [25, 5], [25, 4], [25, 3], [26, 2]]
[[26, 9], [27, 8], [28, 7], [27, 6], [27, 5], [26, 4], [27, 3], [26, 2]]
[[26, 9], [26, 8], [26, 7], [26, 6], [25, 5], [26, 4], [25, 3], [26, 2]]
[[26, 9], [27, 8], [26, 7], [26, 6], [25, 5], [26, 4], [27, 3], [26, 2]]
[[26, 9], [26, 8], [26, 7], [26, 6], [26, 5], [26, 4], [27, 3], [26, 2]]
[[26, 9], [25, 8], [26, 7], [27, 6], [26, 5], [25, 4], [25, 3], [26, 2]]
[[26, 9], [27, 8], [26, 7], [26, 6], [27, 5], [28, 4], [27, 4], [28, 4], [27, 3], [26, 2]]
[[26, 9], [26, 8], [25, 8], [24, 7], [23, 6], [24, 5], [25, 4], [26, 4], [25, 3], [26, 2]]
[[26, 9], [25, 8], [26, 7], [25, 6], [26, 5], [26, 4], [25, 4], [26, 3], [26, 2], [25, 3], [26, 2]]
[[26, 9], [25, 9], [24, 8], [24, 7], [25, 6], [25, 5], [24, 4], [25, 5], [26, 4], [27, 4], [26, 3], [26, 2]]
[[26, 9], [25, 8], [25, 7], [26, 6], [26, 5], [25, 4], [24, 3], [25, 3], [24, 3], [25, 3], [25, 2], [26, 2]]
[[26, 9], [25, 8], [24, 7], [25, 6], [24, 6], [25, 5], [24, 5], [23, 4], [24, 4], [25, 3], [25, 4], [26, 3], [26, 2]]
[[26, 9], [25, 10], [24, 11], [24, 10], [23, 11], [22, 10], [21, 9], [20, 9], [20, 8], [21, 8], [21, 7], [21, 6], [22, 5], [22, 4], [23, 4], [22, 3], [23, 3], [22, 3], [23, 3], [24, 3], [24, 4], [25, 3], [26, 2]]
[[26, 9], [27, 9], [27, 8], [26, 8], [25, 7], [24, 7], [25, 8], [24, 9], [25, 10], [25, 11], [26, 12], [26, 11], [26, 10], [27, 11], [28, 11], [28, 10], [28, 9], [28, 8], [27, 8], [26, 7], [25, 7], [25, 6], [26, 5], [25, 4], [24, 3], [24, 2], [23, 2], [23, 1], [22, 2], [21, 1], [20, 0], [19, 0], [20, 1], [21, 0], [22, 1], [23, 0], [24, 0], [25, 1], [26, 0], [25, 0], [24, 1], [25, 2], [26, 2]]
[[26, 9], [26, 10], [26, 11], [27, 10], [28, 11], [27, 11], [28, 10], [27, 9], [26, 8], [26, 7], [25, 6], [24, 6], [24, 7], [24, 8], [23, 9], [22, 9], [22, 8], [21, 7], [20, 8], [20, 9], [21, 9], [21, 8], [22, 7], [22, 6], [21, 6], [21, 5], [22, 5], [23, 6], [22, 6], [23, 7], [23, 8], [22, 8], [21, 8], [22, 7], [21, 6], [21, 7], [20, 7], [20, 6], [19, 5], [18, 6], [18, 5], [19, 6], [20, 5], [21, 5], [22, 4], [23, 4], [24, 4], [25, 3], [26, 3], [25, 2], [24, 2], [24, 3], [23, 2], [22, 2], [21, 2], [20, 3], [21, 3], [20, 4], [19, 3], [18, 2], [19, 1], [20, 1], [20, 2], [21, 1], [22, 1], [23, 1], [24, 0], [23, 0], [24, 1], [25, 0], [26, 0], [27, 0], [27, 1], [28, 0], [28, 1], [28, 2], [27, 3], [28, 3], [27, 2], [26, 2]]
