[[21, 7], [20, 7], [19, 6], [18, 7], [17, 7], [16, 6], [15, 5], [14, 5], [13, 5], [12, 5], [11, 5], [10, 5], [9, 4], [8, 3]]
[[21, 7], [20, 7], [19, 7], [18, 6], [17, 7], [16, 6], [15, 6], [14, 5], [13, 6], [12, 5], [11, 5], [10, 4], [9, 4], [8, 3]]
[[21, 7], [20, 7], [19, 8], [18, 8], [17, 7], [16, 6], [15, 5], [14, 5], [13, 4], [12, 4], [11, 4], [10, 4], [9, 4], [8, 3]]
[[21, 7], [20, 7], [19, 8], [18, 9], [17, 8], [16, 7], [15, 6], [14, 6], [13, 5], [12, 5], [11, 5], [10, 5], [9, 4], [8, 3]]
[[21, 7], [20, 6], [19, 5], [18, 6], [17, 7], [16, 6], [15, 5], [14, 4], [13, 3], [12, 4], [11, 4], [10, 4], [9, 4], [8, 3]]
[[21, 7], [20, 7], [19, 6], [18, 7], [17, 6], [16, 6], [15, 6], [14, 6], [13, 7], [12, 6], [11, 5], [10, 5], [9, 4], [8, 3]]
[[21, 7], [20, 8], [19, 8], [18, 8], [17, 7], [16, 7], [15, 6], [14, 5], [13, 6], [12, 5], [11, 5], [10, 5], [9, 4], [8, 3]]
[[21, 7], [20, 6], [19, 5], [18, 6], [17, 5], [16, 5], [15, 5], [14, 6], [13, 6], [12, 5], [11, 4], [10, 4], [9, 4], [8, 3]]
[[21, 7], [20, 7], [19, 7], [18, 7], [17, 7], [16, 7], [15, 6], [14, 6], [13, 6], [12, 5], [11, 4], [10, 4], [9, 4], [8, 3]]
[[21, 7], [20, 7], [19, 6], [18, 7], [17, 7], [16, 6], [15, 5], [14, 5], [13, 5], [12, 5], [11, 5], [10, 5], [9, 4], [8, 3]]
[[21, 7], [20, 6], [19, 7], [18, 6], [17, 5], [16, 5], [15, 5], [14, 4], [13, 3], [12, 2], [11, 3], [10, 4], [9, 4], [8, 3]]
[[21, 7], [20, 8], [19, 7], [18, 7], [17, 6], [16, 6], [15, 5], [14, 6], [13, 5], [12, 4], [11, 5], [10, 4], [9, 4], [8, 3]]
[[21, 7], [20, 8], [19, 7], [18, 6], [17, 5], [16, 5], [15, 6], [14, 6], [13, 5], [12, 6], [11, 5], [10, 5], [9, 4], [8, 3]]
[[21, 7], [20, 6], [19, 6], [18, 7], [17, 7], [16, 6], [15, 5], [14, 5], [13, 4], [12, 3], [12, 4], [11, 5], [10, 4], [9, 4], [8, 3]]
[[21, 7], [20, 7], [19, 7], [18, 6], [17, 5], [16, 5], [15, 4], [14, 5], [15, 5], [15, 4], [14, 3], [13, 2], [12, 2], [11, 1], [11, 0], [11, 1], [11, 0], [10, 1], [9, 1], [8, 2], [8, 3]]
[[21, 7], [20, 7], [20, 6], [19, 5], [18, 4], [17, 5], [16, 6], [15, 5], [15, 6], [14, 6], [13, 6], [12, 7], [11, 6], [11, 5], [12, 4], [12, 5], [11, 6], [12, 5], [11, 4], [10, 4], [9, 4], [8, 3]]
[[21, 7], [20, 6], [19, 7], [18, 7], [17, 8], [16, 9], [15, 10], [14, 11], [15, 10], [14, 9], [14, 10], [13, 9], [13, 8], [13, 7], [13, 6], [13, 7], [12, 6], [11, 5], [11, 6], [11, 7], [12, 7], [11, 8], [10, 8], [10, 7], [9, 7], [10, 6], [9, 5], [9, 4], [8, 3]]
[[21, 7], [22, 7], [22, 6], [21, 6], [20, 7], [19, 6], [20, 6], [21, 5], [22, 5], [21, 4], [20, 3], [20, 4], [19, 4], [18, 3], [19, 2], [19, 3], [18, 4], [18, 5], [17, 5], [18, 6], [17, 6], [17, 7], [18, 8], [17, 8], [18, 7], [19, 7], [19, 6], [19, 5], [18, 5], [17, 6], [16, 7], [15, 7], [15, 6], [14, 5], [13, 4], [12, 3], [11, 2], [12, 2], [12, 1], [11, 0], [11, 1], [10, 1], [9, 1], [8, 2], [8, 3]]
[[21, 7], [20, 7], [21, 7], [22, 7], [23, 6], [23, 5], [23, 6], [23, 7], [22, 7], [21, 7], [22, 6], [23, 7], [22, 8], [21, 8], [20, 8], [21, 7], [22, 8], [23, 8], [24, 7], [25, 6], [25, 7], [26, 7], [25, 8], [25, 9], [25, 10], [25, 9], [24, 10], [23, 11], [22, 10], [23, 11], [22, 12], [23, 13], [22, 14], [23, 13], [23, 12], [24, 11], [25, 12], [26, 12], [27, 13], [26, 13], [27, 12], [28, 12], [29, 12], [28, 11], [29, 10], [29, 9], [28, 8], [29, 9], [28, 8], [28, 7], [27, 7], [26, 6], [27, 6], [26, 5], [27, 4], [28, 3], [29, 2], [28, 2], [27, 2], [26, 1], [26, 2], [27, 1], [26, 0], [25, 0], [24, 0], [23, 1], [23, 2], [24, 1], [23, 1], [22, 1], [21, 1], [20, 2], [19, 2], [18, 1], [17, 1], [18, 1], [19, 2], [20, 3], [20, 2], [21, 2], [22, 3], [23, 3], [23, 4], [22, 4], [23, 5], [24, 4], [25, 3], [26, 2], [25, 3], [24, 2], [23, 2], [22, 2], [21, 1], [20, 2], [19, 3], [18, 3], [17, 3], [18, 2], [17, 2], [16, 2], [17, 3], [18, 3], [17, 4], [16, 5], [17, 6], [18, 7], [19, 7], [20, 7], [20, 8], [19, 9], [18, 9], [17, 8], [18, 9], [17, 9], [17, 8], [17, 9], [18, 10], [19, 10], [18, 11], [19, 12], [19, 11], [20, 11], [21, 10], [20, 11], [20, 12], [19, 13], [20, 14], [19, 15], [18, 16], [19, 16], [20, 17], [21, 17], [21, 18], [21, 17], [20, 16], [21, 16], [20, 17], [19, 16], [19, 15], [19, 14], [18, 13], [18, 14], [17, 13], [18, 12], [17, 12], [17, 11], [17, 12], [16, 13], [16, 14], [15, 13], [14, 12], [13, 11], [13, 10], [12, 9], [13, 9], [13, 8], [14, 8], [13, 7], [14, 6], [15, 7], [14, 6], [13, 6], [14, 5], [15, 6], [15, 5], [14, 4], [14, 5], [13, 4], [12, 3], [13, 3], [12, 2], [12, 3], [11, 3], [12, 4], [12, 5], [12, 6], [11, 7], [11, 6], [11, 5], [10, 6], [9, 5], [9, 4], [8, 3]]
