[[25, 7], [24, 8], [23, 9], [23, 10], [22, 11], [23, 12], [22, 13], [21, 14], [20, 15], [19, 16], [20, 17]]
[[25, 7], [24, 8], [24, 9], [23, 10], [24, 11], [23, 12], [22, 13], [21, 14], [20, 15], [19, 16], [20, 17]]
[[25, 7], [25, 8], [24, 9], [23, 10], [22, 11], [21, 12], [22, 13], [21, 14], [20, 15], [20, 16], [20, 17]]
[[25, 7], [24, 8], [24, 9], [24, 10], [23, 11], [22, 12], [22, 13], [21, 14], [20, 15], [21, 16], [20, 17]]
[[25, 7], [24, 8], [23, 9], [23, 10], [22, 11], [23, 12], [22, 13], [21, 14], [20, 15], [19, 16], [20, 17]]
[[25, 7], [24, 8], [25, 9], [24, 10], [24, 11], [23, 12], [22, 13], [21, 14], [21, 15], [20, 16], [20, 17]]
[[25, 7], [24, 8], [23, 9], [23, 10], [23, 11], [23, 12], [22, 13], [21, 14], [21, 15], [20, 16], [20, 17]]
[[25, 7], [26, 8], [26, 9], [26, 10], [25, 11], [25, 12], [24, 13], [23, 14], [22, 15], [21, 16], [20, 17]]
[[25, 7], [25, 8], [24, 9], [25, 10], [24, 11], [23, 12], [22, 13], [21, 14], [20, 15], [19, 16], [20, 17]]
[[25, 7], [24, 8], [25, 9], [24, 10], [24, 11], [23, 12], [23, 13], [22, 14], [21, 15], [21, 16], [20, 17]]
[[25, 7], [26, 8], [26, 9], [25, 10], [24, 11], [23, 12], [22, 13], [21, 14], [20, 15], [19, 16], [20, 17]]
[[25, 7], [26, 8], [26, 9], [25, 10], [24, 11], [23, 12], [23, 13], [22, 14], [22, 15], [21, 16], [20, 17]]
[[25, 7], [25, 8], [26, 9], [25, 10], [24, 11], [23, 12], [22, 13], [22, 14], [21, 15], [20, 16], [20, 17]]
[[25, 7], [26, 8], [26, 9], [25, 10], [24, 11], [23, 12], [23, 13], [22, 14], [22, 15], [22, 16], [21, 15], [21, 16], [20, 17]]
[[25, 7], [24, 8], [25, 9], [26, 9], [26, 10], [25, 11], [24, 12], [23, 12], [22, 13], [23, 13], [22, 14], [21, 15], [20, 16], [20, 17]]
[[25, 7], [25, 8], [25, 7], [26, 8], [25, 9], [24, 10], [24, 11], [23, 12], [22, 11], [22, 12], [22, 13], [21, 14], [21, 15], [21, 16], [20, 17]]
[[25, 7], [24, 8], [25, 9], [25, 10], [25, 11], [24, 12], [25, 13], [24, 13], [23, 14], [23, 13], [24, 14], [23, 14], [22, 15], [21, 16], [20, 16], [20, 17]]
[[25, 7], [26, 8], [27, 9], [26, 10], [25, 10], [24, 10], [23, 10], [23, 11], [22, 12], [21, 13], [22, 14], [21, 14], [21, 15], [21, 16], [20, 16], [21, 17], [20, 17], [21, 18], [20, 17]]
[[25, 7], [24, 8], [25, 8], [26, 8], [25, 9], [24, 10], [24, 11], [24, 12], [25, 12], [24, 13], [23, 12], [23, 13], [23, 14], [23, 15], [22, 15], [21, 15], [20, 16], [19, 17], [18, 17], [18, 16], [17, 17], [18, 18], [18, 17], [18, 16], [18, 15], [19, 16], [20, 17]]
[[25, 7], [26, 7], [27, 8], [27, 9], [26, 10], [26, 11], [27, 11], [28, 10], [29, 10], [28, 10], [28, 9], [28, 10], [29, 10], [29, 11], [29, 12], [29, 13], [28, 14], [29, 14], [28, 14], [27, 15], [28, 16], [29, 17], [29, 18], [28, 18], [27, 17], [28, 17], [29, 18], [28, 17], [27, 16], [26, 15], [27, 15], [26, 14], [26, 13], [25, 14], [24, 14], [23, 15], [24, 15], [25, 15], [25, 16], [24, 17], [23, 18], [24, 19], [25, 18], [24, 17], [24, 18], [24, 19], [23, 19], [23, 18], [22, 17], [21, 16], [22, 16], [21, 15], [20, 16], [19, 15], [20, 14], [21, 14], [21, 15], [22, 15], [22, 14], [22, 13], [23, 13], [23, 14], [22, 13], [21, 12], [21, 11], [20, 10], [20, 11], [19, 11], [19, 12], [18, 13], [17, 14], [17, 15], [16, 14], [15, 15], [14, 15], [15, 14], [15, 13], [16, 14], [16, 15], [17, 16], [18, 16], [19, 16], [20, 17]]
