[[3, 9], [4, 10], [5, 11], [6, 12], [7, 13], [8, 14], [9, 13], [10, 14], [11, 14]]
[[3, 9], [4, 10], [5, 11], [6, 12], [7, 13], [8, 12], [9, 13], [10, 14], [11, 14]]
[[3, 9], [4, 10], [5, 11], [6, 12], [7, 13], [8, 13], [9, 13], [10, 13], [11, 14]]
[[3, 9], [4, 10], [5, 10], [6, 11], [7, 11], [8, 12], [9, 13], [10, 14], [11, 14]]
[[3, 9], [4, 10], [5, 10], [6, 10], [7, 11], [8, 12], [9, 13], [10, 13], [11, 14]]
[[3, 9], [4, 8], [5, 9], [6, 10], [7, 11], [8, 12], [9, 13], [10, 14], [11, 14]]
[[3, 9], [4, 10], [5, 11], [6, 12], [7, 13], [8, 14], [9, 13], [10, 14], [11, 14]]
[[3, 9], [4, 10], [5, 10], [6, 11], [7, 11], [8, 12], [9, 13], [10, 14], [11, 14]]
[[3, 9], [4, 10], [5, 11], [6, 10], [7, 10], [8, 11], [9, 12], [10, 13], [11, 14]]
[[3, 9], [4, 10], [5, 11], [6, 12], [7, 13], [8, 12], [9, 12], [10, 13], [11, 14]]
[[3, 9], [4, 10], [5, 11], [6, 12], [7, 13], [8, 12], [9, 13], [10, 13], [11, 14]]
[[3, 9], [4, 9], [5, 10], [6, 11], [7, 10], [8, 11], [9, 11], [10, 12], [10, 13], [11, 14]]
[[3, 9], [4, 10], [5, 9], [6, 10], [7, 10], [7, 11], [8, 12], [9, 13], [10, 13], [11, 14]]
[[3, 9], [4, 10], [5, 11], [6, 12], [7, 13], [8, 14], [8, 15], [9, 15], [10, 15], [11, 14]]
[[3, 9], [4, 10], [5, 9], [6, 10], [7, 11], [8, 10], [9, 11], [10, 12], [11, 13], [11, 14]]
[[3, 9], [4, 10], [5, 11], [6, 12], [7, 11], [8, 12], [9, 13], [9, 12], [10, 13], [11, 14]]
[[3, 9], [4, 10], [5, 11], [5, 12], [6, 12], [7, 11], [8, 12], [9, 13], [9, 12], [10, 13], [11, 14]]
[[3, 9], [4, 10], [5, 11], [6, 12], [5, 13], [6, 13], [7, 13], [8, 12], [9, 11], [9, 12], [10, 13], [11, 14]]
[[3, 9], [4, 10], [5, 11], [6, 10], [7, 11], [6, 12], [7, 13], [8, 12], [9, 11], [9, 10], [8, 11], [9, 12], [10, 12], [11, 13], [11, 14]]
[[3, 9], [4, 10], [5, 11], [6, 12], [7, 11], [8, 12], [7, 13], [8, 14], [8, 15], [9, 16], [9, 17], [9, 18], [9, 19], [10, 18], [11, 18], [10, 19], [11, 19], [12, 18], [11, 17], [11, 16], [10, 15], [11, 14]]
