[[5, 3], [6, 2], [7, 2], [8, 3]]
[[5, 3], [6, 4], [7, 3], [8, 3]]
[[5, 3], [6, 2], [7, 2], [8, 3]]
[[5, 3], [6, 2], [7, 2], [8, 3]]
[[5, 3], [6, 4], [7, 4], [8, 3]]
[[5, 3], [6, 4], [7, 4], [8, 3]]
[[5, 3], [6, 3], [7, 3], [8, 3]]
[[5, 3], [6, 3], [7, 3], [8, 3]]
[[5, 3], [6, 4], [7, 3], [7, 4], [8, 3]]
[[5, 3], [6, 2], [7, 3], [8, 3], [9, 3], [8, 3]]
[[5, 3], [4, 4], [5, 5], [6, 4], [6, 3], [7, 4], [7, 3], [8, 3]]
[[5, 3], [6, 2], [7, 2], [7, 3], [6, 3], [7, 4], [6, 4], [6, 5], [5, 6], [4, 6], [3, 7], [2, 6], [3, 6], [2, 7], [3, 8], [3, 9], [3, 10], [2, 11], [3, 11], [4, 10], [4, 9], [5, 10], [6, 11], [5, 11], [6, 12], [5, 13], [4, 12], [3, 13], [3, 12], [4, 11], [5, 12], [4, 13], [3, 14], [2, 13], [1, 14], [2, 14], [3, 15], [4, 15], [4, 14], [5, 15], [4, 16], [5, 16], [5, 17], [4, 17], [3, 17], [3, 16], [2, 16], [2, 15], [1, 16], [0, 17], [1, 18], [0, 19], [0, 18], [1, 19], [2, 18], [3, 19], [3, 18], [4, 19], [4, 18], [5, 19], [5, 18], [6, 17], [7, 17], [7, 16], [6, 16], [7, 15], [8, 15], [9, 15], [9, 14], [8, 14], [8, 13], [7, 12], [6, 13], [5, 12], [6, 11], [6, 12], [7, 11], [7, 10], [7, 9], [6, 9], [6, 8], [5, 7], [6, 7], [7, 6], [8, 5], [9, 4], [8, 3]]
[[5, 3], [4, 4], [4, 5], [3, 4], [2, 4], [2, 5], [2, 6], [1, 6], [0, 7], [0, 8], [1, 8], [1, 9], [2, 10], [2, 9], [3, 8], [4, 7], [3, 6], [4, 7], [3, 6], [4, 5], [5, 4], [5, 5], [6, 4], [5, 4], [6, 3], [7, 2], [6, 1], [5, 2], [4, 2], [5, 3], [6, 4], [5, 4], [4, 5], [5, 6], [6, 7], [7, 8], [6, 9], [6, 8], [6, 9], [5, 8], [4, 9], [5, 9], [6, 9], [7, 10], [7, 11], [8, 10], [7, 9], [7, 8], [6, 8], [7, 7], [6, 7], [7, 6], [8, 6], [9, 6], [9, 7], [8, 8], [9, 8], [10, 9], [10, 10], [10, 9], [10, 10], [11, 11], [11, 10], [10, 11], [11, 11], [11, 12], [12, 12], [12, 13], [13, 12], [14, 13], [15, 14], [16, 15], [17, 16], [18, 16], [19, 16], [20, 16], [20, 15], [19, 14], [19, 13], [18, 12], [17, 12], [16, 11], [16, 12], [15, 13], [16, 12], [17, 13], [16, 14], [17, 15], [18, 14], [18, 15], [17, 15], [16, 16], [16, 17], [17, 17], [18, 18], [19, 19], [18, 18], [17, 18], [16, 18], [15, 19], [14, 19], [13, 18], [13, 19], [12, 18], [11, 18], [10, 18], [10, 19], [10, 18], [9, 17], [10, 17], [10, 18], [9, 19], [9, 18], [8, 17], [7, 17], [7, 16], [7, 17], [8, 16], [8, 15], [9, 15], [10, 15], [11, 16], [12, 16], [13, 17], [14, 16], [14, 17], [15, 17], [15, 16], [15, 15], [15, 14], [14, 14], [13, 14], [12, 14], [11, 14], [12, 15], [11, 14], [12, 13], [13, 12], [13, 11], [12, 11], [13, 10], [14, 10], [14, 9], [15, 9], [16, 9], [16, 8], [15, 8], [15, 9], [14, 8], [15, 7], [16, 6], [15, 6], [15, 7], [15, 8], [16, 7], [17, 6], [17, 5], [17, 6], [18, 6], [17, 6], [18, 7], [17, 8], [18, 8], [19, 7], [20, 7], [21, 6], [21, 5], [20, 5], [20, 4], [19, 5], [19, 4], [18, 3], [17, 4], [16, 3], [15, 3], [14, 4], [13, 5], [12, 4], [13, 5], [12, 5], [12, 6], [11, 5], [10, 5], [9, 5], [10, 4], [9, 4], [8, 3]]
