[[18, 0], [19, 1], [20, 1], [21, 2], [22, 2], [23, 3], [24, 4], [25, 5], [26, 5], [27, 6], [28, 6], [29, 7]]
[[18, 0], [19, 1], [20, 1], [21, 2], [22, 2], [23, 2], [24, 3], [25, 4], [26, 5], [27, 5], [28, 6], [29, 7]]
[[18, 0], [19, 1], [20, 1], [21, 1], [22, 2], [23, 2], [24, 3], [25, 4], [26, 5], [27, 6], [28, 6], [29, 7]]
[[18, 0], [19, 1], [20, 1], [21, 2], [22, 2], [23, 3], [24, 4], [25, 5], [26, 5], [27, 6], [28, 6], [29, 7]]
[[18, 0], [19, 1], [20, 2], [21, 3], [22, 4], [23, 5], [24, 5], [25, 4], [26, 5], [27, 6], [28, 6], [29, 7]]
[[18, 0], [19, 1], [20, 2], [21, 2], [22, 1], [23, 2], [24, 3], [25, 4], [26, 5], [27, 5], [28, 6], [29, 7]]
[[18, 0], [19, 1], [20, 1], [21, 1], [22, 2], [23, 2], [24, 3], [25, 4], [26, 5], [27, 5], [28, 6], [29, 7]]
[[18, 0], [19, 0], [20, 0], [21, 0], [22, 1], [23, 2], [24, 3], [25, 4], [26, 5], [27, 6], [28, 6], [29, 7]]
[[18, 0], [19, 1], [20, 1], [21, 2], [22, 1], [23, 2], [24, 3], [25, 4], [26, 4], [27, 5], [28, 6], [29, 7]]
[[18, 0], [19, 1], [20, 1], [21, 1], [22, 2], [23, 3], [24, 3], [25, 4], [26, 4], [27, 5], [28, 6], [29, 7]]
[[18, 0], [19, 1], [20, 2], [21, 3], [22, 4], [23, 3], [24, 3], [25, 4], [26, 5], [27, 6], [28, 6], [29, 7]]
[[18, 0], [19, 0], [20, 0], [21, 1], [22, 2], [23, 3], [24, 4], [25, 4], [26, 5], [27, 5], [28, 6], [29, 7]]
[[18, 0], [19, 1], [20, 0], [21, 1], [22, 2], [23, 1], [24, 2], [25, 2], [26, 3], [27, 4], [28, 5], [28, 6], [29, 7]]
[[18, 0], [19, 1], [20, 2], [21, 1], [22, 1], [23, 2], [24, 3], [25, 4], [26, 3], [27, 4], [27, 5], [28, 6], [29, 7]]
[[18, 0], [19, 0], [20, 0], [21, 0], [22, 1], [23, 1], [24, 1], [25, 2], [26, 3], [27, 4], [28, 5], [29, 6], [29, 7]]
[[18, 0], [19, 0], [20, 1], [21, 1], [22, 1], [23, 2], [24, 1], [25, 2], [26, 3], [27, 4], [28, 5], [28, 6], [29, 7]]
[[18, 0], [19, 1], [20, 0], [21, 0], [22, 1], [23, 0], [24, 1], [25, 2], [26, 3], [27, 4], [28, 5], [28, 6], [29, 7]]
[[18, 0], [19, 1], [20, 2], [21, 3], [21, 2], [22, 1], [23, 2], [24, 3], [24, 4], [25, 4], [26, 5], [27, 6], [28, 6], [29, 7]]
[[18, 0], [19, 1], [20, 2], [21, 1], [22, 0], [23, 1], [24, 2], [25, 1], [25, 2], [26, 3], [27, 4], [28, 5], [29, 5], [28, 6], [29, 7]]
[[18, 0], [19, 1], [20, 0], [21, 1], [22, 0], [23, 1], [24, 2], [24, 3], [25, 4], [26, 3], [27, 4], [27, 5], [28, 6], [29, 5], [28, 5], [29, 6], [29, 7]]
