[[2, 17], [3, 16], [4, 15], [5, 14], [6, 13], [7, 13], [8, 12], [9, 11], [10, 11], [11, 11], [12, 12], [13, 11], [14, 10], [15, 9], [16, 8], [17, 7], [18, 7], [19, 6], [20, 5], [21, 4], [22, 3], [23, 4]]
[[2, 17], [3, 16], [4, 15], [5, 14], [6, 14], [7, 13], [8, 12], [9, 12], [10, 11], [11, 12], [12, 12], [13, 11], [14, 10], [15, 9], [16, 8], [17, 7], [18, 6], [19, 6], [20, 6], [21, 6], [22, 5], [23, 4]]
[[2, 17], [3, 16], [4, 15], [5, 14], [6, 13], [7, 12], [8, 11], [9, 12], [10, 13], [11, 12], [12, 12], [13, 11], [14, 10], [15, 9], [16, 9], [17, 9], [18, 8], [19, 7], [20, 6], [21, 6], [22, 5], [23, 4]]
[[2, 17], [3, 16], [4, 15], [5, 14], [6, 13], [7, 13], [8, 12], [9, 11], [10, 11], [11, 11], [12, 12], [13, 11], [14, 10], [15, 9], [16, 8], [17, 7], [18, 7], [19, 6], [20, 5], [21, 4], [22, 3], [23, 4]]
[[2, 17], [3, 16], [4, 15], [5, 14], [6, 13], [7, 12], [8, 13], [9, 12], [10, 11], [11, 12], [12, 12], [13, 11], [14, 10], [15, 9], [16, 8], [17, 7], [18, 6], [19, 7], [20, 6], [21, 6], [22, 5], [23, 4]]
[[2, 17], [3, 16], [4, 15], [5, 14], [6, 13], [7, 12], [8, 13], [9, 13], [10, 13], [11, 13], [12, 12], [13, 11], [14, 10], [15, 9], [16, 8], [17, 7], [18, 7], [19, 7], [20, 7], [21, 6], [22, 5], [23, 4]]
[[2, 17], [3, 16], [4, 15], [5, 14], [6, 13], [7, 12], [8, 13], [9, 13], [10, 13], [11, 13], [12, 12], [13, 11], [14, 10], [15, 9], [16, 8], [17, 7], [18, 6], [19, 7], [20, 6], [21, 6], [22, 5], [23, 4]]
[[2, 17], [3, 17], [4, 17], [5, 16], [6, 15], [7, 14], [8, 13], [9, 13], [10, 12], [11, 12], [12, 12], [13, 11], [14, 10], [15, 9], [16, 8], [17, 7], [18, 7], [19, 6], [20, 6], [21, 5], [22, 4], [23, 4]]
[[2, 17], [3, 16], [4, 15], [5, 14], [6, 14], [7, 14], [8, 13], [9, 12], [10, 12], [11, 13], [12, 12], [13, 11], [14, 10], [15, 9], [16, 8], [17, 7], [18, 6], [19, 5], [20, 4], [21, 3], [22, 4], [23, 4]]
[[2, 17], [3, 16], [4, 15], [5, 14], [6, 13], [7, 13], [8, 13], [9, 13], [10, 13], [11, 13], [12, 12], [13, 11], [14, 10], [15, 9], [16, 8], [17, 7], [18, 6], [19, 5], [20, 6], [21, 5], [22, 5], [23, 4]]
[[2, 17], [3, 16], [4, 17], [5, 16], [6, 15], [7, 14], [8, 13], [9, 12], [10, 12], [11, 13], [12, 12], [13, 11], [14, 10], [15, 9], [16, 8], [17, 9], [18, 8], [19, 7], [20, 6], [21, 5], [22, 4], [23, 4]]
[[2, 17], [3, 16], [4, 15], [5, 14], [6, 13], [7, 12], [8, 11], [9, 12], [10, 12], [11, 12], [12, 12], [13, 11], [14, 10], [15, 9], [16, 8], [17, 7], [18, 6], [19, 6], [20, 5], [21, 4], [22, 3], [23, 4]]
[[2, 17], [3, 16], [4, 15], [5, 14], [6, 13], [7, 13], [8, 12], [9, 12], [10, 12], [11, 13], [12, 12], [13, 11], [14, 10], [15, 9], [16, 8], [17, 7], [18, 7], [19, 6], [20, 7], [21, 6], [22, 5], [23, 4]]
[[2, 17], [3, 17], [4, 16], [5, 16], [6, 15], [7, 14], [8, 13], [9, 13], [10, 13], [11, 13], [12, 12], [13, 11], [14, 10], [15, 9], [16, 8], [17, 7], [18, 7], [19, 6], [20, 5], [21, 6], [22, 5], [23, 4]]
[[2, 17], [3, 16], [4, 15], [5, 14], [6, 13], [7, 12], [8, 12], [9, 11], [10, 11], [11, 12], [12, 12], [13, 11], [14, 10], [15, 9], [16, 8], [17, 7], [18, 7], [19, 7], [20, 7], [21, 6], [22, 5], [23, 4]]
[[2, 17], [3, 16], [4, 15], [5, 14], [6, 13], [7, 12], [8, 11], [9, 12], [10, 12], [11, 13], [12, 12], [13, 11], [14, 11], [15, 10], [16, 9], [17, 9], [18, 8], [19, 7], [20, 6], [21, 5], [22, 5], [23, 4]]
[[2, 17], [3, 17], [4, 17], [5, 16], [6, 15], [7, 14], [8, 13], [9, 13], [10, 12], [11, 12], [11, 13], [12, 12], [13, 11], [14, 10], [15, 9], [16, 8], [17, 7], [18, 7], [19, 7], [19, 6], [20, 6], [21, 6], [22, 5], [23, 4]]
[[2, 17], [3, 16], [4, 15], [5, 14], [6, 15], [7, 14], [7, 13], [8, 13], [9, 12], [10, 11], [11, 11], [12, 12], [13, 11], [14, 11], [15, 10], [16, 9], [16, 8], [17, 7], [18, 6], [19, 5], [20, 6], [21, 5], [22, 4], [23, 4]]
[[2, 17], [3, 16], [4, 17], [5, 17], [5, 16], [6, 16], [7, 15], [7, 14], [8, 13], [9, 12], [10, 11], [11, 12], [12, 12], [13, 11], [14, 11], [15, 10], [15, 9], [16, 8], [17, 7], [18, 6], [19, 5], [20, 5], [21, 4], [22, 4], [23, 4]]
[[2, 17], [2, 16], [3, 15], [4, 15], [5, 14], [6, 14], [6, 13], [7, 12], [8, 13], [9, 13], [10, 13], [11, 12], [11, 11], [12, 12], [13, 11], [14, 10], [15, 10], [15, 9], [16, 8], [17, 7], [18, 6], [18, 5], [19, 5], [20, 5], [21, 4], [22, 3], [23, 4]]
