[[29, 0], [28, 1], [27, 2], [26, 3], [26, 4], [25, 5], [25, 6], [24, 7], [23, 8], [22, 9], [21, 10], [21, 11]]
[[29, 0], [28, 1], [27, 2], [26, 3], [27, 4], [26, 5], [25, 6], [25, 7], [24, 8], [23, 9], [22, 10], [21, 11]]
[[29, 0], [28, 1], [27, 2], [26, 3], [27, 4], [26, 5], [25, 6], [25, 7], [24, 8], [23, 9], [22, 10], [21, 11]]
[[29, 0], [28, 1], [27, 2], [27, 3], [26, 4], [25, 5], [24, 6], [24, 7], [23, 8], [23, 9], [22, 10], [21, 11]]
[[29, 0], [28, 1], [27, 2], [26, 3], [26, 4], [25, 5], [25, 6], [24, 7], [23, 8], [22, 9], [21, 10], [21, 11]]
[[29, 0], [28, 1], [27, 2], [26, 3], [26, 4], [26, 5], [26, 6], [25, 7], [24, 8], [23, 9], [22, 10], [21, 11]]
[[29, 0], [28, 1], [27, 2], [27, 3], [27, 4], [26, 5], [25, 6], [25, 7], [24, 8], [23, 9], [22, 10], [21, 11]]
[[29, 0], [28, 1], [27, 2], [27, 3], [26, 4], [25, 5], [26, 6], [25, 7], [24, 8], [23, 9], [22, 10], [21, 11]]
[[29, 0], [28, 1], [27, 2], [26, 3], [26, 4], [25, 5], [24, 6], [24, 7], [23, 8], [22, 9], [22, 10], [21, 11]]
[[29, 0], [28, 1], [27, 2], [27, 3], [26, 4], [25, 5], [24, 6], [23, 7], [22, 8], [23, 9], [22, 10], [21, 11]]
[[29, 0], [28, 1], [27, 2], [26, 3], [25, 4], [26, 5], [25, 6], [25, 7], [24, 8], [23, 9], [22, 10], [21, 11]]
[[29, 0], [28, 1], [27, 2], [26, 3], [25, 4], [25, 5], [26, 6], [25, 7], [24, 8], [23, 9], [22, 10], [21, 11]]
[[29, 0], [28, 1], [27, 2], [27, 3], [26, 4], [26, 5], [25, 6], [25, 7], [24, 8], [23, 9], [22, 10], [21, 11]]
[[29, 0], [28, 1], [29, 2], [29, 3], [28, 4], [27, 5], [27, 6], [26, 7], [25, 8], [24, 8], [24, 9], [24, 10], [24, 11], [23, 10], [22, 10], [21, 11]]
[[29, 0], [29, 1], [28, 1], [27, 1], [27, 0], [26, 1], [26, 2], [26, 3], [25, 4], [25, 5], [25, 6], [25, 7], [24, 7], [23, 8], [23, 9], [22, 10], [21, 11]]
[[29, 0], [28, 1], [28, 0], [27, 1], [27, 0], [26, 1], [26, 2], [27, 2], [27, 3], [26, 3], [25, 3], [24, 4], [24, 5], [23, 5], [22, 4], [21, 4], [22, 3], [23, 2], [24, 3], [25, 4], [26, 4], [26, 5], [27, 4], [28, 5], [27, 5], [28, 4], [29, 5], [29, 6], [28, 6], [28, 7], [27, 8], [28, 9], [29, 10], [28, 11], [28, 12], [28, 13], [28, 14], [27, 13], [26, 12], [26, 13], [27, 12], [26, 11], [25, 12], [24, 11], [24, 10], [25, 11], [24, 12], [23, 12], [24, 13], [25, 14], [25, 15], [24, 16], [24, 15], [23, 15], [22, 14], [22, 13], [23, 12], [23, 11], [22, 10], [21, 10], [21, 11]]
