[[29, 19], [28, 19], [27, 18], [26, 17], [25, 16], [24, 15], [23, 14]]
[[29, 19], [28, 18], [27, 17], [26, 16], [25, 15], [24, 14], [23, 14]]
[[29, 19], [28, 18], [27, 17], [26, 17], [25, 16], [24, 15], [23, 14]]
[[29, 19], [28, 19], [27, 18], [26, 17], [25, 16], [24, 15], [23, 14]]
[[29, 19], [28, 19], [27, 18], [26, 17], [25, 16], [24, 15], [23, 14]]
[[29, 19], [28, 19], [27, 18], [26, 17], [25, 16], [24, 15], [23, 14]]
[[29, 19], [28, 18], [27, 17], [26, 16], [25, 15], [24, 14], [23, 14]]
[[29, 19], [28, 18], [27, 18], [26, 17], [25, 16], [24, 15], [23, 14]]
[[29, 19], [28, 18], [27, 17], [26, 16], [25, 16], [24, 15], [23, 14]]
[[29, 19], [28, 18], [27, 17], [26, 16], [25, 15], [24, 14], [23, 14]]
[[29, 19], [28, 19], [27, 18], [26, 17], [25, 16], [24, 15], [23, 14]]
[[29, 19], [28, 18], [27, 17], [26, 16], [25, 15], [24, 15], [23, 14]]
[[29, 19], [28, 18], [27, 18], [26, 17], [25, 16], [24, 15], [23, 14]]
[[29, 19], [28, 19], [27, 18], [26, 17], [25, 16], [24, 15], [23, 14]]
[[29, 19], [28, 18], [27, 17], [27, 16], [26, 15], [25, 15], [24, 14], [23, 14]]
[[29, 19], [28, 18], [27, 17], [26, 16], [26, 15], [25, 15], [24, 14], [23, 14]]
[[29, 19], [28, 18], [29, 18], [28, 17], [28, 16], [27, 17], [26, 16], [26, 15], [25, 15], [24, 14], [23, 14]]
[[29, 19], [28, 18], [28, 17], [27, 17], [26, 16], [25, 16], [24, 17], [23, 17], [23, 16], [23, 15], [22, 14], [23, 13], [23, 14]]
