[[20, 15], [19, 14], [20, 13], [21, 12], [21, 11], [21, 10], [20, 9], [21, 8], [21, 7], [20, 6], [19, 5], [19, 4], [18, 3], [17, 2]]
[[20, 15], [20, 14], [20, 13], [20, 12], [21, 11], [22, 10], [21, 9], [21, 8], [21, 7], [20, 6], [19, 5], [18, 4], [17, 3], [17, 2]]
[[20, 15], [21, 14], [21, 13], [20, 12], [21, 11], [21, 10], [21, 9], [20, 8], [21, 7], [20, 6], [20, 5], [19, 4], [18, 3], [17, 2]]
[[20, 15], [20, 14], [20, 13], [21, 12], [22, 11], [21, 10], [21, 9], [21, 8], [21, 7], [20, 6], [19, 5], [19, 4], [18, 3], [17, 2]]
[[20, 15], [19, 14], [20, 13], [21, 12], [21, 11], [21, 10], [20, 9], [21, 8], [21, 7], [20, 6], [19, 5], [19, 4], [18, 3], [17, 2]]
[[20, 15], [21, 14], [20, 13], [20, 12], [21, 11], [22, 10], [21, 9], [20, 8], [19, 7], [19, 6], [18, 5], [17, 4], [18, 3], [17, 2]]
[[20, 15], [20, 14], [21, 13], [20, 12], [21, 11], [21, 10], [21, 9], [20, 8], [19, 7], [18, 6], [18, 5], [17, 4], [16, 3], [17, 2]]
[[20, 15], [19, 14], [20, 13], [21, 12], [21, 11], [22, 10], [21, 9], [21, 8], [21, 7], [20, 6], [19, 5], [18, 4], [18, 3], [17, 2]]
[[20, 15], [20, 14], [21, 13], [21, 12], [22, 11], [21, 10], [22, 9], [21, 8], [20, 7], [20, 6], [20, 5], [19, 4], [18, 3], [17, 2]]
[[20, 15], [21, 14], [22, 13], [21, 12], [22, 11], [21, 10], [21, 9], [20, 8], [20, 7], [21, 8], [20, 7], [19, 6], [18, 5], [19, 4], [18, 3], [17, 2]]
[[20, 15], [19, 14], [19, 13], [18, 13], [17, 13], [16, 12], [17, 11], [18, 10], [17, 10], [17, 9], [16, 8], [16, 7], [15, 7], [15, 6], [16, 5], [15, 4], [16, 3], [17, 2]]
[[20, 15], [19, 14], [20, 13], [19, 12], [19, 11], [19, 12], [18, 11], [18, 10], [17, 9], [16, 10], [15, 9], [15, 8], [15, 7], [16, 6], [17, 5], [17, 4], [16, 3], [17, 2]]
[[20, 15], [20, 14], [19, 13], [18, 12], [17, 13], [18, 12], [17, 11], [17, 10], [18, 9], [18, 8], [17, 7], [16, 6], [16, 5], [16, 4], [15, 4], [16, 4], [17, 3], [17, 2]]
[[20, 15], [21, 14], [20, 13], [19, 12], [20, 12], [21, 11], [21, 10], [21, 9], [21, 8], [22, 8], [21, 8], [21, 7], [20, 6], [19, 6], [19, 5], [19, 4], [18, 3], [17, 2]]
[[20, 15], [21, 14], [21, 13], [20, 12], [21, 11], [22, 12], [21, 12], [22, 11], [21, 10], [20, 9], [19, 9], [19, 8], [20, 8], [21, 7], [20, 6], [20, 5], [19, 4], [18, 3], [17, 3], [17, 2]]
[[20, 15], [21, 14], [21, 13], [20, 12], [21, 11], [22, 12], [21, 12], [22, 11], [21, 10], [20, 9], [19, 9], [19, 8], [20, 8], [21, 7], [20, 6], [20, 5], [19, 4], [18, 3], [17, 3], [17, 2]]
[[20, 15], [21, 16], [21, 15], [22, 14], [21, 13], [21, 12], [21, 11], [22, 11], [23, 10], [22, 9], [21, 8], [20, 8], [21, 7], [20, 7], [20, 8], [20, 7], [19, 6], [20, 6], [19, 5], [18, 4], [17, 4], [18, 3], [19, 2], [19, 3], [20, 2], [21, 2], [21, 1], [20, 1], [21, 0], [21, 1], [20, 2], [20, 1], [19, 2], [18, 3], [17, 2]]
[[20, 15], [20, 14], [19, 13], [20, 12], [21, 11], [20, 12], [21, 11], [22, 10], [21, 9], [20, 8], [21, 7], [20, 7], [19, 7], [19, 6], [20, 5], [19, 4], [18, 4], [17, 5], [16, 6], [16, 7], [16, 8], [16, 9], [15, 8], [14, 8], [13, 7], [12, 8], [11, 7], [12, 7], [12, 6], [13, 5], [12, 5], [11, 6], [10, 5], [11, 6], [12, 6], [11, 5], [11, 4], [10, 3], [11, 3], [12, 3], [13, 3], [13, 4], [14, 3], [13, 2], [13, 1], [13, 0], [14, 0], [15, 1], [15, 0], [16, 0], [16, 1], [17, 2]]
[[20, 15], [19, 14], [20, 13], [21, 12], [22, 11], [23, 10], [23, 9], [22, 9], [22, 8], [23, 8], [22, 7], [23, 8], [22, 7], [22, 8], [21, 7], [20, 6], [19, 6], [19, 5], [18, 5], [17, 4], [17, 5], [17, 4], [18, 3], [17, 4], [16, 4], [15, 3], [14, 4], [14, 5], [14, 6], [13, 7], [13, 8], [14, 8], [15, 7], [14, 6], [15, 7], [16, 6], [17, 5], [18, 6], [19, 6], [19, 5], [20, 6], [21, 6], [22, 5], [23, 5], [23, 4], [24, 3], [25, 3], [24, 4], [25, 4], [26, 5], [27, 5], [26, 4], [25, 4], [25, 3], [26, 2], [25, 1], [25, 0], [25, 1], [25, 0], [24, 0], [23, 1], [22, 1], [23, 2], [22, 2], [21, 2], [20, 2], [19, 3], [19, 2], [20, 2], [19, 1], [18, 2], [17, 2]]
[[20, 15], [20, 14], [20, 13], [21, 14], [20, 13], [21, 13], [20, 12], [19, 11], [18, 12], [17, 13], [18, 12], [18, 11], [18, 10], [17, 9], [17, 10], [17, 11], [16, 11], [15, 10], [14, 10], [15, 11], [15, 12], [16, 13], [16, 14], [17, 15], [16, 16], [15, 17], [14, 17], [13, 17], [13, 18], [12, 19], [11, 18], [11, 19], [12, 19], [12, 18], [11, 17], [11, 16], [11, 15], [10, 15], [11, 15], [12, 16], [13, 17], [14, 17], [15, 17], [14, 17], [15, 16], [14, 15], [13, 15], [14, 14], [13, 13], [14, 12], [13, 12], [14, 11], [14, 10], [13, 10], [13, 9], [13, 8], [13, 7], [12, 8], [13, 9], [12, 8], [11, 7], [11, 6], [10, 5], [11, 5], [11, 4], [11, 5], [12, 5], [12, 6], [12, 7], [13, 6], [14, 5], [14, 4], [15, 4], [15, 5], [16, 6], [17, 7], [16, 8], [16, 7], [16, 8], [17, 9], [18, 8], [19, 9], [20, 8], [21, 8], [22, 9], [23, 8], [23, 7], [22, 7], [21, 8], [20, 7], [19, 7], [20, 8], [19, 7], [20, 6], [20, 5], [19, 4], [19, 3], [20, 2], [19, 1], [20, 0], [21, 0], [20, 1], [21, 1], [22, 2], [22, 1], [21, 0], [20, 0], [19, 1], [20, 2], [21, 1], [20, 1], [21, 2], [22, 2], [23, 1], [24, 0], [25, 1], [26, 2], [25, 3], [24, 4], [23, 5], [23, 4], [23, 5], [23, 4], [24, 3], [25, 3], [25, 4], [25, 5], [24, 6], [25, 5], [26, 4], [25, 5], [24, 6], [25, 7], [26, 7], [25, 8], [24, 8], [24, 9], [23, 10], [24, 9], [24, 8], [25, 7], [26, 8], [27, 9], [26, 9], [25, 10], [24, 11], [23, 12], [24, 11], [23, 10], [22, 10], [23, 9], [23, 8], [22, 7], [23, 6], [23, 5], [22, 5], [21, 5], [20, 6], [21, 6], [20, 6], [20, 7], [19, 7], [18, 8], [17, 7], [16, 7], [16, 6], [15, 5], [16, 4], [15, 3], [14, 2], [13, 3], [12, 3], [11, 2], [11, 1], [10, 2], [11, 3], [12, 3], [12, 2], [12, 3], [13, 3], [14, 2], [15, 3], [16, 2], [17, 2]]
