[[9, 15], [10, 14], [11, 13], [12, 12], [13, 12], [14, 11], [15, 12], [16, 11], [17, 10], [18, 9], [19, 8], [20, 7], [21, 6]]
[[9, 15], [10, 14], [11, 13], [12, 12], [13, 12], [14, 11], [15, 10], [16, 9], [17, 9], [18, 8], [19, 7], [20, 6], [21, 6]]
[[9, 15], [10, 14], [11, 13], [12, 12], [13, 12], [14, 11], [15, 12], [16, 11], [17, 10], [18, 9], [19, 8], [20, 7], [21, 6]]
[[9, 15], [10, 14], [11, 13], [12, 12], [13, 12], [14, 11], [15, 12], [16, 11], [17, 10], [18, 9], [19, 8], [20, 7], [21, 6]]
[[9, 15], [10, 15], [11, 14], [12, 14], [13, 13], [14, 12], [15, 11], [16, 10], [17, 10], [18, 9], [19, 8], [20, 7], [21, 6]]
[[9, 15], [10, 14], [11, 14], [12, 13], [13, 12], [14, 12], [15, 11], [16, 10], [17, 9], [18, 8], [19, 7], [20, 7], [21, 6]]
[[9, 15], [10, 14], [11, 13], [12, 12], [13, 11], [14, 11], [15, 10], [16, 10], [17, 10], [18, 9], [19, 8], [20, 7], [21, 6]]
[[9, 15], [10, 15], [11, 14], [12, 13], [13, 13], [14, 12], [15, 11], [16, 11], [17, 10], [18, 9], [19, 8], [20, 7], [21, 6]]
[[9, 15], [10, 15], [11, 14], [12, 14], [13, 13], [14, 12], [15, 11], [16, 10], [17, 9], [18, 8], [19, 7], [20, 6], [21, 6]]
[[9, 15], [10, 15], [11, 14], [12, 13], [13, 12], [14, 11], [15, 10], [16, 11], [17, 10], [18, 9], [19, 8], [20, 7], [21, 6]]
[[9, 15], [10, 15], [11, 14], [12, 13], [13, 13], [14, 12], [15, 11], [16, 11], [17, 10], [18, 9], [19, 8], [20, 7], [21, 6]]
[[9, 15], [10, 15], [11, 14], [12, 13], [13, 13], [14, 12], [15, 11], [16, 10], [17, 9], [18, 8], [19, 7], [20, 6], [21, 6]]
[[9, 15], [10, 15], [11, 14], [12, 14], [13, 13], [14, 12], [15, 11], [16, 11], [16, 10], [17, 9], [18, 9], [19, 8], [20, 7], [21, 6]]
[[9, 15], [10, 14], [11, 13], [12, 12], [13, 12], [14, 11], [14, 10], [15, 9], [16, 9], [17, 9], [18, 8], [19, 7], [20, 6], [21, 6]]
[[9, 15], [10, 15], [11, 14], [12, 13], [13, 12], [14, 11], [15, 12], [16, 11], [15, 11], [15, 10], [16, 10], [17, 10], [18, 9], [19, 8], [20, 7], [21, 6]]
[[9, 15], [9, 14], [10, 13], [11, 13], [12, 13], [13, 12], [13, 11], [13, 12], [14, 11], [14, 10], [15, 10], [16, 11], [17, 10], [18, 9], [19, 8], [20, 7], [21, 6]]
[[9, 15], [10, 15], [10, 14], [11, 13], [12, 12], [13, 11], [14, 10], [15, 10], [15, 11], [15, 10], [16, 9], [17, 10], [17, 9], [18, 8], [19, 7], [20, 7], [21, 6]]
[[9, 15], [10, 15], [11, 14], [11, 13], [12, 13], [13, 12], [14, 11], [15, 10], [16, 10], [17, 11], [16, 10], [17, 9], [18, 9], [19, 8], [19, 7], [20, 6], [21, 6]]
[[9, 15], [10, 14], [11, 14], [12, 13], [13, 13], [14, 12], [15, 12], [15, 11], [16, 11], [16, 10], [17, 11], [18, 10], [18, 9], [19, 8], [20, 8], [21, 9], [22, 8], [22, 7], [21, 6]]
[[9, 15], [10, 14], [10, 13], [11, 12], [10, 11], [11, 10], [12, 9], [13, 8], [13, 7], [12, 7], [12, 6], [12, 7], [12, 8], [11, 9], [12, 10], [12, 9], [13, 8], [14, 7], [15, 8], [16, 7], [16, 6], [17, 6], [17, 5], [18, 5], [19, 4], [20, 5], [21, 6]]
