[[0, 3], [1, 2], [2, 2], [3, 3], [4, 2], [5, 2], [6, 2], [7, 3], [8, 3], [9, 3], [10, 2], [11, 3], [12, 3], [13, 2], [14, 2], [15, 2], [16, 2], [17, 2], [18, 1], [19, 0], [20, 0], [21, 1], [22, 0], [23, 0], [24, 0], [25, 1]]
[[0, 3], [1, 3], [2, 2], [3, 2], [4, 1], [5, 2], [6, 1], [7, 2], [8, 3], [9, 4], [10, 3], [11, 4], [12, 4], [13, 5], [14, 4], [15, 4], [16, 3], [17, 2], [18, 1], [19, 1], [20, 0], [21, 1], [22, 0], [23, 0], [24, 0], [25, 1]]
[[0, 3], [1, 2], [2, 1], [3, 2], [4, 1], [5, 2], [6, 2], [7, 1], [8, 2], [9, 2], [10, 1], [11, 2], [12, 2], [13, 1], [14, 1], [15, 0], [16, 1], [17, 0], [18, 0], [19, 1], [20, 2], [21, 2], [22, 2], [23, 1], [24, 1], [25, 1]]
[[0, 3], [1, 3], [2, 2], [3, 1], [4, 2], [5, 2], [6, 3], [7, 2], [8, 3], [9, 2], [10, 3], [11, 2], [12, 1], [13, 1], [14, 1], [15, 0], [16, 1], [17, 0], [18, 1], [19, 1], [20, 2], [21, 1], [22, 2], [23, 1], [24, 0], [25, 1]]
[[0, 3], [1, 2], [2, 2], [3, 1], [4, 2], [5, 2], [6, 2], [7, 1], [8, 2], [9, 3], [10, 2], [11, 2], [12, 3], [13, 2], [14, 2], [15, 3], [16, 2], [17, 1], [18, 1], [19, 1], [20, 2], [21, 1], [22, 2], [23, 2], [24, 1], [25, 1]]
[[0, 3], [1, 2], [2, 1], [3, 0], [4, 1], [5, 0], [6, 1], [7, 2], [8, 3], [9, 4], [10, 3], [11, 2], [12, 3], [13, 4], [14, 3], [15, 2], [16, 3], [17, 3], [18, 2], [19, 3], [20, 2], [21, 3], [22, 3], [23, 2], [24, 2], [25, 1]]
[[0, 3], [1, 2], [2, 2], [3, 3], [4, 2], [5, 2], [6, 2], [7, 3], [8, 3], [9, 3], [10, 2], [11, 3], [12, 3], [13, 2], [14, 2], [15, 2], [16, 2], [17, 2], [18, 1], [19, 0], [20, 0], [21, 1], [22, 0], [23, 0], [24, 0], [25, 1]]
[[0, 3], [1, 4], [2, 3], [3, 3], [4, 3], [5, 3], [6, 3], [7, 2], [8, 1], [9, 1], [10, 2], [11, 2], [12, 2], [13, 2], [14, 3], [15, 3], [16, 2], [17, 2], [18, 3], [19, 3], [20, 2], [21, 3], [22, 3], [23, 2], [24, 1], [25, 1]]
[[0, 3], [1, 4], [2, 3], [3, 2], [4, 3], [5, 4], [6, 3], [7, 3], [8, 3], [9, 2], [10, 1], [11, 2], [12, 3], [13, 2], [14, 2], [15, 3], [16, 3], [17, 3], [18, 2], [19, 3], [20, 3], [21, 4], [22, 4], [23, 3], [24, 2], [25, 1]]
[[0, 3], [1, 2], [2, 3], [3, 2], [4, 1], [5, 2], [6, 2], [7, 1], [8, 1], [9, 1], [10, 2], [11, 3], [12, 4], [13, 5], [14, 5], [15, 4], [16, 3], [17, 4], [18, 3], [19, 3], [20, 2], [21, 2], [22, 3], [23, 2], [24, 1], [25, 1]]
[[0, 3], [1, 4], [2, 3], [3, 4], [4, 4], [5, 3], [6, 2], [7, 3], [8, 4], [9, 3], [10, 2], [11, 3], [12, 2], [13, 2], [14, 1], [15, 1], [16, 2], [17, 1], [18, 0], [19, 0], [20, 0], [21, 1], [22, 0], [23, 1], [24, 2], [25, 1]]
[[0, 3], [1, 3], [2, 2], [3, 2], [4, 2], [5, 3], [6, 3], [7, 2], [8, 1], [9, 1], [10, 2], [11, 2], [12, 2], [13, 2], [14, 1], [15, 1], [16, 2], [17, 3], [18, 4], [19, 4], [20, 3], [21, 2], [22, 2], [23, 2], [24, 2], [25, 1]]
[[0, 3], [1, 3], [2, 2], [3, 3], [4, 2], [5, 2], [6, 1], [7, 1], [8, 1], [9, 2], [10, 3], [11, 2], [12, 3], [13, 3], [14, 3], [15, 4], [16, 3], [17, 4], [18, 5], [19, 4], [20, 3], [21, 3], [22, 3], [23, 3], [24, 2], [25, 1]]
[[0, 3], [1, 2], [2, 2], [3, 1], [4, 1], [5, 2], [6, 1], [7, 2], [8, 2], [9, 3], [10, 3], [11, 2], [12, 1], [13, 2], [14, 2], [15, 1], [16, 2], [17, 3], [18, 2], [19, 3], [20, 2], [21, 1], [22, 2], [23, 1], [24, 1], [25, 1]]
[[0, 3], [1, 2], [2, 1], [3, 2], [4, 3], [5, 3], [6, 2], [7, 1], [8, 2], [9, 2], [10, 3], [11, 4], [12, 4], [13, 3], [14, 4], [15, 3], [16, 3], [17, 2], [18, 3], [19, 4], [20, 3], [21, 3], [22, 3], [23, 2], [24, 1], [25, 1]]
[[0, 3], [1, 3], [2, 2], [3, 1], [4, 1], [5, 1], [6, 2], [7, 2], [8, 3], [9, 3], [10, 2], [11, 3], [12, 2], [13, 1], [14, 1], [15, 0], [16, 1], [17, 0], [18, 0], [19, 1], [20, 0], [21, 1], [22, 0], [23, 0], [24, 0], [25, 1]]
[[0, 3], [1, 2], [2, 2], [3, 2], [4, 2], [5, 2], [6, 3], [7, 3], [8, 2], [9, 2], [10, 2], [11, 2], [12, 1], [13, 2], [14, 3], [15, 2], [16, 3], [17, 3], [18, 4], [19, 4], [20, 3], [21, 3], [22, 2], [23, 2], [24, 2], [25, 1]]
[[0, 3], [1, 4], [2, 3], [3, 3], [4, 2], [5, 1], [6, 2], [7, 3], [8, 2], [9, 2], [10, 1], [11, 2], [12, 3], [13, 2], [14, 2], [15, 3], [16, 2], [17, 2], [18, 2], [19, 1], [20, 0], [21, 1], [22, 2], [23, 3], [23, 2], [24, 2], [25, 1]]
[[0, 3], [1, 3], [2, 2], [2, 1], [3, 0], [4, 0], [5, 1], [6, 2], [7, 2], [8, 2], [9, 2], [10, 3], [11, 2], [12, 3], [13, 2], [14, 1], [15, 2], [16, 1], [17, 1], [18, 1], [19, 1], [20, 2], [21, 3], [22, 2], [23, 1], [24, 1], [25, 1]]
[[0, 3], [1, 2], [1, 1], [2, 0], [3, 0], [4, 1], [5, 0], [6, 1], [7, 0], [7, 1], [8, 2], [9, 1], [10, 2], [10, 3], [11, 3], [12, 3], [13, 3], [14, 3], [15, 2], [16, 1], [17, 1], [18, 2], [19, 3], [20, 2], [21, 1], [22, 2], [23, 2], [24, 2], [25, 1]]
