[[20, 11], [21, 12], [21, 13], [20, 14], [21, 15], [20, 16]]
[[20, 11], [20, 12], [19, 13], [18, 14], [19, 15], [20, 16]]
[[20, 11], [20, 12], [21, 13], [22, 14], [21, 15], [20, 16]]
[[20, 11], [21, 12], [21, 13], [20, 14], [21, 15], [20, 16]]
[[20, 11], [20, 12], [19, 13], [20, 14], [19, 15], [20, 16]]
[[20, 11], [20, 12], [20, 13], [19, 14], [19, 15], [20, 16]]
[[20, 11], [21, 12], [22, 13], [21, 14], [21, 15], [20, 16]]
[[20, 11], [20, 12], [21, 13], [21, 14], [22, 15], [21, 16], [20, 16]]
[[20, 11], [20, 12], [20, 13], [21, 13], [21, 14], [22, 13], [22, 14], [21, 15], [20, 16]]
[[20, 11], [19, 11], [18, 11], [17, 10], [16, 10], [15, 10], [15, 9], [16, 10], [15, 11], [14, 10], [14, 9], [14, 10], [13, 11], [14, 11], [15, 11], [16, 12], [16, 13], [17, 14], [18, 15], [17, 16], [18, 15], [19, 15], [19, 14], [20, 13], [21, 13], [22, 13], [21, 13], [21, 14], [22, 15], [23, 16], [22, 16], [21, 15], [20, 14], [19, 13], [18, 14], [17, 13], [18, 12], [17, 12], [17, 11], [17, 10], [17, 9], [18, 9], [19, 8], [20, 7], [19, 8], [19, 9], [20, 8], [21, 9], [21, 8], [22, 9], [22, 8], [23, 9], [24, 9], [23, 8], [24, 7], [25, 6], [26, 7], [25, 7], [26, 6], [26, 7], [27, 6], [28, 7], [27, 8], [26, 8], [26, 9], [25, 9], [26, 10], [26, 11], [26, 12], [26, 13], [25, 14], [26, 15], [26, 16], [27, 17], [28, 17], [28, 16], [27, 15], [28, 15], [27, 15], [26, 14], [25, 14], [24, 15], [23, 16], [22, 16], [22, 17], [22, 16], [21, 15], [20, 16]]
