[[11, 1], [12, 1], [13, 0], [14, 1], [15, 2], [16, 2], [17, 2], [18, 3], [19, 4], [20, 5], [21, 6], [22, 7], [23, 8], [24, 7]]
[[11, 1], [12, 2], [13, 3], [14, 4], [15, 3], [16, 4], [17, 5], [18, 6], [19, 6], [20, 7], [21, 8], [22, 7], [23, 8], [24, 7]]
[[11, 1], [12, 0], [13, 0], [14, 1], [15, 1], [16, 1], [17, 2], [18, 3], [19, 4], [20, 5], [21, 6], [22, 7], [23, 6], [24, 7]]
[[11, 1], [12, 1], [13, 0], [14, 1], [15, 2], [16, 2], [17, 2], [18, 3], [19, 4], [20, 5], [21, 6], [22, 7], [23, 8], [24, 7]]
[[11, 1], [12, 2], [13, 3], [14, 4], [15, 5], [16, 6], [17, 5], [18, 6], [19, 5], [20, 6], [21, 7], [22, 6], [23, 7], [24, 7]]
[[11, 1], [12, 1], [13, 2], [14, 1], [15, 2], [16, 1], [17, 2], [18, 3], [19, 4], [20, 5], [21, 6], [22, 7], [23, 8], [24, 7]]
[[11, 1], [12, 2], [13, 2], [14, 3], [15, 3], [16, 4], [17, 5], [18, 6], [19, 6], [20, 7], [21, 6], [22, 6], [23, 7], [24, 7]]
[[11, 1], [12, 0], [13, 0], [14, 1], [15, 1], [16, 1], [17, 2], [18, 3], [19, 2], [20, 3], [21, 3], [22, 4], [23, 5], [23, 6], [24, 7]]
[[11, 1], [12, 1], [12, 2], [13, 3], [14, 2], [15, 3], [16, 4], [17, 5], [18, 6], [19, 6], [20, 6], [21, 7], [22, 7], [23, 7], [24, 7]]
[[11, 1], [12, 2], [13, 2], [14, 2], [15, 2], [16, 3], [17, 4], [18, 5], [19, 6], [20, 7], [21, 7], [22, 6], [23, 5], [24, 6], [24, 7]]
[[11, 1], [11, 2], [12, 2], [13, 2], [14, 2], [15, 3], [16, 4], [17, 5], [18, 6], [19, 6], [20, 7], [21, 7], [22, 6], [23, 6], [23, 7], [24, 7]]
[[11, 1], [12, 2], [13, 3], [14, 2], [15, 2], [15, 1], [16, 2], [17, 3], [18, 2], [19, 3], [19, 4], [20, 5], [21, 6], [22, 7], [21, 7], [21, 6], [22, 7], [22, 8], [23, 7], [24, 7]]
[[11, 1], [12, 1], [12, 2], [13, 2], [14, 3], [15, 2], [16, 3], [16, 2], [17, 1], [18, 2], [19, 2], [20, 1], [21, 2], [22, 2], [23, 3], [24, 4], [23, 5], [24, 6], [25, 6], [24, 7]]
[[11, 1], [12, 1], [12, 2], [13, 3], [14, 4], [15, 5], [16, 6], [16, 5], [16, 6], [17, 6], [18, 5], [19, 5], [20, 6], [21, 7], [21, 6], [20, 6], [21, 7], [22, 6], [22, 7], [23, 7], [24, 6], [24, 7]]
[[11, 1], [12, 2], [13, 3], [13, 4], [14, 4], [15, 5], [16, 6], [17, 7], [18, 6], [18, 7], [18, 8], [19, 7], [20, 6], [21, 7], [20, 7], [19, 6], [20, 5], [21, 6], [21, 5], [22, 6], [23, 6], [24, 5], [23, 6], [24, 7]]
[[11, 1], [12, 1], [13, 2], [14, 1], [14, 2], [15, 1], [14, 0], [15, 1], [16, 2], [17, 1], [17, 2], [17, 3], [18, 2], [18, 1], [19, 2], [20, 3], [21, 2], [21, 3], [21, 4], [22, 4], [23, 4], [24, 4], [24, 5], [23, 4], [24, 5], [23, 6], [24, 7]]
[[11, 1], [10, 1], [11, 1], [11, 0], [12, 1], [13, 2], [14, 2], [13, 2], [14, 2], [15, 2], [16, 2], [17, 2], [16, 3], [15, 3], [16, 4], [16, 5], [16, 6], [17, 5], [18, 6], [19, 7], [20, 8], [21, 9], [22, 8], [21, 7], [22, 8], [23, 8], [24, 7]]
[[11, 1], [12, 2], [11, 2], [10, 1], [9, 2], [8, 3], [9, 4], [9, 5], [10, 5], [9, 6], [10, 6], [11, 6], [12, 5], [12, 4], [13, 5], [12, 6], [12, 7], [13, 6], [13, 7], [14, 8], [15, 8], [16, 9], [17, 9], [17, 10], [16, 11], [17, 12], [17, 11], [16, 12], [17, 13], [17, 14], [16, 15], [15, 15], [15, 16], [15, 17], [14, 17], [14, 16], [14, 15], [13, 16], [12, 17], [11, 18], [12, 19], [13, 18], [13, 19], [14, 19], [15, 18], [15, 19], [16, 19], [17, 18], [18, 18], [19, 19], [20, 18], [20, 17], [21, 18], [22, 17], [23, 16], [22, 15], [23, 15], [22, 16], [21, 16], [20, 15], [21, 15], [21, 14], [22, 14], [21, 13], [21, 12], [20, 13], [19, 12], [19, 11], [19, 10], [19, 9], [18, 10], [18, 11], [18, 12], [18, 13], [18, 14], [18, 15], [18, 16], [17, 16], [16, 17], [17, 17], [18, 17], [19, 16], [19, 15], [20, 16], [21, 17], [22, 18], [23, 19], [24, 19], [24, 18], [25, 19], [26, 19], [27, 18], [28, 17], [28, 18], [29, 18], [29, 17], [28, 16], [27, 15], [26, 16], [26, 15], [25, 16], [24, 17], [25, 17], [24, 16], [25, 15], [24, 15], [24, 14], [23, 14], [22, 13], [22, 12], [22, 11], [23, 11], [23, 12], [24, 13], [24, 12], [24, 11], [25, 10], [26, 11], [26, 10], [25, 11], [24, 10], [24, 9], [25, 8], [24, 7]]
