[[25, 7], [24, 6], [23, 5], [22, 5], [21, 4], [20, 5], [19, 6], [18, 7], [17, 7], [16, 7], [15, 8], [14, 8], [13, 8], [12, 9]]
[[25, 7], [24, 6], [23, 5], [22, 6], [21, 5], [20, 5], [19, 6], [18, 6], [17, 7], [16, 8], [15, 8], [14, 7], [13, 8], [12, 9]]
[[25, 7], [24, 6], [23, 6], [22, 5], [21, 6], [20, 5], [19, 6], [18, 5], [17, 5], [16, 6], [15, 7], [14, 8], [13, 9], [12, 9]]
[[25, 7], [24, 8], [23, 8], [22, 9], [21, 8], [20, 9], [19, 9], [18, 9], [17, 10], [16, 9], [15, 8], [14, 7], [13, 8], [12, 9]]
[[25, 7], [24, 6], [23, 5], [22, 5], [21, 4], [20, 5], [19, 6], [18, 7], [17, 7], [16, 7], [15, 8], [14, 8], [13, 8], [12, 9]]
[[25, 7], [24, 7], [23, 7], [22, 8], [21, 7], [20, 7], [19, 8], [18, 8], [17, 7], [16, 7], [15, 8], [14, 8], [13, 8], [12, 9]]
[[25, 7], [24, 6], [23, 5], [22, 5], [21, 5], [20, 4], [19, 5], [18, 6], [17, 6], [16, 6], [15, 7], [14, 7], [13, 8], [12, 9]]
[[25, 7], [24, 7], [23, 8], [22, 7], [21, 8], [20, 9], [19, 8], [18, 9], [17, 10], [16, 11], [15, 11], [14, 10], [13, 10], [12, 9]]
[[25, 7], [24, 7], [23, 7], [22, 6], [21, 6], [20, 7], [19, 8], [18, 7], [17, 7], [16, 7], [15, 8], [14, 7], [13, 8], [12, 9]]
[[25, 7], [24, 6], [23, 5], [22, 4], [21, 4], [20, 5], [19, 6], [18, 7], [17, 8], [16, 9], [15, 10], [14, 10], [13, 9], [12, 9]]
[[25, 7], [24, 6], [23, 5], [22, 6], [21, 7], [20, 8], [19, 9], [18, 8], [17, 9], [16, 8], [15, 8], [14, 9], [13, 8], [12, 9]]
[[25, 7], [24, 6], [23, 5], [22, 4], [21, 5], [20, 5], [20, 6], [19, 6], [18, 6], [17, 6], [16, 7], [15, 8], [14, 9], [13, 10], [12, 9]]
[[25, 7], [24, 6], [23, 5], [22, 4], [21, 4], [20, 4], [19, 5], [18, 6], [18, 5], [17, 5], [18, 6], [17, 6], [16, 7], [15, 8], [14, 8], [14, 7], [15, 6], [14, 7], [13, 8], [12, 9]]
[[25, 7], [24, 8], [23, 8], [22, 8], [22, 9], [21, 9], [20, 8], [20, 9], [20, 8], [19, 8], [18, 8], [19, 8], [18, 9], [17, 9], [16, 9], [15, 10], [14, 9], [13, 9], [13, 8], [12, 9]]
[[25, 7], [24, 8], [25, 9], [24, 8], [23, 9], [22, 9], [21, 10], [20, 9], [20, 10], [19, 11], [18, 10], [19, 11], [18, 11], [17, 10], [16, 10], [15, 11], [14, 10], [13, 10], [13, 9], [12, 9]]
[[25, 7], [26, 8], [27, 8], [26, 9], [25, 10], [26, 10], [25, 9], [24, 10], [23, 9], [22, 9], [21, 10], [20, 9], [19, 8], [18, 7], [17, 8], [16, 8], [15, 8], [14, 9], [13, 9], [12, 9]]
[[25, 7], [25, 6], [24, 6], [23, 7], [23, 8], [24, 8], [25, 9], [24, 9], [23, 10], [22, 9], [21, 10], [20, 9], [20, 8], [19, 9], [19, 10], [18, 10], [18, 9], [17, 8], [16, 8], [16, 9], [15, 10], [14, 9], [14, 10], [15, 11], [14, 11], [13, 10], [12, 9]]
[[25, 7], [26, 8], [27, 9], [26, 10], [27, 10], [26, 11], [27, 12], [28, 11], [28, 10], [29, 11], [29, 12], [29, 13], [28, 14], [29, 14], [28, 15], [29, 16], [29, 15], [28, 16], [27, 17], [28, 18], [28, 19], [27, 19], [26, 18], [26, 19], [27, 18], [28, 17], [27, 16], [26, 16], [25, 17], [25, 18], [25, 19], [24, 18], [24, 17], [24, 16], [23, 15], [22, 15], [23, 16], [24, 15], [25, 15], [25, 16], [26, 15], [27, 15], [26, 14], [27, 14], [26, 13], [25, 13], [24, 13], [24, 12], [25, 12], [25, 11], [24, 11], [25, 10], [26, 9], [25, 8], [24, 7], [23, 7], [24, 8], [25, 9], [24, 10], [23, 9], [22, 10], [22, 11], [23, 10], [23, 11], [23, 12], [23, 13], [22, 12], [23, 13], [24, 12], [25, 11], [26, 11], [25, 10], [24, 10], [24, 11], [23, 11], [22, 10], [22, 9], [22, 8], [23, 7], [23, 6], [22, 6], [23, 5], [22, 4], [21, 3], [20, 3], [19, 3], [18, 3], [19, 2], [20, 1], [19, 0], [20, 0], [21, 1], [21, 2], [20, 2], [19, 1], [18, 1], [17, 2], [18, 2], [17, 3], [16, 4], [15, 4], [15, 5], [16, 5], [17, 4], [16, 3], [16, 2], [15, 2], [16, 1], [15, 0], [14, 1], [13, 1], [13, 2], [12, 2], [12, 3], [11, 2], [10, 2], [9, 1], [8, 2], [7, 1], [6, 0], [6, 1], [7, 2], [8, 1], [9, 0], [10, 0], [10, 1], [11, 1], [11, 0], [12, 0], [13, 0], [14, 0], [15, 1], [14, 2], [14, 3], [13, 3], [12, 4], [11, 5], [11, 6], [10, 6], [10, 5], [9, 5], [10, 4], [10, 3], [9, 3], [8, 4], [7, 5], [8, 5], [8, 6], [8, 7], [9, 6], [10, 7], [10, 8], [10, 9], [10, 10], [9, 11], [8, 12], [7, 11], [8, 11], [7, 10], [6, 9], [6, 10], [7, 9], [7, 8], [8, 9], [9, 10], [10, 11], [11, 10], [11, 11], [10, 12], [9, 13], [9, 12], [8, 13], [9, 14], [8, 14], [7, 13], [6, 13], [5, 12], [6, 11], [6, 12], [5, 13], [4, 13], [4, 12], [3, 11], [2, 12], [2, 11], [3, 12], [3, 13], [3, 14], [2, 13], [1, 12], [1, 11], [0, 10], [1, 10], [0, 11], [0, 12], [0, 13], [1, 14], [2, 15], [1, 16], [2, 17], [3, 18], [4, 17], [4, 16], [5, 16], [6, 17], [7, 16], [8, 16], [9, 15], [9, 16], [8, 17], [9, 18], [8, 18], [9, 19], [10, 19], [10, 18], [10, 17], [11, 16], [12, 16], [12, 17], [13, 18], [12, 18], [11, 19], [11, 18], [11, 17], [10, 16], [10, 15], [11, 15], [12, 14], [11, 14], [12, 15], [13, 15], [13, 14], [12, 13], [12, 12], [13, 13], [14, 14], [14, 15], [13, 16], [13, 17], [14, 18], [15, 18], [16, 19], [15, 19], [16, 18], [16, 17], [15, 17], [15, 16], [16, 16], [17, 16], [16, 15], [17, 14], [18, 14], [19, 15], [20, 16], [21, 16], [21, 15], [22, 15], [21, 14], [20, 14], [19, 13], [19, 12], [18, 12], [19, 11], [20, 12], [20, 11], [19, 10], [20, 10], [20, 9], [21, 9], [20, 8], [20, 7], [21, 8], [21, 7], [22, 7], [21, 6], [20, 5], [19, 5], [18, 5], [18, 4], [17, 5], [17, 6], [17, 7], [18, 7], [17, 8], [16, 7], [15, 6], [16, 6], [15, 7], [14, 8], [14, 9], [15, 10], [16, 11], [16, 12], [15, 12], [14, 13], [14, 12], [13, 11], [14, 10], [13, 9], [12, 9]]
