[[8, 18], [9, 17], [9, 16], [10, 15], [9, 14], [9, 13], [8, 12], [9, 11], [10, 10], [11, 9], [11, 8], [12, 7], [13, 6], [14, 5], [15, 4], [16, 3], [17, 2], [17, 1]]
[[8, 18], [8, 17], [9, 16], [10, 15], [11, 14], [10, 13], [10, 12], [11, 11], [12, 10], [12, 9], [13, 8], [12, 7], [13, 6], [14, 5], [15, 4], [16, 3], [17, 2], [17, 1]]
[[8, 18], [9, 17], [10, 16], [11, 15], [11, 14], [11, 13], [10, 12], [11, 11], [12, 10], [13, 9], [14, 8], [14, 7], [14, 6], [15, 5], [16, 4], [16, 3], [16, 2], [17, 1]]
[[8, 18], [9, 17], [9, 16], [8, 15], [8, 14], [7, 13], [8, 12], [9, 11], [10, 10], [11, 9], [12, 8], [12, 7], [13, 6], [14, 5], [15, 4], [16, 3], [17, 2], [17, 1]]
[[8, 18], [9, 17], [9, 16], [10, 15], [9, 14], [9, 13], [8, 12], [9, 11], [10, 10], [11, 9], [11, 8], [12, 7], [13, 6], [14, 5], [15, 4], [16, 3], [17, 2], [17, 1]]
[[8, 18], [8, 17], [9, 16], [10, 15], [9, 14], [10, 13], [10, 12], [9, 11], [10, 10], [11, 9], [12, 8], [13, 7], [14, 6], [15, 5], [16, 4], [16, 3], [16, 2], [17, 1]]
[[8, 18], [9, 17], [9, 16], [10, 15], [9, 14], [10, 13], [10, 12], [9, 11], [10, 10], [11, 9], [12, 8], [13, 7], [14, 6], [15, 5], [16, 4], [16, 3], [17, 2], [17, 1]]
[[8, 18], [9, 17], [9, 16], [10, 15], [10, 14], [10, 13], [11, 12], [12, 11], [12, 10], [12, 9], [12, 8], [13, 7], [13, 6], [14, 5], [15, 4], [16, 3], [17, 2], [17, 1]]
[[8, 18], [8, 17], [8, 16], [8, 15], [7, 14], [8, 13], [9, 12], [10, 11], [10, 10], [11, 9], [11, 8], [12, 7], [13, 6], [14, 5], [15, 4], [16, 3], [17, 2], [17, 1]]
[[8, 18], [9, 17], [8, 16], [8, 15], [7, 14], [8, 13], [9, 12], [9, 11], [9, 10], [10, 9], [11, 8], [12, 7], [13, 6], [14, 5], [15, 4], [16, 3], [16, 2], [17, 1]]
[[8, 18], [9, 17], [8, 16], [8, 15], [9, 14], [8, 13], [9, 12], [9, 11], [10, 10], [11, 9], [12, 8], [12, 7], [13, 6], [14, 5], [15, 4], [16, 3], [16, 2], [17, 1]]
[[8, 18], [9, 17], [8, 16], [8, 15], [9, 14], [9, 13], [10, 12], [11, 11], [12, 10], [11, 9], [12, 8], [12, 7], [13, 6], [14, 5], [15, 4], [16, 3], [16, 2], [17, 1]]
[[8, 18], [8, 17], [9, 16], [8, 15], [9, 14], [9, 13], [9, 12], [10, 11], [10, 10], [10, 9], [11, 8], [12, 7], [13, 6], [14, 5], [15, 4], [16, 3], [17, 2], [17, 1]]
[[8, 18], [9, 17], [9, 16], [8, 15], [9, 14], [10, 13], [9, 12], [9, 11], [10, 10], [11, 9], [11, 8], [12, 7], [13, 6], [14, 5], [15, 4], [16, 3], [16, 2], [16, 1], [17, 1]]
[[8, 18], [8, 17], [8, 16], [7, 15], [8, 14], [7, 13], [7, 12], [7, 11], [8, 10], [9, 9], [10, 8], [10, 7], [11, 6], [12, 5], [13, 4], [14, 3], [15, 2], [16, 2], [17, 1]]
[[8, 18], [9, 17], [9, 16], [8, 15], [9, 14], [8, 13], [8, 12], [9, 11], [10, 10], [11, 9], [12, 8], [13, 7], [13, 6], [14, 5], [15, 4], [16, 3], [17, 2], [16, 1], [17, 1]]
[[8, 18], [9, 17], [8, 16], [8, 15], [9, 14], [10, 13], [10, 12], [10, 11], [10, 10], [10, 9], [11, 8], [10, 7], [11, 6], [12, 5], [13, 4], [14, 3], [14, 2], [15, 2], [16, 1], [17, 1]]
[[8, 18], [9, 17], [9, 16], [10, 15], [10, 14], [9, 13], [9, 12], [9, 11], [10, 10], [9, 10], [10, 10], [11, 9], [11, 8], [10, 7], [11, 6], [12, 5], [13, 5], [14, 5], [15, 4], [16, 4], [17, 4], [16, 3], [16, 2], [17, 1]]
[[8, 18], [9, 17], [8, 16], [8, 15], [9, 14], [10, 13], [9, 12], [10, 12], [10, 11], [11, 11], [12, 10], [11, 9], [10, 9], [11, 8], [12, 7], [13, 6], [14, 7], [15, 6], [14, 6], [13, 6], [14, 6], [15, 6], [14, 6], [15, 5], [15, 4], [14, 3], [15, 2], [16, 1], [17, 0], [17, 1], [17, 0], [16, 0], [17, 1]]
[[8, 18], [9, 17], [8, 16], [8, 15], [8, 14], [7, 13], [7, 14], [7, 13], [7, 14], [7, 13], [8, 13], [9, 13], [9, 12], [8, 13], [8, 12], [8, 11], [8, 10], [9, 9], [9, 8], [10, 9], [11, 8], [11, 9], [12, 9], [13, 10], [14, 9], [13, 8], [14, 7], [15, 6], [14, 7], [14, 6], [13, 5], [12, 5], [12, 4], [11, 4], [12, 3], [13, 2], [14, 2], [15, 2], [16, 1], [17, 1]]
