[[19, 7], [18, 8], [17, 9], [18, 10], [19, 11], [18, 12], [17, 13], [16, 14], [16, 15], [17, 16]]
[[19, 7], [18, 8], [18, 9], [18, 10], [17, 11], [18, 12], [17, 13], [17, 14], [17, 15], [17, 16]]
[[19, 7], [18, 8], [18, 9], [17, 10], [16, 11], [17, 12], [18, 13], [18, 14], [17, 15], [17, 16]]
[[19, 7], [18, 8], [17, 9], [18, 10], [19, 11], [18, 12], [17, 13], [16, 14], [16, 15], [17, 16]]
[[19, 7], [19, 8], [18, 9], [18, 10], [17, 11], [16, 12], [17, 13], [16, 14], [16, 15], [17, 16]]
[[19, 7], [18, 8], [17, 9], [18, 10], [17, 11], [17, 12], [17, 13], [16, 14], [17, 15], [17, 16]]
[[19, 7], [18, 8], [17, 9], [16, 10], [15, 11], [14, 12], [15, 13], [16, 14], [17, 15], [17, 16]]
[[19, 7], [20, 8], [21, 9], [20, 10], [19, 11], [18, 12], [18, 13], [18, 14], [18, 15], [17, 16]]
[[19, 7], [19, 8], [18, 9], [17, 10], [16, 11], [15, 12], [15, 13], [16, 14], [17, 15], [17, 16]]
[[19, 7], [19, 8], [18, 9], [19, 10], [19, 11], [18, 12], [17, 13], [16, 14], [17, 15], [17, 14], [18, 15], [17, 16]]
[[19, 7], [19, 8], [20, 8], [20, 9], [21, 10], [21, 9], [20, 10], [19, 11], [18, 12], [17, 13], [16, 14], [16, 15], [17, 15], [16, 16], [16, 17], [17, 16]]
[[19, 7], [19, 8], [20, 9], [21, 9], [21, 8], [20, 9], [20, 10], [21, 10], [22, 9], [23, 9], [24, 9], [25, 9], [24, 10], [25, 10], [26, 9], [25, 10], [25, 11], [24, 12], [25, 12], [25, 13], [26, 13], [25, 12], [24, 13], [24, 14], [25, 15], [24, 16], [24, 17], [23, 18], [22, 19], [21, 18], [20, 17], [19, 17], [18, 17], [17, 17], [16, 16], [15, 17], [14, 17], [15, 16], [15, 17], [14, 18], [13, 17], [12, 17], [12, 18], [11, 17], [10, 17], [11, 18], [10, 18], [9, 17], [8, 17], [9, 18], [9, 17], [9, 16], [9, 15], [10, 15], [10, 14], [11, 15], [11, 14], [10, 14], [11, 13], [12, 13], [13, 13], [14, 13], [14, 14], [15, 14], [15, 15], [16, 16], [17, 15], [17, 16], [17, 17], [17, 16], [18, 17], [17, 16]]
[[19, 7], [19, 6], [20, 7], [21, 6], [22, 5], [22, 4], [22, 3], [22, 2], [21, 3], [20, 2], [19, 3], [18, 4], [18, 3], [19, 2], [20, 2], [19, 3], [19, 2], [18, 1], [19, 2], [20, 2], [21, 2], [20, 2], [21, 1], [22, 2], [22, 3], [23, 3], [24, 3], [24, 4], [25, 3], [26, 3], [27, 3], [26, 3], [27, 2], [28, 3], [29, 4], [29, 3], [29, 4], [28, 4], [29, 4], [29, 5], [28, 4], [28, 5], [27, 5], [27, 6], [26, 7], [25, 7], [24, 7], [24, 6], [23, 5], [24, 4], [24, 3], [24, 2], [25, 3], [25, 2], [26, 2], [27, 1], [27, 0], [26, 1], [25, 0], [24, 1], [23, 1], [23, 0], [24, 1], [23, 1], [22, 2], [21, 2], [22, 2], [23, 2], [23, 3], [22, 4], [22, 5], [22, 6], [22, 7], [22, 8], [21, 8], [22, 8], [22, 9], [21, 9], [20, 10], [21, 11], [20, 10], [21, 11], [20, 12], [19, 12], [18, 13], [17, 12], [17, 11], [16, 11], [17, 10], [16, 11], [16, 12], [17, 12], [18, 12], [18, 13], [17, 14], [17, 15], [17, 14], [16, 15], [17, 16]]
[[19, 7], [19, 6], [20, 6], [21, 5], [20, 4], [20, 5], [21, 4], [21, 3], [21, 2], [22, 3], [23, 4], [24, 5], [25, 5], [25, 4], [25, 3], [24, 2], [25, 1], [26, 1], [27, 2], [28, 3], [27, 2], [28, 3], [27, 4], [27, 3], [28, 2], [29, 2], [28, 1], [29, 2], [28, 3], [28, 4], [29, 5], [29, 6], [29, 7], [29, 8], [28, 8], [28, 9], [29, 9], [28, 10], [29, 10], [29, 11], [28, 11], [27, 10], [26, 9], [27, 8], [28, 8], [27, 9], [26, 8], [25, 9], [24, 8], [25, 7], [24, 6], [23, 5], [24, 4], [23, 3], [22, 2], [23, 1], [23, 2], [22, 2], [23, 2], [23, 1], [22, 1], [21, 1], [20, 1], [19, 0], [18, 0], [18, 1], [17, 0], [17, 1], [16, 2], [15, 2], [14, 2], [13, 3], [13, 2], [12, 1], [11, 2], [10, 2], [10, 1], [9, 0], [9, 1], [9, 2], [9, 3], [8, 3], [7, 3], [6, 2], [5, 3], [5, 2], [4, 3], [3, 2], [2, 1], [1, 2], [0, 3], [1, 3], [0, 4], [1, 4], [1, 5], [2, 4], [3, 5], [4, 4], [5, 4], [6, 5], [7, 5], [6, 5], [5, 4], [4, 5], [3, 6], [2, 7], [1, 8], [2, 7], [3, 8], [3, 9], [4, 10], [3, 10], [4, 11], [3, 10], [4, 11], [4, 12], [5, 11], [6, 10], [7, 11], [8, 12], [8, 11], [8, 10], [9, 10], [10, 9], [11, 10], [12, 11], [13, 11], [13, 12], [13, 13], [14, 14], [15, 15], [16, 16], [17, 17], [17, 18], [18, 18], [19, 17], [19, 18], [18, 17], [18, 16], [18, 17], [17, 16], [17, 15], [16, 15], [16, 16], [17, 16]]
