[[0, 11], [1, 11], [2, 12], [3, 13], [4, 14], [5, 13]]
[[0, 11], [1, 11], [2, 12], [3, 13], [4, 14], [5, 13]]
[[0, 11], [1, 11], [2, 12], [3, 11], [4, 12], [5, 13]]
[[0, 11], [1, 11], [2, 12], [3, 13], [4, 14], [5, 13]]
[[0, 11], [1, 11], [2, 12], [3, 13], [4, 14], [5, 13]]
[[0, 11], [1, 11], [2, 12], [3, 13], [4, 12], [5, 13]]
[[0, 11], [1, 11], [2, 12], [3, 13], [4, 14], [5, 13]]
[[0, 11], [1, 11], [2, 12], [3, 11], [4, 12], [5, 13]]
[[0, 11], [1, 11], [2, 12], [3, 13], [4, 12], [5, 13]]
[[0, 11], [1, 11], [2, 12], [3, 11], [4, 12], [5, 13]]
[[0, 11], [1, 11], [2, 12], [3, 13], [4, 12], [5, 13]]
[[0, 11], [1, 10], [1, 11], [2, 12], [3, 13], [4, 14], [5, 13]]
[[0, 11], [1, 11], [0, 10], [1, 9], [0, 8], [1, 7], [1, 6], [2, 7], [1, 8], [2, 9], [3, 9], [4, 10], [4, 11], [5, 11], [4, 11], [5, 12], [6, 12], [7, 12], [7, 11], [8, 12], [7, 12], [6, 13], [5, 13], [5, 12], [4, 12], [3, 13], [2, 12], [1, 11], [0, 12], [0, 13], [1, 14], [2, 14], [2, 15], [3, 14], [3, 13], [4, 14], [5, 13]]
[[0, 11], [1, 10], [0, 10], [0, 9], [1, 8], [1, 9], [2, 9], [3, 8], [3, 9], [4, 9], [5, 10], [5, 9], [4, 10], [3, 11], [4, 11], [4, 12], [5, 11], [5, 12], [6, 12], [6, 13], [7, 12], [6, 11], [7, 10], [6, 9], [6, 8], [7, 8], [6, 7], [7, 7], [8, 6], [9, 6], [10, 6], [9, 7], [8, 8], [8, 9], [9, 10], [9, 9], [10, 9], [11, 10], [10, 11], [11, 11], [12, 12], [12, 11], [13, 12], [13, 13], [12, 14], [12, 13], [13, 14], [14, 13], [14, 12], [14, 11], [14, 10], [14, 9], [15, 8], [16, 8], [17, 7], [18, 6], [18, 5], [17, 5], [18, 4], [19, 5], [19, 6], [18, 7], [18, 8], [18, 9], [19, 10], [20, 10], [21, 10], [21, 11], [20, 11], [19, 12], [19, 11], [18, 11], [17, 10], [16, 11], [15, 10], [15, 11], [16, 12], [17, 13], [17, 14], [16, 15], [15, 16], [14, 16], [13, 15], [12, 15], [11, 14], [10, 13], [9, 13], [8, 14], [8, 13], [8, 12], [9, 12], [10, 12], [11, 13], [10, 14], [10, 15], [9, 16], [8, 17], [7, 16], [6, 16], [7, 17], [8, 16], [8, 15], [7, 14], [7, 15], [6, 14], [5, 15], [4, 14], [5, 13]]
