[[22, 9], [21, 8], [20, 9], [19, 10], [18, 11], [17, 12], [16, 12], [15, 13], [14, 14], [13, 14], [12, 15], [11, 16], [10, 16], [9, 15], [8, 16], [7, 17], [6, 18], [5, 18]]
[[22, 9], [21, 10], [20, 10], [19, 11], [18, 12], [17, 13], [16, 12], [15, 13], [14, 13], [13, 14], [12, 15], [11, 15], [10, 16], [9, 16], [8, 15], [7, 16], [6, 17], [5, 18]]
[[22, 9], [21, 8], [20, 9], [19, 10], [18, 11], [17, 12], [16, 12], [15, 13], [14, 14], [13, 14], [12, 15], [11, 16], [10, 16], [9, 15], [8, 16], [7, 17], [6, 18], [5, 18]]
[[22, 9], [21, 10], [20, 9], [19, 10], [18, 11], [17, 12], [16, 13], [15, 14], [14, 15], [13, 14], [12, 15], [11, 16], [10, 17], [9, 17], [8, 17], [7, 18], [6, 17], [5, 18]]
[[22, 9], [21, 10], [20, 10], [19, 10], [18, 11], [17, 11], [16, 12], [15, 13], [14, 14], [13, 15], [12, 16], [11, 15], [10, 15], [9, 16], [8, 16], [7, 16], [6, 17], [5, 18]]
[[22, 9], [21, 9], [20, 9], [19, 10], [18, 11], [17, 12], [16, 13], [15, 14], [14, 15], [13, 15], [12, 16], [11, 16], [10, 16], [9, 16], [8, 17], [7, 16], [6, 17], [5, 18]]
[[22, 9], [21, 9], [20, 10], [19, 11], [18, 12], [17, 13], [16, 14], [15, 15], [14, 14], [13, 14], [12, 15], [11, 15], [10, 16], [9, 17], [8, 18], [7, 17], [6, 18], [5, 18]]
[[22, 9], [21, 10], [20, 11], [19, 10], [18, 11], [17, 12], [16, 13], [15, 13], [14, 14], [13, 15], [12, 15], [11, 16], [10, 16], [9, 15], [8, 16], [7, 17], [6, 18], [5, 18]]
[[22, 9], [21, 10], [20, 11], [19, 11], [18, 12], [17, 13], [16, 14], [15, 14], [14, 13], [13, 14], [12, 15], [11, 15], [10, 16], [9, 17], [8, 17], [7, 17], [6, 17], [5, 18]]
[[22, 9], [21, 8], [20, 9], [19, 10], [18, 11], [17, 12], [16, 13], [15, 13], [14, 14], [13, 15], [12, 16], [11, 16], [10, 16], [9, 17], [8, 17], [7, 17], [6, 18], [5, 18]]
[[22, 9], [21, 10], [20, 11], [19, 11], [18, 12], [17, 12], [16, 13], [15, 12], [14, 13], [13, 14], [12, 15], [11, 15], [10, 16], [9, 16], [8, 17], [7, 18], [6, 17], [5, 18]]
[[22, 9], [21, 8], [20, 8], [20, 9], [19, 10], [18, 11], [17, 12], [16, 13], [15, 14], [14, 15], [13, 14], [12, 15], [11, 15], [10, 16], [9, 16], [8, 16], [7, 17], [6, 18], [5, 18]]
[[22, 9], [21, 8], [20, 9], [19, 10], [18, 11], [17, 12], [16, 13], [15, 13], [14, 14], [13, 15], [13, 16], [12, 15], [11, 16], [10, 16], [9, 17], [8, 18], [7, 17], [6, 18], [5, 18]]
[[22, 9], [21, 10], [20, 11], [19, 12], [18, 12], [17, 13], [16, 14], [15, 15], [14, 16], [13, 15], [12, 15], [11, 16], [10, 15], [9, 16], [8, 17], [7, 18], [6, 18], [5, 19], [5, 18]]
[[22, 9], [21, 10], [20, 11], [19, 11], [18, 10], [17, 11], [16, 12], [15, 13], [14, 13], [15, 14], [14, 15], [13, 16], [12, 16], [11, 15], [10, 16], [9, 17], [8, 18], [7, 19], [6, 18], [5, 18]]
[[22, 9], [21, 9], [20, 10], [19, 11], [18, 12], [17, 12], [16, 12], [15, 13], [16, 14], [15, 14], [14, 13], [13, 14], [12, 15], [11, 16], [10, 17], [9, 17], [8, 16], [7, 17], [6, 18], [5, 18]]
[[22, 9], [21, 8], [20, 9], [19, 10], [18, 11], [17, 12], [16, 13], [15, 13], [14, 14], [14, 15], [13, 16], [12, 15], [11, 16], [10, 16], [9, 16], [8, 17], [7, 17], [7, 18], [6, 18], [5, 18], [4, 19], [4, 18], [5, 18]]
[[22, 9], [21, 9], [20, 9], [19, 9], [18, 10], [17, 10], [16, 11], [15, 12], [14, 11], [13, 11], [12, 11], [11, 12], [12, 13], [11, 14], [10, 15], [9, 16], [10, 16], [10, 17], [9, 16], [9, 17], [8, 17], [7, 18], [6, 17], [5, 18]]
[[22, 9], [21, 10], [20, 10], [19, 9], [18, 10], [17, 11], [16, 12], [15, 11], [14, 10], [13, 11], [12, 12], [11, 12], [12, 13], [11, 14], [10, 15], [11, 15], [11, 16], [10, 15], [9, 16], [8, 16], [7, 17], [6, 16], [5, 17], [5, 18]]
[[22, 9], [21, 9], [20, 9], [19, 10], [20, 11], [19, 10], [19, 9], [18, 10], [17, 10], [16, 11], [15, 12], [16, 13], [16, 14], [15, 14], [15, 13], [15, 14], [14, 15], [13, 16], [12, 16], [11, 17], [10, 17], [10, 16], [9, 16], [8, 17], [9, 17], [8, 16], [7, 17], [6, 17], [5, 18]]
