[[19, 15], [20, 14], [21, 13], [22, 12], [23, 11], [22, 10], [22, 9]]
[[19, 15], [20, 14], [21, 13], [22, 12], [21, 11], [22, 10], [22, 9]]
[[19, 15], [20, 14], [21, 13], [22, 12], [21, 11], [22, 10], [22, 9]]
[[19, 15], [20, 14], [21, 13], [22, 12], [23, 11], [22, 10], [22, 9]]
[[19, 15], [20, 14], [21, 13], [22, 12], [21, 11], [22, 10], [22, 9]]
[[19, 15], [20, 14], [21, 13], [22, 12], [23, 11], [23, 10], [22, 9]]
[[19, 15], [20, 14], [21, 13], [22, 12], [23, 11], [23, 10], [22, 9]]
[[19, 15], [20, 14], [21, 13], [22, 12], [21, 11], [22, 10], [22, 9]]
[[19, 15], [20, 14], [21, 13], [22, 12], [23, 11], [23, 10], [22, 9]]
[[19, 15], [20, 14], [21, 13], [22, 12], [23, 11], [23, 10], [22, 9]]
[[19, 15], [20, 14], [21, 13], [22, 12], [21, 11], [22, 10], [22, 9]]
[[19, 15], [19, 14], [19, 13], [19, 12], [20, 11], [21, 11], [22, 10], [22, 9]]
[[19, 15], [18, 14], [19, 13], [19, 12], [20, 11], [21, 11], [22, 10], [22, 9]]
[[19, 15], [20, 14], [19, 13], [19, 12], [20, 11], [21, 11], [22, 10], [22, 9]]
[[19, 15], [18, 14], [19, 13], [19, 12], [20, 11], [21, 11], [22, 10], [22, 9]]
[[19, 15], [20, 14], [19, 13], [19, 12], [20, 11], [21, 11], [22, 10], [22, 9]]
[[19, 15], [20, 14], [19, 13], [18, 12], [19, 12], [19, 11], [20, 10], [21, 9], [22, 8], [21, 9], [22, 9]]
[[19, 15], [19, 14], [19, 13], [18, 13], [18, 12], [19, 11], [19, 10], [18, 10], [19, 9], [19, 10], [20, 9], [21, 8], [22, 9]]
[[19, 15], [18, 15], [19, 14], [18, 14], [18, 13], [17, 12], [18, 12], [18, 11], [19, 10], [19, 9], [18, 9], [19, 10], [20, 11], [20, 10], [21, 9], [22, 10], [23, 10], [22, 9]]
[[19, 15], [20, 16], [21, 17], [22, 17], [23, 16], [24, 16], [23, 15], [24, 15], [25, 14], [24, 13], [23, 12], [24, 13], [25, 14], [24, 13], [23, 12], [23, 11], [22, 10], [22, 9]]
