[[27, 11], [26, 11], [25, 12], [24, 13], [23, 14], [22, 15], [21, 15], [20, 14], [19, 14], [18, 13], [17, 14]]
[[27, 11], [26, 11], [25, 12], [24, 13], [23, 14], [22, 15], [21, 15], [20, 14], [19, 14], [18, 13], [17, 14]]
[[27, 11], [26, 11], [25, 12], [24, 11], [23, 12], [22, 13], [21, 13], [20, 14], [19, 14], [18, 15], [17, 14]]
[[27, 11], [26, 11], [25, 11], [24, 11], [23, 12], [22, 13], [21, 13], [20, 13], [19, 14], [18, 14], [17, 14]]
[[27, 11], [26, 11], [25, 12], [24, 12], [23, 13], [22, 14], [21, 14], [20, 15], [19, 16], [18, 15], [17, 14]]
[[27, 11], [26, 10], [25, 10], [24, 11], [23, 11], [22, 11], [21, 12], [20, 12], [19, 13], [18, 13], [17, 14]]
[[27, 11], [26, 11], [25, 12], [24, 12], [23, 13], [22, 13], [21, 14], [20, 14], [19, 14], [18, 14], [17, 14]]
[[27, 11], [26, 10], [25, 11], [24, 12], [23, 12], [22, 13], [21, 13], [20, 12], [19, 13], [18, 13], [17, 14]]
[[27, 11], [26, 11], [25, 11], [24, 12], [23, 13], [22, 12], [21, 12], [20, 13], [19, 13], [18, 14], [17, 14]]
[[27, 11], [26, 11], [25, 10], [24, 11], [23, 11], [22, 12], [21, 13], [20, 14], [19, 13], [18, 13], [17, 14]]
[[27, 11], [26, 10], [25, 11], [24, 11], [23, 11], [22, 12], [22, 13], [21, 13], [20, 13], [19, 13], [18, 14], [17, 14]]
[[27, 11], [26, 11], [25, 10], [25, 11], [24, 12], [23, 13], [22, 14], [21, 14], [20, 13], [19, 13], [18, 13], [17, 14]]
[[27, 11], [26, 11], [25, 11], [24, 12], [23, 11], [22, 12], [21, 11], [20, 11], [19, 11], [20, 12], [19, 13], [18, 13], [17, 14]]
[[27, 11], [26, 11], [25, 12], [24, 11], [23, 11], [23, 12], [22, 11], [21, 11], [20, 10], [20, 11], [20, 12], [19, 12], [18, 13], [19, 14], [18, 14], [17, 14]]
[[27, 11], [26, 11], [25, 12], [24, 12], [24, 13], [23, 13], [22, 13], [22, 14], [21, 15], [21, 16], [20, 15], [19, 14], [18, 15], [17, 14], [16, 14], [17, 14]]
[[27, 11], [26, 10], [25, 10], [24, 11], [23, 11], [22, 12], [21, 12], [20, 11], [20, 12], [19, 12], [19, 13], [19, 14], [19, 15], [18, 14], [17, 15], [17, 14]]
[[27, 11], [26, 11], [25, 12], [25, 13], [24, 13], [23, 14], [22, 13], [21, 14], [21, 15], [21, 14], [21, 13], [20, 13], [19, 13], [18, 14], [17, 15], [17, 14]]
[[27, 11], [27, 10], [26, 11], [25, 11], [24, 12], [23, 11], [22, 12], [22, 11], [21, 11], [20, 10], [19, 9], [19, 10], [18, 11], [17, 11], [18, 12], [17, 13], [16, 14], [17, 14]]
[[27, 11], [26, 11], [26, 10], [25, 11], [24, 12], [24, 13], [23, 12], [22, 11], [21, 11], [20, 10], [19, 10], [18, 10], [19, 11], [18, 12], [17, 12], [17, 13], [16, 14], [17, 14]]
[[27, 11], [26, 11], [26, 10], [25, 11], [24, 12], [24, 13], [23, 12], [22, 11], [23, 11], [22, 12], [21, 13], [20, 14], [19, 13], [20, 13], [19, 12], [18, 13], [18, 14], [17, 14]]
