[[11, 11], [10, 12], [9, 13], [8, 14], [7, 15], [6, 16], [5, 16], [4, 16], [3, 17]]
[[11, 11], [10, 12], [9, 13], [8, 14], [7, 15], [6, 16], [5, 17], [4, 16], [3, 17]]
[[11, 11], [10, 12], [9, 13], [8, 14], [7, 14], [6, 14], [5, 15], [4, 16], [3, 17]]
[[11, 11], [10, 12], [9, 13], [8, 14], [7, 15], [6, 16], [5, 16], [4, 16], [3, 17]]
[[11, 11], [10, 12], [9, 13], [8, 14], [7, 15], [6, 16], [5, 16], [4, 16], [3, 17]]
[[11, 11], [10, 12], [9, 13], [8, 12], [7, 13], [6, 14], [5, 15], [4, 16], [3, 17]]
[[11, 11], [10, 12], [9, 13], [8, 14], [7, 15], [6, 16], [5, 17], [4, 18], [3, 17]]
[[11, 11], [10, 12], [9, 13], [8, 14], [7, 15], [6, 16], [5, 17], [4, 17], [3, 17]]
[[11, 11], [10, 12], [9, 13], [8, 14], [7, 13], [6, 14], [5, 15], [4, 16], [3, 17]]
[[11, 11], [10, 12], [9, 13], [8, 14], [7, 15], [6, 16], [5, 17], [4, 18], [3, 17]]
[[11, 11], [10, 12], [9, 13], [8, 14], [7, 13], [6, 14], [5, 15], [4, 16], [3, 17]]
[[11, 11], [10, 12], [9, 13], [8, 14], [7, 15], [7, 16], [6, 16], [5, 16], [4, 17], [3, 17]]
[[11, 11], [10, 12], [9, 13], [8, 14], [8, 15], [7, 16], [6, 17], [5, 16], [4, 17], [3, 17]]
[[11, 11], [10, 12], [9, 13], [8, 14], [8, 15], [7, 15], [6, 16], [5, 16], [4, 17], [3, 17]]
[[11, 11], [10, 12], [9, 13], [8, 14], [7, 15], [7, 16], [6, 16], [5, 17], [4, 16], [3, 17]]
[[11, 11], [10, 12], [10, 13], [9, 14], [8, 15], [7, 15], [6, 14], [5, 15], [4, 16], [3, 17]]
[[11, 11], [10, 12], [9, 13], [8, 14], [7, 15], [6, 16], [5, 16], [4, 17], [4, 16], [5, 17], [4, 16], [3, 17]]
[[11, 11], [10, 12], [9, 11], [9, 10], [8, 9], [7, 9], [6, 9], [6, 10], [5, 11], [5, 12], [4, 13], [3, 14], [2, 15], [2, 16], [2, 17], [3, 17]]
[[11, 11], [10, 11], [9, 11], [8, 11], [8, 12], [9, 13], [8, 14], [7, 15], [8, 16], [7, 16], [6, 16], [6, 17], [6, 16], [5, 15], [4, 16], [3, 17]]
[[11, 11], [10, 12], [10, 11], [9, 10], [8, 9], [7, 10], [7, 11], [7, 12], [6, 12], [5, 12], [4, 13], [3, 14], [2, 15], [1, 16], [2, 16], [3, 17]]
