[[12, 2], [12, 3], [12, 4], [11, 5], [10, 6], [9, 7], [8, 8], [7, 9], [6, 10], [6, 11], [5, 12], [4, 13], [3, 14]]
[[12, 2], [11, 3], [10, 4], [9, 5], [9, 6], [9, 7], [8, 8], [7, 9], [6, 10], [5, 11], [4, 12], [4, 13], [3, 14]]
[[12, 2], [13, 3], [12, 4], [11, 5], [10, 6], [9, 7], [8, 8], [7, 9], [6, 10], [6, 11], [5, 12], [4, 13], [3, 14]]
[[12, 2], [12, 3], [12, 4], [11, 5], [10, 6], [9, 7], [8, 8], [7, 9], [6, 10], [6, 11], [5, 12], [4, 13], [3, 14]]
[[12, 2], [12, 3], [12, 4], [11, 5], [10, 6], [9, 7], [8, 8], [7, 9], [6, 10], [6, 11], [5, 12], [4, 13], [3, 14]]
[[12, 2], [11, 3], [10, 4], [9, 5], [9, 6], [8, 7], [8, 8], [7, 9], [6, 10], [5, 11], [4, 12], [4, 13], [3, 14]]
[[12, 2], [13, 3], [12, 4], [11, 5], [10, 6], [9, 7], [8, 8], [7, 9], [7, 10], [6, 11], [5, 12], [4, 13], [3, 14]]
[[12, 2], [12, 3], [11, 4], [11, 5], [10, 6], [9, 7], [8, 8], [7, 9], [7, 10], [6, 11], [5, 12], [4, 13], [3, 14]]
[[12, 2], [11, 3], [10, 4], [9, 5], [9, 6], [8, 7], [8, 8], [7, 9], [7, 10], [6, 11], [5, 12], [4, 13], [3, 14]]
[[12, 2], [13, 3], [12, 4], [11, 5], [10, 6], [9, 7], [8, 8], [7, 9], [6, 10], [5, 11], [4, 12], [4, 13], [3, 14]]
[[12, 2], [11, 3], [10, 4], [9, 5], [9, 6], [8, 7], [7, 8], [6, 9], [5, 10], [4, 11], [5, 12], [4, 13], [3, 14]]
[[12, 2], [11, 3], [12, 4], [11, 5], [10, 6], [9, 7], [8, 8], [7, 9], [6, 10], [5, 11], [4, 12], [4, 13], [3, 14]]
[[12, 2], [11, 3], [11, 4], [11, 5], [10, 6], [9, 6], [8, 7], [7, 8], [7, 9], [7, 10], [6, 11], [5, 12], [4, 13], [3, 14]]
[[12, 2], [11, 3], [10, 4], [11, 4], [11, 5], [10, 6], [9, 7], [8, 8], [7, 9], [6, 10], [5, 11], [4, 12], [5, 12], [4, 13], [3, 14]]
[[12, 2], [11, 3], [11, 4], [11, 5], [10, 6], [9, 6], [10, 7], [9, 7], [8, 8], [7, 9], [6, 10], [6, 11], [7, 10], [6, 11], [6, 12], [5, 13], [4, 13], [3, 14]]
[[12, 2], [11, 2], [10, 1], [10, 2], [9, 3], [8, 4], [7, 5], [8, 4], [7, 5], [7, 6], [6, 7], [6, 8], [7, 9], [6, 10], [5, 11], [4, 12], [4, 13], [4, 14], [4, 13], [3, 14]]
[[12, 2], [12, 3], [12, 4], [12, 5], [12, 6], [11, 6], [10, 6], [9, 7], [8, 7], [7, 8], [6, 9], [5, 10], [6, 11], [5, 12], [4, 12], [4, 13], [3, 14], [2, 15], [2, 14], [3, 14], [2, 15], [2, 14], [3, 14]]
[[12, 2], [12, 3], [11, 3], [11, 4], [12, 4], [11, 5], [12, 6], [12, 5], [11, 6], [10, 6], [9, 6], [9, 7], [8, 7], [8, 8], [7, 9], [6, 10], [7, 10], [6, 11], [5, 12], [5, 13], [6, 13], [5, 12], [4, 13], [3, 14]]
[[12, 2], [12, 3], [13, 4], [14, 4], [15, 5], [16, 5], [15, 6], [15, 7], [14, 8], [13, 8], [12, 7], [12, 6], [11, 7], [10, 7], [9, 8], [9, 9], [8, 10], [7, 10], [6, 11], [7, 12], [6, 13], [5, 12], [4, 13], [3, 14]]
[[12, 2], [11, 1], [11, 2], [11, 3], [12, 4], [11, 3], [11, 2], [10, 1], [9, 0], [8, 1], [7, 0], [6, 1], [7, 1], [6, 0], [5, 1], [4, 2], [3, 1], [4, 2], [3, 2], [3, 1], [2, 2], [1, 1], [0, 0], [1, 1], [0, 2], [1, 3], [2, 3], [1, 4], [2, 5], [1, 5], [1, 4], [0, 4], [1, 4], [0, 5], [1, 5], [2, 6], [1, 7], [1, 6], [1, 7], [1, 8], [2, 9], [2, 8], [3, 7], [4, 6], [5, 6], [6, 7], [5, 8], [5, 9], [5, 8], [5, 9], [4, 10], [3, 10], [2, 11], [3, 12], [4, 12], [4, 13], [3, 14]]
