[[9, 15], [8, 14], [8, 13], [7, 12], [7, 11], [7, 10], [8, 9], [9, 8], [8, 7], [7, 6]]
[[9, 15], [10, 14], [10, 13], [10, 12], [9, 11], [9, 10], [8, 9], [8, 8], [7, 7], [7, 6]]
[[9, 15], [9, 14], [10, 13], [10, 12], [10, 11], [11, 10], [10, 9], [9, 8], [8, 7], [7, 6]]
[[9, 15], [9, 14], [9, 13], [10, 12], [10, 11], [9, 10], [8, 9], [8, 8], [7, 7], [7, 6]]
[[9, 15], [10, 14], [9, 13], [10, 12], [10, 11], [10, 10], [10, 9], [9, 8], [8, 7], [7, 6]]
[[9, 15], [8, 14], [7, 13], [7, 12], [7, 11], [8, 10], [8, 9], [7, 8], [6, 7], [7, 6]]
[[9, 15], [10, 14], [11, 13], [10, 12], [9, 11], [9, 10], [8, 9], [9, 8], [8, 7], [7, 6]]
[[9, 15], [9, 14], [9, 13], [9, 12], [8, 11], [8, 10], [8, 9], [8, 8], [7, 7], [7, 6]]
[[9, 15], [9, 14], [10, 13], [10, 12], [9, 11], [8, 10], [8, 9], [8, 8], [7, 7], [7, 6]]
[[9, 15], [10, 14], [11, 13], [11, 12], [10, 11], [9, 10], [8, 9], [9, 8], [8, 7], [7, 6]]
[[9, 15], [8, 14], [8, 13], [7, 12], [7, 11], [7, 10], [8, 9], [9, 8], [8, 7], [7, 6]]
[[9, 15], [10, 14], [11, 13], [10, 12], [9, 11], [8, 10], [8, 9], [8, 8], [8, 7], [7, 6]]
[[9, 15], [8, 14], [9, 13], [8, 13], [7, 12], [6, 11], [5, 10], [6, 9], [5, 8], [6, 7], [7, 6]]
[[9, 15], [10, 14], [11, 14], [11, 13], [11, 12], [10, 11], [10, 10], [10, 9], [9, 8], [8, 7], [9, 7], [8, 7], [7, 6]]
[[9, 15], [9, 14], [9, 13], [8, 14], [8, 13], [9, 12], [8, 12], [8, 11], [7, 11], [6, 10], [5, 11], [5, 10], [5, 9], [5, 8], [5, 7], [5, 8], [4, 7], [5, 8], [6, 9], [7, 10], [8, 11], [9, 10], [8, 10], [8, 9], [8, 8], [8, 7], [7, 7], [7, 6]]
[[9, 15], [9, 14], [10, 14], [11, 14], [12, 14], [13, 13], [14, 14], [15, 15], [14, 15], [13, 16], [14, 17], [14, 18], [15, 19], [14, 19], [13, 19], [13, 18], [12, 17], [12, 18], [13, 17], [12, 16], [11, 15], [10, 16], [9, 16], [10, 17], [9, 17], [8, 16], [7, 16], [7, 17], [8, 17], [9, 16], [8, 16], [7, 15], [7, 14], [6, 13], [5, 12], [6, 11], [6, 10], [7, 11], [8, 11], [9, 11], [8, 10], [8, 9], [8, 10], [9, 11], [8, 12], [7, 12], [6, 13], [5, 12], [6, 11], [6, 10], [5, 10], [6, 9], [7, 10], [6, 9], [6, 8], [7, 8], [8, 7], [7, 7], [7, 6]]
[[9, 15], [8, 15], [7, 14], [6, 14], [6, 13], [5, 13], [6, 12], [6, 11], [6, 10], [7, 10], [8, 9], [9, 8], [9, 7], [9, 6], [9, 5], [9, 4], [10, 5], [11, 5], [11, 4], [11, 3], [12, 3], [13, 2], [14, 2], [13, 3], [13, 4], [13, 5], [12, 6], [13, 7], [14, 8], [14, 9], [15, 10], [14, 10], [15, 9], [16, 9], [17, 9], [18, 9], [18, 10], [19, 9], [20, 9], [19, 10], [20, 11], [20, 12], [21, 11], [22, 10], [22, 9], [21, 8], [20, 8], [20, 7], [19, 6], [20, 6], [21, 6], [22, 7], [23, 8], [23, 9], [22, 8], [21, 9], [21, 10], [20, 10], [19, 11], [18, 12], [19, 13], [19, 14], [18, 13], [18, 14], [17, 13], [17, 12], [16, 11], [17, 11], [17, 10], [16, 10], [15, 11], [14, 11], [13, 11], [13, 12], [12, 13], [12, 14], [13, 15], [14, 15], [15, 14], [15, 15], [16, 14], [15, 13], [16, 12], [16, 13], [17, 14], [16, 15], [15, 16], [16, 17], [15, 18], [16, 18], [16, 19], [17, 19], [18, 19], [17, 18], [17, 17], [16, 16], [17, 15], [18, 15], [18, 16], [19, 16], [19, 17], [20, 18], [21, 19], [22, 19], [22, 18], [21, 18], [22, 17], [23, 16], [24, 17], [25, 18], [26, 19], [27, 18], [28, 18], [27, 17], [26, 17], [26, 18], [27, 19], [28, 19], [29, 19], [29, 18], [28, 17], [29, 16], [28, 16], [29, 15], [28, 14], [29, 13], [29, 12], [28, 13], [27, 13], [27, 12], [26, 12], [26, 11], [25, 12], [25, 11], [26, 10], [25, 10], [26, 9], [27, 8], [27, 9], [26, 8], [25, 7], [24, 6], [23, 5], [23, 4], [24, 4], [23, 3], [23, 2], [24, 1], [23, 0], [23, 1], [22, 2], [21, 1], [22, 0], [21, 0], [20, 0], [20, 1], [19, 2], [18, 1], [17, 1], [16, 1], [15, 2], [14, 3], [15, 4], [15, 3], [16, 3], [17, 4], [17, 5], [16, 4], [17, 3], [18, 4], [19, 5], [19, 4], [20, 3], [21, 4], [22, 4], [21, 3], [22, 3], [21, 2], [20, 2], [19, 3], [18, 2], [17, 2], [16, 2], [15, 1], [14, 0], [14, 1], [13, 1], [13, 0], [12, 0], [12, 1], [11, 0], [10, 1], [10, 2], [9, 2], [9, 1], [10, 0], [11, 1], [11, 2], [10, 3], [9, 3], [8, 4], [8, 5], [8, 6], [7, 7], [6, 8], [6, 9], [7, 8], [8, 7], [7, 6]]
