[[20, 12], [20, 11], [21, 10], [21, 9], [21, 8], [22, 7], [22, 6], [21, 5], [21, 4], [21, 3], [22, 2], [23, 1]]
[[20, 12], [21, 11], [22, 10], [21, 9], [20, 8], [19, 7], [20, 6], [21, 5], [22, 4], [23, 3], [24, 2], [23, 1]]
[[20, 12], [21, 11], [22, 10], [21, 9], [22, 8], [22, 7], [23, 6], [24, 5], [23, 4], [22, 3], [23, 2], [23, 1]]
[[20, 12], [19, 11], [18, 10], [19, 9], [19, 8], [19, 7], [20, 6], [21, 5], [21, 4], [22, 3], [23, 2], [23, 1]]
[[20, 12], [21, 11], [22, 10], [22, 9], [22, 8], [23, 7], [22, 6], [21, 5], [20, 4], [21, 3], [22, 2], [23, 1]]
[[20, 12], [21, 11], [22, 10], [23, 9], [24, 8], [25, 7], [26, 6], [25, 5], [24, 4], [24, 3], [24, 2], [23, 1]]
[[20, 12], [21, 11], [21, 10], [20, 9], [19, 8], [18, 7], [19, 6], [20, 5], [21, 4], [22, 3], [23, 2], [23, 1]]
[[20, 12], [20, 11], [21, 10], [21, 9], [21, 8], [22, 7], [22, 6], [21, 5], [21, 4], [21, 3], [22, 2], [23, 1]]
[[20, 12], [20, 11], [20, 10], [21, 9], [20, 8], [20, 7], [21, 6], [22, 5], [22, 4], [22, 3], [21, 2], [22, 2], [23, 1]]
[[20, 12], [20, 11], [19, 10], [18, 9], [19, 8], [19, 7], [20, 7], [20, 6], [20, 5], [21, 4], [21, 3], [22, 2], [23, 1]]
[[20, 12], [21, 11], [22, 10], [21, 10], [20, 10], [20, 9], [21, 8], [22, 7], [22, 6], [21, 5], [21, 4], [22, 3], [23, 2], [23, 1]]
[[20, 12], [21, 11], [22, 10], [21, 10], [20, 10], [20, 9], [21, 8], [22, 7], [22, 6], [21, 5], [20, 4], [21, 3], [22, 2], [23, 1]]
[[20, 12], [20, 11], [20, 12], [21, 11], [20, 10], [21, 9], [21, 8], [22, 8], [21, 7], [21, 8], [20, 7], [21, 7], [20, 6], [21, 5], [22, 4], [23, 3], [22, 4], [22, 3], [22, 2], [22, 1], [23, 1]]
[[20, 12], [20, 11], [21, 11], [22, 12], [23, 11], [24, 11], [23, 12], [22, 13], [23, 12], [24, 12], [25, 13], [24, 12], [24, 11], [23, 10], [22, 9], [21, 8], [22, 7], [21, 8], [21, 7], [20, 6], [21, 5], [22, 4], [22, 3], [23, 2], [24, 2], [23, 1]]
[[20, 12], [19, 11], [20, 10], [21, 11], [22, 10], [23, 10], [23, 11], [24, 11], [25, 10], [25, 9], [25, 8], [24, 7], [24, 6], [25, 6], [26, 5], [25, 5], [26, 4], [26, 3], [26, 2], [26, 1], [25, 0], [24, 1], [25, 2], [26, 2], [27, 2], [28, 2], [27, 1], [28, 1], [29, 0], [29, 1], [28, 0], [27, 0], [26, 0], [25, 0], [24, 0], [23, 1]]
[[20, 12], [21, 12], [22, 13], [21, 14], [21, 15], [20, 14], [19, 15], [19, 14], [19, 13], [20, 13], [19, 12], [19, 11], [20, 11], [19, 10], [20, 9], [20, 8], [19, 8], [18, 9], [19, 9], [18, 8], [17, 9], [18, 10], [18, 11], [17, 10], [16, 10], [16, 11], [15, 11], [16, 12], [16, 13], [15, 14], [14, 13], [14, 12], [14, 11], [13, 11], [12, 12], [13, 13], [12, 14], [13, 14], [14, 15], [15, 16], [15, 15], [16, 15], [16, 16], [15, 17], [14, 18], [13, 19], [13, 18], [12, 18], [12, 19], [11, 19], [10, 19], [10, 18], [9, 18], [8, 19], [7, 18], [7, 17], [6, 16], [7, 15], [7, 16], [6, 17], [5, 18], [6, 18], [7, 19], [8, 18], [8, 17], [8, 16], [9, 15], [9, 14], [10, 13], [11, 13], [10, 14], [9, 13], [10, 12], [11, 11], [10, 11], [10, 10], [9, 9], [8, 8], [9, 8], [8, 7], [7, 6], [8, 5], [7, 4], [7, 3], [6, 4], [6, 3], [6, 2], [5, 1], [5, 2], [4, 2], [4, 1], [3, 0], [3, 1], [4, 0], [5, 0], [6, 1], [7, 2], [8, 1], [9, 2], [10, 1], [11, 0], [12, 1], [13, 2], [14, 2], [15, 3], [14, 4], [15, 4], [16, 5], [16, 4], [17, 3], [18, 4], [18, 5], [19, 5], [19, 6], [20, 5], [21, 5], [21, 6], [20, 6], [20, 7], [19, 7], [18, 6], [17, 7], [18, 7], [17, 8], [16, 7], [15, 7], [16, 8], [15, 8], [14, 9], [15, 10], [14, 10], [13, 10], [12, 10], [11, 9], [10, 9], [11, 8], [12, 8], [13, 9], [13, 8], [14, 7], [15, 6], [15, 5], [14, 5], [13, 5], [12, 4], [11, 4], [11, 5], [10, 5], [11, 6], [10, 7], [9, 7], [10, 8], [11, 7], [10, 6], [9, 5], [9, 4], [10, 3], [11, 2], [11, 1], [12, 0], [13, 1], [13, 0], [14, 0], [15, 1], [16, 0], [15, 0], [16, 1], [17, 1], [17, 2], [16, 2], [15, 2], [16, 3], [17, 4], [18, 3], [19, 2], [19, 1], [20, 0], [21, 1], [20, 1], [21, 2], [22, 3], [22, 4], [21, 3], [21, 4], [22, 5], [23, 4], [24, 3], [23, 2], [23, 3], [22, 2], [23, 1]]
