[[3, 2], [4, 3], [4, 4], [3, 5], [4, 6], [5, 7], [4, 8], [5, 9], [6, 10], [7, 11], [7, 12], [8, 13], [8, 14], [9, 15], [10, 16], [11, 17], [12, 18]]
[[3, 2], [3, 3], [3, 4], [3, 5], [2, 6], [3, 7], [3, 8], [4, 9], [5, 10], [6, 11], [7, 12], [8, 13], [9, 14], [9, 15], [10, 16], [11, 17], [12, 18]]
[[3, 2], [2, 3], [3, 4], [4, 5], [5, 6], [5, 7], [5, 8], [5, 9], [5, 10], [6, 11], [6, 12], [7, 13], [8, 14], [9, 15], [10, 16], [11, 17], [12, 18]]
[[3, 2], [4, 3], [4, 4], [3, 5], [4, 6], [5, 7], [4, 8], [5, 9], [6, 10], [7, 11], [7, 12], [8, 13], [8, 14], [9, 15], [10, 16], [11, 17], [12, 18]]
[[3, 2], [3, 3], [2, 4], [3, 5], [2, 6], [3, 7], [4, 8], [5, 9], [6, 10], [6, 11], [6, 12], [7, 13], [8, 14], [9, 15], [10, 16], [11, 17], [12, 18]]
[[3, 2], [4, 3], [3, 4], [4, 5], [4, 6], [5, 7], [4, 8], [4, 9], [5, 10], [6, 11], [7, 12], [7, 13], [8, 14], [9, 15], [10, 16], [11, 17], [12, 18]]
[[3, 2], [4, 3], [5, 4], [5, 5], [5, 6], [6, 7], [6, 8], [6, 9], [6, 10], [7, 11], [6, 12], [7, 13], [8, 14], [9, 15], [10, 16], [11, 17], [12, 18]]
[[3, 2], [2, 3], [2, 4], [3, 5], [4, 6], [5, 7], [5, 8], [5, 9], [6, 10], [7, 11], [7, 12], [7, 13], [8, 14], [9, 15], [10, 16], [11, 17], [12, 18]]
[[3, 2], [4, 3], [3, 4], [2, 5], [2, 6], [3, 7], [4, 8], [5, 9], [5, 10], [6, 11], [6, 12], [7, 13], [8, 14], [9, 15], [10, 16], [11, 17], [12, 18]]
[[3, 2], [4, 3], [4, 4], [4, 5], [4, 6], [5, 7], [4, 8], [5, 9], [6, 10], [6, 11], [7, 12], [7, 13], [8, 14], [9, 15], [10, 16], [11, 17], [12, 18]]
[[3, 2], [4, 3], [5, 4], [4, 5], [5, 6], [6, 7], [6, 8], [5, 9], [5, 10], [6, 11], [7, 12], [8, 13], [8, 14], [9, 15], [10, 16], [11, 17], [12, 18]]
[[3, 2], [4, 3], [3, 4], [4, 5], [4, 6], [5, 7], [6, 8], [6, 9], [6, 10], [7, 11], [8, 12], [9, 13], [9, 14], [9, 15], [10, 16], [11, 17], [12, 18]]
[[3, 2], [3, 3], [4, 4], [4, 5], [5, 6], [5, 7], [4, 8], [5, 9], [6, 10], [7, 11], [8, 12], [9, 13], [8, 14], [9, 15], [10, 16], [11, 17], [12, 18]]
[[3, 2], [4, 3], [4, 4], [5, 5], [4, 6], [5, 7], [6, 8], [7, 9], [8, 10], [9, 11], [8, 12], [8, 13], [9, 14], [9, 15], [10, 16], [11, 17], [12, 18]]
[[3, 2], [3, 3], [3, 4], [4, 5], [4, 6], [3, 7], [4, 8], [4, 9], [4, 10], [5, 11], [6, 12], [7, 13], [8, 14], [9, 15], [10, 16], [11, 17], [12, 18]]
[[3, 2], [4, 3], [4, 4], [3, 5], [4, 6], [5, 7], [4, 8], [5, 9], [6, 10], [7, 11], [7, 12], [8, 13], [8, 14], [9, 15], [10, 16], [11, 16], [12, 17], [12, 18]]
[[3, 2], [4, 3], [5, 4], [5, 5], [6, 6], [6, 7], [7, 7], [6, 8], [7, 9], [6, 10], [7, 11], [8, 12], [9, 13], [10, 14], [11, 15], [12, 16], [13, 17], [12, 18]]
[[3, 2], [3, 3], [4, 4], [4, 5], [4, 6], [5, 7], [6, 8], [7, 9], [6, 10], [7, 11], [8, 12], [8, 13], [9, 14], [10, 14], [11, 15], [12, 16], [11, 17], [12, 18]]
[[3, 2], [4, 3], [4, 4], [4, 5], [5, 6], [6, 7], [6, 8], [6, 9], [6, 10], [7, 11], [7, 12], [8, 13], [7, 14], [8, 13], [9, 14], [10, 14], [11, 15], [12, 16], [13, 17], [12, 18]]
[[3, 2], [4, 3], [4, 4], [5, 5], [6, 5], [5, 6], [6, 7], [5, 7], [6, 8], [7, 9], [8, 9], [9, 10], [10, 11], [11, 12], [12, 13], [11, 13], [12, 13], [11, 14], [11, 15], [12, 16], [11, 17], [12, 18]]
