[[25, 2], [24, 3], [23, 4], [22, 5], [21, 6], [20, 7]]
[[25, 2], [24, 3], [23, 4], [22, 5], [21, 6], [20, 7]]
[[25, 2], [24, 3], [23, 4], [22, 5], [21, 6], [20, 7]]
[[25, 2], [24, 3], [23, 4], [22, 5], [21, 6], [20, 7]]
[[25, 2], [24, 3], [23, 4], [22, 5], [21, 6], [20, 7]]
[[25, 2], [24, 3], [23, 4], [22, 5], [21, 6], [20, 7]]
[[25, 2], [24, 3], [23, 4], [22, 5], [21, 6], [20, 7]]
[[25, 2], [24, 3], [23, 4], [22, 5], [21, 6], [20, 7]]
[[25, 2], [24, 3], [23, 4], [22, 5], [21, 6], [20, 7]]
[[25, 2], [24, 3], [23, 4], [22, 5], [21, 6], [20, 7]]
[[25, 2], [24, 3], [23, 4], [22, 5], [21, 6], [20, 7]]
[[25, 2], [24, 3], [23, 4], [22, 5], [21, 6], [20, 7]]
[[25, 2], [24, 3], [23, 4], [22, 5], [21, 6], [20, 7]]
[[25, 2], [24, 2], [24, 3], [23, 4], [22, 5], [21, 6], [20, 7]]
[[25, 2], [24, 3], [23, 4], [22, 5], [21, 6], [21, 7], [20, 7]]
[[25, 2], [25, 3], [24, 4], [23, 5], [22, 6], [21, 7], [20, 7]]
[[25, 2], [25, 3], [24, 3], [23, 4], [22, 5], [21, 6], [21, 7], [20, 7]]
[[25, 2], [25, 3], [24, 3], [23, 3], [22, 4], [21, 5], [21, 6], [20, 7]]
[[25, 2], [24, 3], [23, 4], [22, 4], [22, 5], [21, 5], [20, 6], [19, 6], [20, 5], [21, 4], [21, 5], [20, 5], [19, 6], [20, 7]]
[[25, 2], [25, 1], [24, 1], [25, 1], [25, 2], [24, 2], [24, 3], [24, 4], [25, 3], [24, 4], [24, 3], [24, 2], [23, 3], [24, 4], [24, 5], [23, 4], [22, 4], [21, 3], [20, 4], [20, 5], [19, 5], [18, 5], [19, 4], [18, 5], [17, 6], [16, 5], [15, 4], [16, 5], [15, 5], [14, 6], [15, 7], [14, 8], [14, 7], [14, 8], [13, 9], [12, 8], [11, 8], [11, 7], [11, 8], [10, 9], [9, 8], [8, 9], [9, 9], [9, 10], [8, 11], [8, 12], [8, 13], [7, 13], [7, 14], [7, 15], [7, 16], [6, 15], [5, 14], [4, 15], [5, 16], [5, 15], [4, 15], [3, 15], [2, 14], [2, 13], [3, 12], [4, 13], [4, 12], [4, 11], [4, 12], [3, 12], [4, 13], [5, 12], [6, 13], [7, 14], [6, 14], [7, 14], [8, 14], [8, 15], [8, 14], [8, 13], [9, 13], [10, 12], [9, 11], [10, 12], [11, 11], [12, 11], [13, 12], [12, 12], [13, 12], [12, 11], [11, 11], [12, 11], [13, 11], [14, 12], [15, 11], [15, 10], [16, 9], [17, 9], [18, 8], [19, 7], [19, 8], [20, 8], [21, 7], [20, 8], [20, 9], [19, 9], [20, 10], [20, 11], [21, 11], [20, 12], [19, 13], [20, 13], [21, 14], [20, 14], [19, 13], [19, 12], [19, 13], [18, 14], [17, 15], [16, 15], [15, 16], [16, 17], [17, 18], [18, 18], [19, 19], [18, 19], [19, 19], [19, 18], [18, 17], [19, 17], [18, 16], [17, 15], [16, 14], [16, 13], [15, 13], [15, 12], [14, 12], [14, 13], [13, 13], [14, 12], [15, 11], [15, 10], [16, 9], [17, 9], [16, 8], [17, 8], [18, 7], [19, 8], [20, 7], [21, 7], [20, 7]]
