[[16, 12], [17, 12], [18, 13], [19, 13], [20, 14], [21, 15], [22, 15], [23, 15], [24, 15], [25, 16], [26, 16], [27, 16], [28, 15], [29, 16]]
[[16, 12], [17, 12], [18, 12], [19, 13], [20, 13], [21, 13], [22, 12], [23, 13], [24, 14], [25, 15], [26, 16], [27, 17], [28, 17], [29, 16]]
[[16, 12], [17, 12], [18, 13], [19, 13], [20, 14], [21, 15], [22, 15], [23, 15], [24, 15], [25, 16], [26, 16], [27, 16], [28, 15], [29, 16]]
[[16, 12], [17, 11], [18, 12], [19, 13], [20, 14], [21, 15], [22, 14], [23, 14], [24, 14], [25, 15], [26, 16], [27, 16], [28, 17], [29, 16]]
[[16, 12], [17, 12], [18, 13], [19, 14], [20, 15], [21, 14], [22, 15], [23, 16], [24, 17], [25, 16], [26, 17], [27, 17], [28, 16], [29, 16]]
[[16, 12], [17, 13], [18, 12], [19, 13], [20, 13], [21, 14], [22, 15], [23, 16], [24, 15], [25, 15], [26, 16], [27, 17], [28, 16], [29, 16]]
[[16, 12], [17, 13], [18, 14], [19, 14], [20, 15], [21, 15], [22, 14], [23, 14], [24, 14], [25, 15], [26, 16], [27, 16], [28, 15], [29, 16]]
[[16, 12], [17, 13], [18, 14], [19, 14], [19, 15], [20, 16], [21, 17], [22, 17], [23, 16], [24, 15], [25, 16], [26, 16], [27, 17], [28, 16], [29, 16]]
[[16, 12], [17, 13], [18, 13], [19, 14], [19, 13], [19, 14], [20, 15], [21, 16], [22, 17], [23, 17], [24, 17], [25, 16], [26, 17], [27, 17], [28, 17], [29, 16]]
[[16, 12], [17, 13], [17, 14], [17, 15], [18, 14], [18, 13], [19, 13], [20, 14], [21, 14], [22, 15], [23, 16], [24, 15], [25, 16], [26, 16], [27, 17], [28, 16], [29, 16]]
[[16, 12], [16, 13], [17, 13], [18, 13], [19, 13], [18, 14], [19, 13], [20, 13], [20, 14], [21, 14], [22, 13], [21, 14], [22, 13], [22, 14], [23, 14], [24, 15], [25, 15], [25, 16], [26, 17], [26, 16], [27, 17], [28, 18], [29, 18], [28, 17], [29, 16]]
[[16, 12], [15, 11], [14, 10], [14, 9], [15, 10], [14, 11], [13, 12], [13, 13], [12, 13], [11, 14], [10, 13], [11, 12], [11, 11], [12, 12], [11, 13], [12, 14], [12, 15], [13, 16], [13, 17], [12, 17], [13, 18], [14, 18], [14, 19], [15, 19], [16, 19], [15, 18], [16, 18], [17, 19], [18, 19], [19, 19], [19, 18], [18, 17], [19, 16], [18, 16], [19, 17], [20, 17], [21, 16], [20, 15], [21, 14], [21, 13], [22, 13], [22, 14], [22, 15], [23, 14], [23, 15], [24, 16], [23, 16], [24, 15], [25, 15], [26, 16], [27, 17], [27, 16], [28, 15], [27, 14], [28, 14], [27, 15], [28, 16], [29, 17], [29, 18], [28, 19], [28, 18], [27, 18], [28, 17], [27, 17], [26, 18], [25, 18], [26, 19], [27, 19], [28, 18], [29, 19], [28, 19], [29, 18], [29, 17], [28, 16], [29, 16]]
