[[1, 10], [2, 9], [3, 8], [4, 7], [5, 7], [6, 7], [7, 6], [8, 5], [9, 4], [10, 3], [11, 3], [12, 2], [12, 1], [13, 0]]
[[1, 10], [2, 10], [3, 9], [4, 8], [5, 7], [6, 6], [7, 5], [8, 5], [9, 4], [10, 3], [11, 3], [12, 2], [13, 1], [13, 0]]
[[1, 10], [2, 9], [3, 8], [4, 7], [5, 7], [6, 7], [7, 6], [8, 5], [9, 4], [10, 3], [11, 3], [12, 2], [12, 1], [13, 0]]
[[1, 10], [2, 9], [3, 9], [4, 8], [5, 8], [6, 7], [7, 6], [8, 5], [9, 4], [10, 3], [11, 3], [12, 2], [13, 1], [13, 0]]
[[1, 10], [2, 9], [3, 8], [4, 7], [5, 7], [6, 6], [7, 5], [8, 4], [9, 3], [10, 2], [11, 3], [12, 2], [12, 1], [13, 0]]
[[1, 10], [2, 9], [3, 9], [4, 8], [5, 7], [6, 7], [7, 6], [8, 5], [9, 4], [10, 3], [11, 3], [12, 2], [12, 1], [13, 0]]
[[1, 10], [2, 10], [3, 9], [4, 8], [5, 7], [6, 6], [7, 5], [8, 4], [9, 3], [10, 2], [11, 3], [12, 2], [12, 1], [13, 0]]
[[1, 10], [2, 10], [3, 9], [4, 8], [5, 7], [6, 6], [7, 5], [8, 4], [9, 4], [10, 3], [11, 3], [12, 2], [13, 1], [13, 0]]
[[1, 10], [2, 9], [3, 8], [4, 7], [5, 7], [6, 6], [7, 5], [8, 4], [9, 3], [10, 2], [11, 3], [12, 2], [13, 1], [13, 0]]
[[1, 10], [2, 9], [3, 8], [4, 7], [5, 7], [6, 7], [7, 6], [8, 5], [9, 4], [9, 3], [10, 2], [11, 3], [12, 2], [12, 1], [13, 0]]
[[1, 10], [2, 9], [3, 8], [4, 8], [5, 8], [6, 9], [7, 8], [8, 7], [9, 6], [10, 5], [11, 4], [12, 3], [13, 2], [13, 1], [13, 0]]
[[1, 10], [2, 9], [3, 8], [4, 7], [5, 8], [6, 8], [7, 7], [8, 6], [9, 5], [10, 5], [11, 4], [12, 3], [12, 2], [12, 1], [13, 0]]
[[1, 10], [2, 9], [3, 9], [4, 8], [5, 7], [6, 6], [7, 5], [8, 6], [9, 6], [10, 5], [11, 4], [12, 3], [13, 2], [13, 1], [13, 0]]
[[1, 10], [2, 9], [3, 8], [4, 8], [5, 7], [6, 7], [7, 7], [7, 6], [7, 5], [8, 4], [9, 3], [10, 3], [11, 3], [12, 2], [12, 1], [13, 0]]
[[1, 10], [2, 10], [3, 9], [4, 8], [5, 8], [6, 7], [7, 7], [6, 6], [7, 5], [8, 5], [9, 4], [10, 3], [11, 3], [12, 2], [12, 1], [13, 0]]
[[1, 10], [2, 10], [3, 11], [4, 11], [5, 10], [6, 9], [6, 8], [7, 8], [8, 7], [9, 6], [10, 5], [11, 4], [12, 3], [13, 2], [13, 1], [13, 0]]
[[1, 10], [2, 9], [3, 8], [4, 8], [5, 8], [5, 7], [6, 6], [7, 5], [7, 4], [8, 3], [9, 2], [10, 3], [11, 3], [12, 2], [13, 2], [12, 1], [13, 1], [13, 0]]
[[1, 10], [1, 9], [2, 8], [2, 7], [3, 6], [4, 5], [4, 6], [5, 5], [6, 5], [7, 5], [8, 5], [9, 6], [9, 7], [10, 6], [10, 5], [11, 4], [12, 3], [11, 4], [12, 3], [13, 2], [12, 1], [13, 0]]
[[1, 10], [1, 9], [2, 8], [1, 7], [1, 6], [0, 6], [1, 5], [1, 4], [2, 3], [3, 2], [4, 1], [5, 0], [6, 1], [7, 2], [7, 1], [8, 0], [9, 1], [10, 0], [10, 1], [11, 0], [12, 1], [13, 0]]
[[1, 10], [0, 10], [1, 9], [1, 8], [2, 7], [1, 6], [2, 7], [1, 8], [2, 7], [2, 8], [3, 8], [4, 8], [5, 7], [6, 6], [7, 5], [8, 4], [9, 3], [9, 2], [8, 1], [9, 2], [9, 1], [10, 0], [11, 0], [12, 1], [13, 0], [14, 1], [14, 0], [15, 1], [14, 1], [14, 0], [13, 0], [13, 1], [14, 1], [14, 0], [13, 0]]
