[[25, 8], [24, 7], [23, 6], [22, 6], [21, 5], [20, 6], [19, 7], [18, 6], [17, 5], [16, 4], [15, 5], [14, 6], [13, 6], [12, 6], [11, 5], [10, 4], [9, 5]]
[[25, 8], [24, 7], [23, 6], [22, 7], [21, 8], [20, 7], [19, 6], [18, 5], [17, 4], [16, 5], [15, 4], [14, 5], [13, 4], [12, 5], [11, 4], [10, 5], [9, 5]]
[[25, 8], [24, 7], [23, 6], [22, 6], [21, 7], [20, 6], [19, 5], [18, 5], [17, 5], [16, 5], [15, 5], [14, 6], [13, 6], [12, 5], [11, 6], [10, 5], [9, 5]]
[[25, 8], [24, 7], [23, 6], [22, 6], [21, 5], [20, 6], [19, 5], [18, 4], [17, 5], [16, 4], [15, 5], [14, 6], [13, 6], [12, 6], [11, 5], [10, 4], [9, 5]]
[[25, 8], [24, 7], [23, 6], [22, 6], [21, 5], [20, 6], [19, 7], [18, 6], [17, 5], [16, 4], [15, 5], [14, 6], [13, 6], [12, 6], [11, 5], [10, 4], [9, 5]]
[[25, 8], [24, 7], [23, 6], [22, 5], [21, 4], [20, 4], [19, 3], [18, 2], [17, 2], [16, 2], [15, 2], [14, 3], [13, 4], [12, 5], [11, 6], [10, 6], [9, 5]]
[[25, 8], [24, 9], [23, 8], [22, 7], [21, 6], [20, 6], [19, 6], [18, 5], [17, 6], [16, 5], [15, 4], [14, 5], [13, 5], [12, 5], [11, 5], [10, 6], [9, 5]]
[[25, 8], [24, 7], [23, 6], [22, 6], [21, 5], [20, 5], [19, 4], [18, 3], [17, 2], [16, 1], [15, 2], [14, 3], [13, 4], [12, 5], [11, 5], [10, 6], [9, 5]]
[[25, 8], [24, 7], [23, 6], [22, 5], [21, 6], [20, 6], [19, 6], [18, 5], [17, 6], [16, 5], [15, 6], [14, 5], [13, 5], [12, 5], [11, 5], [10, 5], [9, 5]]
[[25, 8], [24, 7], [23, 6], [22, 5], [21, 4], [20, 4], [19, 3], [18, 2], [17, 1], [16, 2], [15, 3], [14, 4], [13, 4], [12, 5], [11, 6], [10, 5], [9, 5]]
[[25, 8], [24, 7], [23, 8], [22, 7], [21, 8], [20, 7], [19, 6], [18, 5], [17, 6], [16, 5], [15, 6], [14, 5], [13, 5], [12, 5], [11, 5], [10, 6], [9, 5]]
[[25, 8], [24, 7], [23, 6], [22, 6], [21, 6], [20, 5], [19, 5], [18, 4], [17, 5], [16, 4], [15, 5], [14, 6], [13, 6], [12, 6], [11, 5], [10, 4], [9, 5]]
[[25, 8], [24, 9], [23, 8], [22, 7], [21, 6], [20, 7], [19, 6], [18, 5], [17, 5], [16, 6], [15, 7], [14, 7], [13, 6], [12, 6], [11, 6], [10, 5], [9, 5]]
[[25, 8], [24, 7], [23, 6], [22, 5], [21, 5], [20, 6], [19, 6], [18, 6], [17, 6], [16, 7], [15, 7], [14, 8], [13, 8], [12, 7], [11, 6], [10, 6], [9, 5]]
[[25, 8], [24, 9], [23, 8], [22, 7], [21, 6], [20, 7], [19, 6], [18, 5], [17, 5], [16, 6], [15, 7], [14, 7], [13, 6], [12, 6], [11, 6], [10, 5], [9, 5]]
[[25, 8], [24, 7], [23, 6], [22, 7], [21, 7], [20, 7], [19, 6], [18, 5], [17, 6], [16, 6], [15, 7], [14, 7], [13, 7], [12, 6], [11, 5], [10, 5], [9, 5]]
[[25, 8], [24, 7], [23, 6], [22, 5], [21, 5], [20, 5], [19, 4], [18, 3], [17, 4], [17, 5], [16, 5], [15, 5], [14, 6], [13, 7], [13, 8], [12, 7], [11, 7], [10, 7], [9, 6], [9, 5]]
[[25, 8], [24, 7], [23, 6], [22, 6], [21, 5], [22, 6], [21, 5], [20, 4], [19, 5], [18, 5], [17, 6], [18, 6], [18, 5], [18, 4], [18, 3], [17, 2], [16, 1], [15, 2], [14, 1], [13, 1], [13, 2], [12, 2], [11, 2], [10, 3], [11, 3], [10, 4], [10, 5], [9, 5]]
[[25, 8], [24, 7], [23, 6], [22, 5], [21, 5], [20, 5], [20, 6], [20, 5], [19, 4], [18, 5], [17, 4], [16, 5], [16, 4], [15, 4], [14, 3], [13, 2], [13, 1], [13, 0], [13, 1], [12, 1], [13, 0], [12, 1], [12, 2], [11, 3], [10, 4], [11, 4], [10, 4], [9, 5]]
[[25, 8], [26, 8], [25, 9], [24, 9], [24, 8], [23, 8], [22, 7], [23, 6], [22, 5], [21, 5], [20, 5], [19, 4], [18, 5], [19, 5], [19, 4], [18, 3], [19, 3], [18, 3], [17, 2], [16, 2], [15, 3], [14, 4], [15, 3], [14, 3], [13, 4], [14, 4], [14, 5], [13, 5], [12, 5], [11, 6], [10, 6], [11, 5], [10, 4], [9, 5]]
