[[21, 6], [21, 7], [20, 8], [19, 9], [18, 10], [17, 11], [17, 12]]
[[21, 6], [21, 7], [20, 8], [19, 9], [19, 10], [18, 11], [17, 12]]
[[21, 6], [21, 7], [21, 8], [20, 9], [19, 10], [18, 11], [17, 12]]
[[21, 6], [21, 7], [20, 8], [19, 9], [18, 10], [17, 11], [17, 12]]
[[21, 6], [22, 7], [21, 8], [20, 9], [19, 10], [18, 11], [17, 12]]
[[21, 6], [21, 7], [20, 8], [20, 9], [19, 10], [18, 11], [17, 12]]
[[21, 6], [21, 7], [20, 8], [19, 9], [18, 10], [17, 11], [17, 12]]
[[21, 6], [21, 7], [20, 8], [19, 9], [18, 10], [17, 11], [17, 12]]
[[21, 6], [21, 7], [20, 8], [19, 9], [19, 10], [18, 11], [17, 12]]
[[21, 6], [22, 7], [21, 8], [20, 9], [19, 10], [18, 11], [17, 12]]
[[21, 6], [22, 7], [21, 8], [20, 9], [20, 10], [19, 10], [18, 11], [17, 12]]
[[21, 6], [21, 7], [21, 8], [20, 9], [20, 10], [19, 11], [18, 12], [17, 12]]
[[21, 6], [22, 7], [22, 8], [21, 9], [20, 10], [19, 10], [18, 11], [17, 12]]
[[21, 6], [22, 7], [21, 8], [20, 9], [19, 10], [18, 10], [17, 11], [17, 12]]
[[21, 6], [22, 7], [22, 8], [21, 9], [20, 9], [19, 10], [18, 11], [17, 12]]
[[21, 6], [22, 6], [21, 6], [22, 7], [22, 8], [22, 9], [22, 10], [22, 11], [21, 12], [20, 13], [20, 12], [19, 11], [18, 12], [17, 12]]
[[21, 6], [22, 7], [21, 7], [22, 7], [22, 8], [21, 9], [21, 10], [21, 11], [21, 12], [20, 12], [19, 13], [19, 12], [18, 11], [17, 12]]
[[21, 6], [22, 7], [22, 6], [21, 5], [20, 5], [19, 6], [20, 6], [21, 7], [20, 8], [21, 8], [20, 9], [19, 8], [18, 8], [17, 9], [17, 10], [18, 9], [18, 10], [19, 10], [20, 10], [19, 9], [19, 10], [20, 9], [21, 8], [20, 8], [19, 7], [19, 6], [18, 7], [19, 8], [18, 8], [18, 9], [17, 8], [17, 9], [17, 10], [18, 11], [19, 12], [19, 11], [20, 12], [19, 13], [18, 12], [18, 13], [17, 13], [18, 14], [18, 15], [17, 14], [16, 13], [17, 12]]
[[21, 6], [20, 6], [21, 5], [22, 5], [23, 6], [22, 7], [23, 8], [24, 9], [23, 9], [24, 10], [23, 10], [24, 11], [25, 12], [25, 13], [26, 13], [26, 14], [26, 15], [25, 15], [25, 16], [24, 16], [23, 17], [23, 18], [23, 17], [22, 16], [22, 17], [21, 17], [21, 18], [20, 19], [21, 19], [22, 18], [23, 19], [24, 18], [23, 17], [22, 17], [22, 16], [23, 15], [23, 14], [23, 15], [23, 14], [22, 13], [21, 12], [20, 13], [20, 14], [20, 15], [19, 15], [18, 15], [19, 16], [19, 17], [19, 16], [20, 16], [20, 15], [19, 15], [20, 15], [20, 14], [19, 13], [20, 12], [19, 11], [20, 10], [19, 11], [19, 10], [19, 11], [18, 12], [17, 11], [17, 12]]
[[21, 6], [21, 7], [21, 8], [21, 9], [22, 9], [22, 8], [23, 9], [24, 8], [25, 9], [26, 8], [27, 9], [27, 10], [27, 11], [26, 12], [25, 12], [25, 13], [25, 14], [24, 15], [23, 16], [24, 16], [23, 17], [22, 16], [22, 17], [21, 17], [20, 17], [20, 16], [19, 16], [18, 16], [18, 15], [17, 15], [18, 14], [18, 13], [19, 13], [20, 14], [20, 15], [21, 16], [21, 15], [22, 14], [22, 15], [23, 15], [24, 14], [25, 15], [26, 16], [27, 17], [26, 17], [26, 18], [26, 19], [27, 18], [28, 19], [28, 18], [29, 18], [29, 17], [28, 16], [28, 15], [27, 16], [26, 15], [25, 16], [25, 17], [24, 18], [24, 17], [23, 18], [23, 19], [22, 19], [21, 19], [20, 18], [20, 17], [19, 17], [18, 16], [17, 16], [18, 15], [17, 14], [16, 15], [15, 16], [14, 15], [13, 14], [14, 14], [15, 15], [15, 14], [16, 14], [16, 13], [15, 13], [14, 13], [13, 13], [12, 14], [12, 13], [11, 13], [10, 14], [9, 15], [9, 14], [10, 15], [9, 16], [10, 17], [9, 17], [9, 18], [8, 18], [8, 17], [7, 17], [8, 16], [7, 16], [6, 16], [5, 17], [4, 16], [4, 17], [5, 16], [5, 15], [6, 14], [7, 13], [8, 14], [7, 14], [8, 13], [8, 12], [7, 11], [6, 11], [6, 10], [5, 9], [4, 10], [4, 11], [5, 11], [4, 12], [5, 12], [5, 13], [5, 14], [4, 15], [3, 14], [2, 13], [2, 14], [1, 13], [0, 12], [0, 13], [1, 12], [0, 11], [1, 11], [0, 10], [1, 9], [2, 9], [3, 8], [3, 9], [4, 8], [4, 7], [5, 8], [6, 9], [7, 9], [6, 8], [5, 7], [6, 6], [6, 5], [5, 4], [4, 3], [3, 4], [3, 5], [2, 5], [2, 6], [1, 5], [0, 5], [1, 6], [2, 7], [3, 6], [4, 5], [5, 6], [5, 5], [6, 4], [5, 3], [6, 3], [7, 3], [8, 4], [9, 5], [9, 4], [9, 3], [9, 2], [10, 1], [11, 1], [11, 0], [12, 0], [13, 0], [12, 1], [13, 2], [12, 3], [11, 2], [12, 2], [13, 3], [12, 4], [13, 4], [14, 5], [14, 4], [14, 3], [14, 2], [15, 3], [15, 2], [15, 1], [16, 2], [17, 3], [16, 4], [17, 4], [16, 3], [17, 2], [16, 1], [16, 0], [17, 0], [17, 1], [18, 1], [18, 0], [19, 1], [18, 2], [18, 3], [18, 4], [17, 5], [17, 6], [18, 5], [19, 6], [19, 7], [19, 8], [19, 9], [18, 9], [19, 10], [19, 11], [20, 10], [20, 9], [21, 10], [21, 11], [22, 11], [21, 12], [21, 13], [20, 14], [20, 15], [20, 16], [19, 16], [19, 15], [18, 14], [17, 13], [17, 12]]
