[[4, 2], [5, 2], [6, 2], [7, 1], [8, 2], [9, 2], [10, 2], [11, 3], [12, 2], [13, 2], [14, 2], [15, 3], [16, 4], [17, 5], [18, 4], [19, 4], [20, 5], [21, 5], [22, 6], [23, 7], [24, 8], [25, 9], [26, 10], [27, 11]]
[[4, 2], [5, 2], [6, 2], [7, 1], [8, 2], [9, 2], [10, 2], [11, 3], [12, 2], [13, 2], [14, 2], [15, 3], [16, 4], [17, 5], [18, 4], [19, 4], [20, 5], [21, 5], [22, 6], [23, 7], [24, 8], [25, 9], [26, 10], [27, 11]]
[[4, 2], [5, 2], [6, 2], [7, 2], [8, 1], [9, 0], [10, 0], [11, 0], [12, 1], [13, 2], [14, 3], [15, 4], [16, 4], [17, 5], [18, 5], [19, 5], [20, 6], [21, 7], [22, 7], [23, 7], [24, 8], [25, 9], [26, 10], [27, 11]]
[[4, 2], [5, 2], [6, 2], [7, 3], [8, 2], [9, 2], [10, 3], [11, 3], [12, 3], [13, 3], [14, 2], [15, 2], [16, 1], [17, 2], [18, 3], [19, 4], [20, 4], [21, 5], [22, 6], [23, 7], [24, 8], [25, 9], [26, 10], [27, 11]]
[[4, 2], [5, 1], [6, 1], [7, 1], [8, 0], [9, 1], [10, 1], [11, 1], [12, 1], [13, 1], [14, 2], [15, 3], [16, 4], [17, 4], [18, 5], [19, 6], [20, 6], [21, 7], [22, 7], [23, 8], [24, 9], [25, 9], [26, 10], [27, 11]]
[[4, 2], [5, 3], [6, 2], [7, 3], [8, 2], [9, 2], [10, 3], [11, 2], [12, 1], [13, 1], [14, 2], [15, 3], [16, 4], [17, 4], [18, 5], [19, 6], [20, 7], [21, 8], [22, 7], [23, 8], [24, 9], [25, 9], [26, 10], [27, 11]]
[[4, 2], [5, 2], [6, 1], [7, 1], [8, 2], [9, 3], [10, 2], [11, 2], [12, 2], [13, 2], [14, 2], [15, 3], [16, 4], [17, 5], [18, 5], [19, 5], [20, 6], [21, 7], [22, 7], [23, 7], [24, 8], [25, 9], [26, 10], [27, 11]]
[[4, 2], [5, 1], [6, 2], [7, 1], [8, 2], [9, 3], [10, 3], [11, 2], [12, 2], [13, 3], [14, 3], [15, 4], [16, 5], [17, 5], [18, 6], [19, 7], [20, 6], [21, 7], [22, 6], [23, 7], [24, 8], [25, 9], [26, 10], [27, 11]]
[[4, 2], [5, 2], [6, 3], [7, 3], [8, 3], [9, 3], [10, 3], [11, 3], [12, 2], [13, 3], [14, 2], [15, 2], [16, 3], [16, 4], [17, 5], [18, 4], [19, 5], [20, 4], [21, 5], [22, 6], [23, 7], [24, 8], [25, 9], [26, 10], [27, 11]]
[[4, 2], [5, 1], [6, 2], [7, 2], [8, 3], [9, 3], [10, 2], [11, 2], [12, 3], [13, 2], [13, 3], [14, 3], [15, 4], [16, 5], [17, 6], [18, 5], [19, 6], [20, 6], [21, 6], [22, 7], [23, 8], [24, 8], [25, 9], [26, 10], [27, 11]]
[[4, 2], [5, 3], [6, 2], [7, 2], [8, 3], [9, 4], [10, 5], [11, 6], [12, 7], [12, 8], [13, 8], [14, 8], [15, 9], [16, 9], [17, 9], [18, 10], [17, 9], [18, 8], [18, 7], [19, 8], [20, 9], [21, 9], [22, 10], [23, 10], [24, 11], [25, 11], [26, 10], [27, 11]]
[[4, 2], [5, 2], [6, 3], [7, 2], [8, 1], [9, 2], [10, 2], [11, 3], [12, 2], [13, 1], [13, 2], [14, 2], [15, 2], [16, 3], [16, 4], [17, 4], [18, 5], [19, 5], [20, 6], [21, 5], [22, 6], [23, 7], [24, 8], [25, 9], [26, 9], [27, 10], [28, 11], [27, 11]]
[[4, 2], [4, 1], [5, 2], [6, 2], [7, 2], [8, 1], [9, 2], [10, 2], [11, 2], [12, 3], [13, 4], [13, 5], [14, 5], [15, 4], [16, 5], [17, 5], [17, 6], [18, 6], [19, 5], [20, 5], [21, 6], [22, 5], [23, 6], [24, 7], [25, 7], [26, 7], [27, 8], [28, 9], [27, 9], [28, 10], [27, 11]]
[[4, 2], [4, 1], [5, 1], [6, 0], [7, 0], [8, 1], [9, 0], [10, 1], [11, 2], [12, 2], [13, 1], [14, 1], [15, 1], [15, 2], [16, 2], [15, 3], [15, 4], [16, 4], [17, 5], [17, 4], [18, 5], [19, 5], [20, 6], [21, 7], [22, 7], [23, 6], [24, 7], [25, 6], [26, 7], [27, 8], [27, 9], [28, 10], [27, 11]]
[[4, 2], [5, 3], [6, 4], [7, 3], [8, 3], [9, 2], [10, 3], [11, 2], [12, 2], [13, 1], [14, 1], [15, 1], [15, 2], [16, 2], [15, 3], [15, 4], [16, 4], [17, 5], [18, 4], [18, 5], [19, 6], [20, 5], [21, 5], [22, 5], [23, 5], [24, 5], [25, 6], [26, 7], [27, 7], [28, 8], [28, 9], [28, 10], [27, 11]]
[[4, 2], [5, 1], [5, 0], [6, 1], [7, 1], [8, 0], [9, 0], [10, 1], [11, 2], [12, 3], [13, 3], [14, 2], [15, 2], [16, 2], [15, 3], [16, 3], [16, 4], [16, 3], [17, 4], [18, 4], [18, 3], [19, 4], [20, 4], [21, 5], [22, 6], [23, 7], [24, 7], [25, 7], [26, 7], [27, 8], [28, 8], [28, 9], [28, 10], [27, 9], [27, 10], [27, 11]]
[[4, 2], [4, 1], [5, 0], [6, 0], [7, 1], [8, 1], [9, 2], [9, 1], [9, 2], [10, 2], [11, 3], [12, 3], [12, 2], [13, 2], [13, 1], [14, 2], [15, 3], [15, 4], [16, 4], [17, 5], [17, 4], [18, 4], [18, 5], [19, 4], [20, 5], [21, 6], [22, 5], [23, 6], [24, 7], [25, 7], [26, 7], [27, 8], [28, 9], [27, 9], [27, 10], [27, 11], [26, 10], [26, 11], [27, 11]]
[[4, 2], [4, 1], [5, 0], [5, 1], [6, 0], [7, 1], [8, 1], [9, 2], [8, 3], [7, 2], [8, 2], [9, 2], [10, 2], [11, 1], [12, 2], [11, 2], [12, 3], [12, 2], [12, 1], [13, 1], [14, 1], [15, 1], [16, 2], [17, 1], [18, 2], [18, 3], [19, 2], [19, 1], [18, 2], [19, 1], [20, 0], [21, 1], [20, 1], [21, 2], [22, 2], [21, 1], [21, 2], [22, 3], [23, 4], [22, 5], [23, 5], [24, 6], [23, 7], [23, 8], [24, 7], [25, 7], [24, 8], [25, 9], [26, 10], [27, 11]]
[[4, 2], [5, 2], [6, 1], [7, 2], [7, 3], [6, 2], [7, 3], [8, 3], [9, 4], [10, 5], [11, 6], [12, 7], [11, 8], [12, 8], [13, 9], [12, 10], [13, 10], [12, 9], [12, 10], [12, 9], [13, 8], [12, 8], [13, 9], [14, 9], [15, 9], [16, 10], [17, 10], [18, 10], [19, 9], [18, 10], [19, 10], [19, 9], [19, 8], [19, 7], [19, 8], [20, 9], [21, 9], [21, 8], [22, 8], [23, 7], [24, 6], [25, 5], [26, 6], [27, 7], [28, 6], [27, 7], [27, 8], [27, 9], [27, 10], [27, 11]]
[[4, 2], [4, 1], [5, 0], [6, 1], [7, 0], [8, 0], [7, 0], [8, 0], [9, 0], [10, 1], [11, 1], [12, 1], [13, 2], [14, 1], [15, 1], [15, 0], [14, 1], [13, 2], [14, 3], [15, 2], [16, 2], [15, 3], [16, 3], [17, 2], [18, 3], [18, 2], [19, 1], [19, 0], [20, 1], [20, 0], [21, 0], [21, 1], [21, 2], [22, 3], [23, 4], [24, 5], [25, 4], [24, 3], [24, 4], [25, 5], [26, 5], [26, 6], [27, 5], [27, 4], [28, 3], [28, 4], [27, 5], [28, 6], [29, 7], [29, 8], [28, 8], [28, 9], [29, 9], [28, 10], [27, 9], [28, 9], [29, 10], [28, 9], [28, 10], [27, 11]]
