[[2, 8], [3, 8], [4, 8], [5, 8], [6, 9], [7, 10], [8, 9], [9, 10], [10, 11], [11, 12], [12, 12], [13, 13], [14, 13], [15, 14], [16, 13], [17, 14], [18, 14], [19, 14], [20, 13], [21, 12], [22, 12]]
[[2, 8], [3, 9], [4, 10], [5, 9], [6, 10], [7, 10], [8, 11], [9, 10], [10, 10], [11, 11], [12, 12], [13, 13], [14, 13], [15, 13], [16, 13], [17, 14], [18, 14], [19, 13], [20, 13], [21, 13], [22, 12]]
[[2, 8], [3, 9], [4, 8], [5, 9], [6, 9], [7, 9], [8, 10], [9, 10], [10, 11], [11, 11], [12, 12], [13, 13], [14, 14], [15, 15], [16, 14], [17, 15], [18, 14], [19, 13], [20, 12], [21, 11], [22, 12]]
[[2, 8], [3, 9], [4, 8], [5, 9], [6, 9], [7, 9], [8, 9], [9, 10], [10, 10], [11, 11], [12, 12], [13, 13], [14, 14], [15, 14], [16, 15], [17, 15], [18, 14], [19, 14], [20, 13], [21, 13], [22, 12]]
[[2, 8], [3, 8], [4, 8], [5, 8], [6, 9], [7, 10], [8, 9], [9, 10], [10, 11], [11, 12], [12, 12], [13, 13], [14, 13], [15, 14], [16, 13], [17, 14], [18, 14], [19, 14], [20, 13], [21, 12], [22, 12]]
[[2, 8], [3, 9], [4, 8], [5, 9], [6, 10], [7, 11], [8, 12], [9, 12], [10, 12], [11, 13], [12, 12], [13, 13], [14, 14], [15, 14], [16, 14], [17, 14], [18, 15], [19, 14], [20, 13], [21, 13], [22, 12]]
[[2, 8], [3, 7], [4, 8], [5, 8], [6, 7], [7, 8], [8, 9], [9, 10], [10, 10], [11, 11], [12, 12], [13, 13], [14, 14], [15, 14], [16, 15], [17, 14], [18, 14], [19, 14], [20, 13], [21, 12], [22, 12]]
[[2, 8], [3, 7], [4, 8], [5, 8], [6, 9], [7, 9], [8, 9], [9, 10], [10, 11], [11, 11], [12, 11], [13, 11], [14, 11], [15, 12], [16, 13], [17, 14], [18, 14], [19, 13], [20, 13], [21, 13], [22, 12]]
[[2, 8], [3, 9], [4, 10], [5, 11], [6, 11], [7, 10], [8, 10], [9, 9], [10, 10], [11, 11], [12, 12], [13, 13], [14, 14], [15, 13], [16, 14], [17, 14], [18, 14], [19, 13], [20, 12], [21, 13], [22, 12]]
[[2, 8], [3, 9], [4, 8], [5, 9], [6, 10], [7, 9], [8, 9], [9, 10], [10, 11], [11, 12], [12, 13], [13, 13], [14, 13], [15, 14], [16, 14], [17, 14], [18, 14], [19, 13], [20, 13], [21, 13], [22, 12]]
[[2, 8], [3, 7], [4, 8], [5, 9], [6, 9], [7, 8], [8, 9], [9, 10], [10, 11], [11, 12], [12, 13], [13, 13], [14, 12], [15, 13], [16, 13], [17, 14], [18, 14], [19, 14], [20, 13], [21, 13], [22, 12]]
[[2, 8], [3, 8], [4, 8], [5, 8], [6, 9], [7, 9], [8, 9], [9, 10], [10, 10], [11, 11], [12, 12], [13, 13], [14, 14], [15, 14], [16, 14], [17, 14], [18, 15], [19, 14], [20, 13], [21, 12], [22, 12]]
[[2, 8], [3, 7], [4, 8], [5, 9], [6, 8], [7, 7], [8, 8], [9, 9], [10, 10], [11, 11], [12, 12], [13, 11], [14, 11], [15, 12], [16, 13], [17, 14], [18, 14], [19, 13], [20, 12], [21, 11], [22, 12]]
[[2, 8], [3, 7], [4, 8], [5, 8], [6, 8], [7, 8], [8, 9], [9, 9], [10, 10], [11, 11], [12, 11], [13, 11], [14, 12], [15, 13], [16, 14], [17, 14], [18, 14], [19, 13], [20, 13], [21, 13], [22, 12]]
[[2, 8], [3, 9], [4, 10], [5, 9], [6, 8], [7, 8], [8, 9], [9, 10], [10, 11], [11, 11], [12, 12], [13, 13], [14, 14], [15, 14], [16, 14], [17, 15], [18, 15], [19, 14], [20, 13], [21, 13], [22, 12]]
[[2, 8], [3, 7], [4, 8], [5, 8], [6, 8], [7, 9], [8, 9], [9, 10], [10, 11], [11, 12], [12, 13], [13, 13], [14, 14], [15, 15], [16, 15], [17, 15], [18, 14], [19, 13], [20, 12], [21, 13], [22, 12]]
[[2, 8], [3, 9], [4, 8], [5, 9], [6, 10], [7, 9], [8, 10], [8, 9], [9, 10], [10, 10], [11, 11], [12, 12], [13, 13], [14, 12], [15, 13], [16, 13], [17, 14], [18, 15], [19, 14], [20, 13], [21, 13], [22, 12]]
[[2, 8], [3, 8], [4, 8], [5, 9], [6, 10], [7, 9], [8, 9], [9, 10], [10, 11], [10, 12], [10, 11], [11, 12], [12, 12], [13, 13], [13, 14], [14, 13], [15, 12], [16, 12], [17, 12], [18, 11], [19, 11], [19, 12], [20, 13], [21, 13], [22, 12]]
[[2, 8], [3, 9], [4, 10], [5, 9], [6, 8], [7, 8], [7, 9], [8, 9], [9, 10], [10, 10], [9, 10], [9, 9], [10, 10], [10, 11], [11, 12], [12, 13], [13, 13], [14, 13], [15, 13], [15, 14], [16, 14], [17, 14], [18, 14], [19, 13], [20, 12], [21, 11], [22, 12]]
[[2, 8], [2, 7], [3, 6], [4, 6], [5, 6], [6, 6], [7, 7], [8, 6], [9, 5], [10, 6], [10, 7], [10, 6], [11, 7], [11, 8], [12, 7], [11, 7], [12, 8], [12, 9], [13, 9], [14, 9], [15, 9], [16, 8], [17, 9], [18, 9], [19, 10], [19, 11], [19, 10], [20, 10], [21, 11], [22, 12]]
