[[3, 19], [4, 18], [5, 17], [6, 16], [7, 16], [8, 16], [9, 15], [10, 15], [11, 16], [12, 16], [13, 16], [14, 15], [15, 15], [16, 14], [17, 14], [18, 15], [19, 16], [20, 17], [21, 16], [22, 16], [23, 17], [24, 17], [25, 18], [26, 18], [27, 17], [28, 18]]
[[3, 19], [4, 18], [5, 17], [6, 16], [7, 16], [8, 16], [9, 15], [10, 15], [11, 16], [12, 16], [13, 16], [14, 15], [15, 14], [16, 15], [17, 15], [18, 16], [19, 17], [20, 16], [21, 17], [22, 18], [23, 18], [24, 18], [25, 17], [26, 17], [27, 18], [28, 18]]
[[3, 19], [4, 18], [5, 18], [6, 17], [7, 17], [8, 16], [9, 16], [10, 15], [11, 15], [12, 14], [13, 15], [14, 15], [15, 15], [16, 14], [17, 15], [18, 15], [19, 15], [20, 15], [21, 15], [22, 16], [23, 15], [24, 16], [25, 16], [26, 17], [27, 18], [28, 18]]
[[3, 19], [4, 18], [5, 17], [6, 16], [7, 16], [8, 16], [9, 15], [10, 15], [11, 16], [12, 16], [13, 16], [14, 15], [15, 15], [16, 14], [17, 14], [18, 15], [19, 16], [20, 17], [21, 16], [22, 16], [23, 17], [24, 17], [25, 18], [26, 18], [27, 17], [28, 18]]
[[3, 19], [4, 18], [5, 18], [6, 17], [7, 17], [8, 18], [9, 19], [10, 18], [11, 18], [12, 17], [13, 16], [14, 15], [15, 16], [16, 15], [17, 15], [18, 15], [19, 15], [20, 16], [21, 17], [22, 16], [23, 17], [24, 18], [25, 18], [26, 18], [27, 18], [28, 18]]
[[3, 19], [4, 18], [5, 17], [6, 16], [7, 17], [8, 16], [9, 15], [10, 15], [11, 15], [12, 15], [13, 15], [14, 14], [15, 15], [16, 16], [17, 15], [18, 16], [19, 16], [20, 16], [21, 17], [22, 16], [23, 17], [24, 18], [25, 18], [26, 18], [27, 18], [28, 18]]
[[3, 19], [4, 19], [5, 19], [6, 18], [7, 17], [8, 16], [9, 15], [10, 16], [11, 16], [12, 16], [13, 15], [14, 14], [15, 14], [16, 15], [17, 15], [18, 16], [19, 16], [20, 16], [21, 16], [22, 16], [23, 15], [24, 16], [25, 16], [26, 17], [27, 17], [28, 18]]
[[3, 19], [4, 18], [5, 18], [6, 17], [7, 16], [8, 15], [9, 15], [10, 15], [11, 15], [12, 14], [13, 13], [14, 13], [15, 13], [16, 14], [17, 14], [18, 15], [19, 16], [20, 16], [21, 16], [22, 16], [23, 15], [24, 16], [25, 16], [26, 17], [27, 17], [28, 18]]
[[3, 19], [4, 18], [5, 19], [6, 18], [7, 17], [8, 16], [9, 16], [10, 16], [11, 16], [12, 15], [13, 14], [14, 14], [15, 13], [16, 14], [17, 14], [18, 14], [19, 15], [20, 15], [21, 16], [22, 16], [23, 17], [24, 18], [25, 19], [26, 19], [27, 19], [28, 18]]
[[3, 19], [4, 19], [5, 18], [6, 17], [7, 16], [8, 16], [9, 15], [10, 14], [11, 13], [12, 13], [13, 12], [14, 12], [15, 13], [16, 14], [17, 15], [18, 15], [19, 15], [20, 15], [21, 15], [22, 14], [23, 15], [24, 15], [25, 16], [26, 17], [27, 17], [28, 18]]
[[3, 19], [4, 18], [5, 18], [6, 17], [7, 18], [8, 18], [9, 17], [10, 16], [11, 16], [12, 17], [13, 16], [14, 15], [15, 15], [16, 16], [17, 17], [18, 16], [19, 15], [20, 16], [21, 16], [22, 17], [23, 17], [24, 17], [25, 17], [26, 17], [27, 17], [28, 18]]
[[3, 19], [4, 18], [5, 17], [6, 16], [7, 16], [8, 17], [9, 16], [10, 16], [11, 16], [12, 15], [13, 15], [14, 15], [15, 16], [16, 15], [17, 16], [18, 16], [19, 17], [20, 18], [21, 18], [22, 18], [23, 17], [24, 18], [25, 18], [26, 19], [27, 18], [28, 18]]
[[3, 19], [4, 18], [5, 18], [6, 18], [7, 17], [8, 16], [9, 16], [10, 15], [11, 15], [12, 14], [13, 15], [14, 16], [15, 16], [16, 15], [17, 16], [18, 15], [19, 15], [20, 15], [21, 16], [22, 17], [23, 18], [24, 19], [25, 19], [26, 18], [27, 17], [28, 18]]
[[3, 19], [4, 18], [5, 17], [6, 16], [7, 17], [8, 16], [9, 16], [10, 15], [11, 15], [12, 15], [13, 14], [14, 14], [15, 15], [16, 16], [17, 17], [18, 18], [19, 17], [20, 16], [21, 17], [22, 18], [23, 18], [24, 17], [25, 18], [26, 18], [27, 17], [28, 18]]
[[3, 19], [4, 18], [5, 18], [6, 17], [7, 16], [8, 16], [9, 16], [10, 16], [11, 16], [12, 16], [13, 15], [14, 15], [15, 14], [16, 13], [17, 13], [18, 14], [19, 15], [20, 15], [21, 14], [22, 14], [23, 15], [24, 15], [25, 16], [26, 17], [27, 18], [28, 18]]
[[3, 19], [4, 18], [5, 18], [6, 17], [7, 16], [7, 15], [8, 16], [9, 17], [10, 16], [11, 15], [12, 15], [13, 16], [14, 15], [15, 15], [16, 15], [17, 15], [18, 16], [19, 15], [20, 16], [21, 17], [22, 16], [23, 15], [24, 16], [25, 17], [26, 17], [27, 18], [27, 17], [28, 18]]
[[3, 19], [4, 18], [5, 18], [6, 17], [6, 16], [7, 17], [8, 16], [9, 16], [10, 15], [11, 15], [12, 16], [13, 15], [14, 14], [15, 14], [16, 15], [17, 15], [18, 16], [19, 17], [20, 17], [21, 18], [22, 18], [22, 17], [23, 18], [24, 18], [25, 19], [26, 18], [27, 17], [28, 18]]
[[3, 19], [4, 18], [5, 19], [5, 18], [6, 18], [5, 17], [6, 16], [6, 17], [7, 16], [8, 15], [9, 15], [10, 15], [11, 15], [12, 15], [12, 16], [13, 15], [14, 16], [15, 17], [16, 16], [17, 16], [18, 15], [19, 16], [20, 17], [21, 17], [22, 18], [23, 18], [24, 18], [24, 17], [25, 16], [26, 17], [27, 18], [28, 18]]
[[3, 19], [4, 18], [5, 18], [6, 17], [7, 18], [6, 17], [6, 16], [7, 16], [8, 16], [9, 15], [10, 15], [11, 16], [12, 15], [13, 15], [14, 15], [15, 14], [16, 15], [16, 16], [17, 15], [18, 16], [19, 17], [20, 17], [21, 18], [22, 19], [22, 18], [23, 17], [24, 18], [25, 19], [25, 18], [26, 19], [27, 19], [28, 18], [28, 19], [27, 19], [28, 18]]
[[3, 19], [4, 19], [5, 18], [6, 17], [7, 17], [8, 18], [7, 17], [8, 16], [9, 17], [10, 18], [11, 17], [12, 16], [12, 17], [13, 16], [14, 15], [15, 14], [16, 15], [17, 16], [18, 17], [19, 17], [20, 17], [21, 17], [20, 18], [19, 17], [20, 17], [21, 18], [21, 19], [22, 18], [23, 18], [24, 18], [25, 19], [26, 18], [27, 18], [28, 19], [29, 18], [29, 17], [28, 18], [27, 17], [28, 17], [28, 18], [28, 19], [28, 18]]
