[[13, 6], [14, 7], [15, 8], [16, 7], [17, 6], [18, 5], [19, 6], [20, 7], [21, 8], [22, 8], [23, 8], [24, 7], [25, 7], [26, 7]]
[[13, 6], [14, 7], [15, 8], [16, 7], [17, 8], [18, 7], [19, 7], [20, 8], [21, 8], [22, 8], [23, 8], [24, 8], [25, 8], [26, 7]]
[[13, 6], [14, 5], [15, 6], [16, 7], [17, 8], [18, 9], [19, 8], [20, 8], [21, 8], [22, 8], [23, 7], [24, 8], [25, 8], [26, 7]]
[[13, 6], [14, 7], [15, 8], [16, 7], [17, 6], [18, 5], [19, 6], [20, 7], [21, 8], [22, 8], [23, 8], [24, 7], [25, 7], [26, 7]]
[[13, 6], [14, 5], [15, 4], [16, 5], [17, 6], [18, 6], [19, 6], [20, 5], [21, 6], [22, 6], [23, 5], [24, 6], [25, 7], [26, 7]]
[[13, 6], [14, 7], [15, 8], [16, 8], [17, 8], [18, 7], [19, 7], [20, 6], [21, 6], [22, 7], [23, 7], [24, 7], [25, 8], [26, 7]]
[[13, 6], [14, 7], [15, 8], [16, 7], [17, 6], [18, 6], [19, 7], [20, 8], [21, 9], [22, 8], [23, 8], [24, 8], [25, 7], [26, 7]]
[[13, 6], [14, 6], [15, 6], [16, 5], [17, 4], [18, 5], [19, 6], [20, 7], [21, 8], [21, 7], [22, 8], [23, 8], [24, 7], [25, 6], [26, 7]]
[[13, 6], [14, 5], [15, 5], [16, 6], [17, 6], [18, 6], [19, 6], [20, 6], [20, 7], [21, 6], [22, 6], [23, 5], [24, 6], [25, 6], [26, 7]]
[[13, 6], [14, 7], [15, 6], [16, 7], [17, 6], [18, 5], [19, 6], [20, 7], [21, 7], [22, 8], [23, 8], [24, 7], [25, 8], [25, 7], [26, 7]]
[[13, 6], [14, 5], [15, 4], [16, 5], [17, 6], [18, 5], [19, 6], [19, 7], [20, 8], [21, 9], [22, 10], [23, 9], [24, 8], [25, 8], [26, 7]]
[[13, 6], [14, 5], [15, 4], [16, 5], [16, 4], [17, 4], [18, 5], [18, 6], [19, 6], [20, 6], [21, 7], [22, 8], [22, 7], [22, 8], [23, 7], [24, 8], [24, 7], [25, 8], [26, 7]]
[[13, 6], [14, 5], [15, 6], [15, 5], [16, 4], [17, 5], [17, 6], [18, 5], [19, 6], [20, 7], [21, 8], [21, 7], [21, 8], [22, 7], [23, 8], [23, 7], [24, 8], [25, 7], [26, 7]]
[[13, 6], [13, 7], [12, 7], [12, 8], [11, 7], [11, 8], [12, 9], [11, 10], [12, 11], [13, 12], [13, 11], [12, 10], [11, 9], [10, 9], [9, 8], [9, 7], [10, 6], [11, 5], [10, 5], [9, 4], [9, 3], [10, 3], [11, 4], [12, 3], [11, 3], [12, 2], [13, 1], [14, 0], [14, 1], [15, 2], [15, 3], [16, 4], [17, 4], [17, 3], [17, 2], [16, 1], [16, 2], [17, 1], [18, 1], [19, 0], [20, 1], [21, 1], [21, 2], [20, 3], [20, 4], [21, 5], [21, 4], [22, 3], [23, 3], [23, 2], [24, 2], [24, 1], [25, 2], [24, 3], [25, 3], [26, 4], [25, 4], [24, 5], [23, 5], [23, 6], [22, 7], [22, 8], [23, 9], [23, 10], [24, 9], [23, 8], [24, 8], [25, 8], [26, 9], [27, 8], [26, 7]]
