[[17, 12], [17, 13], [18, 14], [17, 15], [16, 16]]
[[17, 12], [18, 13], [18, 14], [17, 15], [16, 16]]
[[17, 12], [17, 13], [16, 14], [17, 15], [16, 16]]
[[17, 12], [17, 13], [18, 14], [17, 15], [16, 16]]
[[17, 12], [17, 13], [18, 14], [17, 15], [16, 16]]
[[17, 12], [18, 13], [17, 14], [16, 15], [16, 16]]
[[17, 12], [17, 13], [16, 14], [17, 15], [16, 16]]
[[17, 12], [17, 13], [17, 14], [16, 15], [16, 16]]
[[17, 12], [17, 13], [16, 14], [16, 15], [16, 16]]
[[17, 12], [16, 13], [17, 14], [17, 15], [16, 16]]
[[17, 12], [17, 13], [17, 14], [16, 15], [16, 16]]
[[17, 12], [18, 13], [17, 14], [16, 15], [16, 16]]
[[17, 12], [17, 13], [17, 14], [17, 15], [16, 16]]
[[17, 12], [16, 11], [17, 10], [16, 9], [16, 10], [15, 10], [15, 11], [14, 11], [13, 10], [13, 11], [12, 11], [13, 12], [13, 13], [13, 14], [13, 13], [14, 13], [15, 14], [15, 15], [16, 16]]
[[17, 12], [17, 11], [16, 10], [15, 10], [14, 9], [13, 9], [12, 10], [11, 9], [10, 10], [9, 10], [8, 9], [7, 10], [8, 11], [7, 11], [6, 11], [5, 12], [4, 12], [3, 13], [2, 13], [3, 14], [4, 15], [4, 16], [5, 16], [5, 17], [4, 18], [3, 17], [2, 18], [1, 17], [0, 16], [1, 15], [1, 14], [2, 15], [3, 16], [3, 15], [2, 14], [1, 13], [0, 12], [1, 12], [0, 13], [0, 14], [0, 15], [1, 16], [0, 17], [0, 18], [1, 19], [1, 18], [2, 17], [3, 18], [2, 19], [3, 19], [4, 19], [5, 18], [6, 17], [7, 18], [7, 19], [8, 18], [8, 17], [9, 17], [10, 17], [10, 18], [11, 19], [12, 19], [13, 19], [12, 18], [11, 17], [10, 16], [9, 15], [10, 14], [11, 13], [12, 12], [13, 13], [12, 14], [11, 14], [10, 15], [10, 16], [9, 16], [8, 16], [9, 17], [10, 18], [9, 18], [10, 19], [11, 19], [12, 19], [13, 19], [14, 18], [14, 17], [15, 18], [15, 17], [16, 16]]
[[17, 12], [16, 11], [17, 10], [18, 11], [19, 11], [19, 10], [20, 10], [21, 10], [21, 11], [21, 12], [20, 11], [19, 12], [18, 12], [18, 13], [17, 13], [18, 14], [19, 13], [19, 14], [19, 15], [20, 14], [21, 14], [22, 14], [23, 13], [24, 14], [23, 15], [24, 15], [25, 16], [26, 15], [26, 14], [27, 15], [28, 16], [28, 17], [29, 18], [28, 19], [27, 19], [27, 18], [26, 18], [26, 19], [25, 18], [25, 17], [26, 16], [26, 17], [27, 16], [28, 15], [29, 15], [29, 14], [28, 14], [27, 13], [27, 14], [26, 13], [26, 12], [27, 11], [26, 11], [27, 10], [27, 9], [28, 9], [28, 10], [29, 9], [28, 8], [29, 8], [29, 7], [29, 6], [29, 5], [28, 4], [29, 3], [28, 3], [27, 3], [26, 2], [25, 1], [26, 1], [27, 0], [27, 1], [27, 2], [26, 3], [25, 2], [24, 2], [23, 3], [24, 4], [23, 4], [24, 3], [25, 3], [25, 4], [24, 5], [23, 6], [24, 6], [25, 7], [25, 8], [26, 8], [25, 9], [24, 8], [24, 7], [23, 7], [22, 8], [21, 8], [21, 7], [21, 6], [20, 7], [20, 6], [21, 5], [20, 5], [20, 4], [19, 4], [18, 5], [19, 5], [18, 4], [17, 3], [18, 3], [19, 3], [20, 2], [19, 2], [20, 1], [20, 0], [19, 1], [19, 0], [18, 1], [17, 1], [16, 2], [15, 3], [15, 4], [16, 3], [16, 4], [15, 5], [15, 6], [14, 7], [13, 7], [14, 8], [15, 9], [15, 10], [16, 10], [17, 10], [16, 11], [16, 12], [15, 11], [14, 11], [13, 12], [12, 11], [13, 10], [13, 9], [12, 8], [13, 8], [12, 9], [11, 10], [12, 10], [11, 9], [10, 10], [9, 9], [8, 10], [9, 11], [9, 12], [8, 11], [7, 12], [8, 12], [7, 13], [6, 13], [5, 13], [5, 12], [5, 11], [4, 12], [3, 13], [2, 13], [1, 12], [0, 11], [0, 10], [1, 9], [2, 9], [1, 8], [1, 7], [1, 6], [2, 6], [1, 5], [0, 4], [0, 3], [1, 2], [2, 1], [2, 0], [1, 0], [0, 0], [0, 1], [1, 1], [0, 2], [1, 3], [2, 4], [1, 4], [2, 5], [3, 4], [3, 5], [4, 4], [4, 5], [4, 6], [3, 6], [2, 7], [3, 7], [4, 7], [5, 7], [6, 6], [6, 7], [7, 7], [8, 8], [7, 8], [6, 8], [5, 9], [5, 8], [4, 9], [5, 10], [6, 9], [7, 10], [7, 11], [6, 10], [7, 9], [8, 9], [9, 10], [10, 11], [10, 12], [11, 13], [10, 13], [10, 14], [10, 15], [9, 14], [9, 15], [8, 16], [7, 15], [8, 14], [7, 14], [6, 15], [5, 14], [4, 14], [4, 15], [5, 16], [6, 16], [6, 17], [5, 17], [4, 16], [3, 15], [2, 16], [3, 17], [4, 18], [3, 18], [4, 19], [3, 19], [2, 18], [1, 17], [0, 17], [0, 16], [1, 16], [0, 15], [0, 14], [1, 14], [2, 14], [1, 13], [0, 12], [1, 11], [2, 10], [3, 11], [4, 10], [3, 9], [3, 10], [2, 11], [2, 12], [3, 12], [4, 13], [3, 14], [2, 15], [3, 16], [4, 17], [5, 18], [6, 18], [7, 19], [7, 18], [8, 19], [8, 18], [9, 17], [10, 18], [11, 17], [12, 16], [13, 16], [12, 15], [12, 14], [13, 15], [14, 16], [15, 15], [15, 14], [14, 15], [15, 16], [16, 15], [16, 16]]
