[[4, 5], [5, 5], [6, 4], [7, 4], [8, 3], [9, 2], [10, 3], [11, 4], [12, 5], [13, 6], [14, 7], [15, 8], [16, 7], [17, 7], [18, 7], [19, 8], [20, 8], [21, 7], [22, 8], [23, 7], [24, 6], [25, 6], [26, 7], [27, 6], [28, 5], [29, 4]]
[[4, 5], [5, 5], [6, 4], [7, 3], [8, 4], [9, 3], [10, 4], [11, 3], [12, 4], [13, 5], [14, 6], [15, 6], [16, 7], [17, 8], [18, 8], [19, 7], [20, 7], [21, 8], [22, 8], [23, 7], [24, 6], [25, 7], [26, 7], [27, 6], [28, 5], [29, 4]]
[[4, 5], [5, 5], [6, 4], [7, 4], [8, 3], [9, 3], [10, 4], [11, 3], [12, 4], [13, 4], [14, 5], [15, 6], [16, 7], [17, 8], [18, 7], [19, 6], [20, 7], [21, 7], [22, 6], [23, 6], [24, 5], [25, 6], [26, 5], [27, 5], [28, 5], [29, 4]]
[[4, 5], [5, 5], [6, 6], [7, 5], [8, 4], [9, 3], [10, 2], [11, 3], [12, 4], [13, 5], [14, 6], [15, 6], [16, 7], [17, 8], [18, 8], [19, 7], [20, 7], [21, 8], [22, 8], [23, 7], [24, 6], [25, 7], [26, 7], [27, 6], [28, 5], [29, 4]]
[[4, 5], [5, 5], [6, 4], [7, 4], [8, 3], [9, 2], [10, 3], [11, 4], [12, 5], [13, 6], [14, 7], [15, 8], [16, 7], [17, 7], [18, 7], [19, 8], [20, 8], [21, 7], [22, 8], [23, 7], [24, 6], [25, 6], [26, 7], [27, 6], [28, 5], [29, 4]]
[[4, 5], [5, 5], [6, 4], [7, 4], [8, 4], [9, 3], [10, 4], [11, 5], [12, 6], [13, 6], [14, 7], [15, 7], [16, 8], [17, 9], [18, 9], [19, 9], [20, 8], [21, 8], [22, 8], [23, 7], [24, 7], [25, 7], [26, 7], [27, 6], [28, 5], [29, 4]]
[[4, 5], [5, 6], [6, 6], [7, 5], [8, 4], [9, 3], [10, 3], [11, 3], [12, 4], [13, 5], [14, 6], [15, 7], [16, 8], [17, 9], [18, 8], [19, 8], [20, 8], [21, 8], [22, 9], [23, 8], [24, 7], [25, 6], [26, 5], [27, 4], [28, 5], [29, 4]]
[[4, 5], [5, 6], [6, 6], [7, 5], [8, 4], [9, 3], [10, 4], [11, 5], [12, 5], [13, 6], [14, 6], [15, 7], [16, 8], [17, 8], [18, 8], [19, 8], [20, 7], [21, 8], [22, 8], [23, 9], [24, 8], [25, 7], [26, 6], [27, 5], [28, 5], [29, 4]]
[[4, 5], [5, 5], [6, 4], [7, 3], [8, 2], [9, 3], [10, 4], [11, 5], [12, 6], [13, 6], [14, 7], [15, 7], [16, 7], [17, 8], [18, 8], [19, 9], [20, 8], [21, 7], [22, 8], [23, 7], [24, 6], [25, 6], [26, 7], [27, 6], [28, 5], [29, 4]]
[[4, 5], [5, 5], [6, 4], [7, 5], [8, 4], [9, 3], [10, 3], [11, 3], [12, 4], [13, 4], [14, 5], [15, 6], [16, 7], [17, 8], [18, 9], [19, 10], [20, 10], [21, 9], [22, 8], [23, 7], [24, 7], [25, 7], [26, 7], [27, 6], [28, 5], [29, 4]]
[[4, 5], [5, 5], [6, 4], [7, 3], [8, 3], [9, 2], [10, 3], [11, 4], [12, 4], [13, 5], [14, 6], [15, 7], [16, 7], [17, 8], [18, 7], [19, 8], [20, 7], [21, 8], [22, 8], [23, 7], [24, 7], [25, 7], [26, 7], [27, 6], [28, 5], [29, 4]]
[[4, 5], [5, 5], [6, 4], [7, 4], [8, 3], [9, 3], [10, 3], [11, 4], [12, 5], [13, 5], [14, 5], [15, 6], [16, 7], [17, 7], [18, 7], [19, 8], [20, 9], [21, 8], [22, 8], [23, 7], [24, 6], [25, 6], [26, 5], [27, 6], [28, 5], [29, 4]]
[[4, 5], [5, 5], [6, 4], [7, 4], [8, 3], [9, 2], [10, 3], [11, 4], [12, 5], [13, 6], [14, 7], [15, 8], [16, 8], [17, 8], [18, 8], [19, 9], [20, 10], [21, 10], [22, 9], [23, 8], [24, 8], [25, 8], [26, 7], [27, 6], [28, 5], [29, 4]]
[[4, 5], [5, 5], [6, 4], [7, 4], [8, 3], [9, 3], [10, 3], [11, 4], [12, 5], [13, 6], [14, 7], [15, 7], [16, 8], [17, 7], [18, 8], [19, 7], [20, 7], [21, 7], [22, 6], [23, 6], [24, 5], [25, 6], [26, 5], [27, 5], [28, 5], [29, 4]]
[[4, 5], [5, 5], [6, 4], [7, 3], [8, 2], [9, 3], [10, 4], [11, 5], [12, 5], [13, 6], [14, 7], [15, 7], [16, 8], [17, 7], [18, 8], [19, 9], [20, 8], [21, 7], [22, 8], [23, 8], [24, 7], [25, 7], [26, 6], [27, 5], [28, 5], [29, 4]]
[[4, 5], [5, 5], [6, 4], [7, 3], [8, 4], [9, 3], [10, 2], [11, 3], [12, 4], [13, 5], [14, 6], [15, 6], [16, 7], [17, 7], [18, 7], [19, 7], [20, 6], [21, 5], [22, 5], [23, 5], [24, 6], [25, 6], [26, 6], [27, 5], [28, 5], [29, 4]]
[[4, 5], [5, 5], [6, 4], [7, 3], [8, 4], [9, 3], [10, 4], [11, 5], [12, 4], [13, 4], [14, 5], [15, 6], [16, 7], [17, 6], [18, 5], [19, 6], [20, 6], [21, 7], [22, 8], [23, 8], [24, 7], [25, 7], [26, 6], [27, 6], [28, 5], [29, 4]]
[[4, 5], [5, 5], [6, 4], [7, 3], [8, 2], [9, 3], [10, 4], [10, 5], [11, 6], [11, 5], [12, 6], [13, 6], [14, 7], [15, 8], [15, 7], [16, 8], [17, 9], [18, 8], [19, 9], [19, 8], [20, 7], [21, 7], [22, 6], [23, 7], [24, 6], [25, 6], [26, 6], [27, 6], [28, 5], [29, 5], [29, 4]]
[[4, 5], [5, 5], [6, 4], [7, 4], [8, 3], [9, 2], [10, 3], [10, 4], [10, 5], [11, 6], [12, 5], [13, 6], [14, 7], [15, 6], [16, 7], [16, 8], [17, 8], [18, 9], [19, 10], [19, 9], [20, 8], [21, 8], [22, 8], [23, 7], [24, 7], [25, 7], [26, 7], [27, 6], [28, 5], [29, 5], [29, 4]]
[[4, 5], [5, 5], [6, 4], [7, 3], [8, 2], [9, 3], [10, 4], [10, 5], [11, 6], [11, 7], [12, 8], [13, 8], [14, 7], [15, 7], [16, 8], [17, 9], [17, 8], [18, 7], [19, 7], [20, 8], [21, 9], [22, 8], [23, 7], [24, 8], [25, 8], [26, 8], [26, 7], [27, 6], [28, 5], [29, 5], [29, 4]]
