[[19, 15], [20, 15], [21, 16], [22, 15]]
[[19, 15], [20, 16], [21, 16], [22, 15]]
[[19, 15], [20, 14], [21, 14], [22, 15]]
[[19, 15], [20, 15], [21, 16], [22, 15]]
[[19, 15], [20, 15], [21, 14], [22, 15]]
[[19, 15], [20, 15], [21, 16], [22, 15]]
[[19, 15], [20, 15], [21, 16], [22, 15]]
[[19, 15], [20, 16], [21, 16], [22, 15]]
[[19, 15], [18, 16], [18, 15], [19, 16], [20, 16], [21, 16], [21, 15], [22, 15]]
[[19, 15], [18, 15], [17, 14], [16, 13], [15, 14], [15, 15], [16, 15], [15, 16], [14, 17], [14, 16], [13, 15], [12, 16], [13, 17], [12, 17], [11, 17], [10, 18], [10, 17], [10, 16], [11, 15], [10, 14], [11, 13], [12, 12], [12, 11], [13, 11], [14, 12], [15, 13], [15, 12], [15, 11], [15, 10], [14, 10], [13, 9], [12, 9], [12, 8], [11, 9], [11, 8], [10, 9], [9, 8], [10, 7], [11, 6], [12, 5], [11, 5], [10, 5], [11, 4], [12, 4], [13, 3], [14, 2], [15, 2], [16, 1], [15, 1], [14, 1], [13, 2], [14, 3], [15, 4], [14, 4], [13, 5], [13, 6], [14, 6], [14, 5], [15, 6], [14, 7], [13, 7], [12, 6], [12, 7], [12, 8], [11, 7], [11, 8], [10, 9], [10, 8], [9, 9], [9, 10], [8, 9], [8, 10], [7, 9], [8, 8], [7, 8], [6, 8], [7, 7], [6, 7], [5, 8], [4, 7], [5, 6], [6, 5], [5, 4], [6, 3], [5, 3], [6, 2], [7, 2], [6, 1], [7, 0], [8, 1], [7, 1], [8, 2], [8, 3], [8, 4], [9, 3], [9, 4], [10, 3], [10, 2], [9, 1], [10, 0], [11, 0], [12, 0], [12, 1], [13, 1], [14, 0], [15, 0], [16, 0], [17, 1], [16, 2], [16, 3], [17, 2], [17, 3], [18, 4], [18, 3], [17, 4], [16, 5], [17, 5], [17, 6], [16, 6], [15, 7], [16, 8], [17, 7], [16, 7], [17, 8], [18, 7], [19, 7], [19, 6], [19, 5], [20, 6], [21, 6], [22, 7], [23, 7], [22, 6], [21, 7], [20, 7], [21, 8], [22, 9], [23, 10], [22, 10], [22, 11], [22, 12], [22, 13], [23, 13], [23, 14], [23, 15], [24, 15], [25, 14], [24, 14], [25, 15], [24, 16], [24, 17], [23, 16], [22, 17], [21, 17], [21, 16], [20, 16], [21, 15], [22, 15]]
