[[19, 19], [18, 19], [17, 18], [16, 18], [15, 18], [14, 18], [13, 17], [12, 16], [11, 15], [10, 15], [9, 14], [8, 13], [7, 12], [6, 11]]
[[19, 19], [18, 19], [17, 18], [16, 18], [15, 18], [14, 17], [13, 17], [12, 16], [11, 15], [10, 14], [9, 13], [8, 13], [7, 12], [6, 11]]
[[19, 19], [18, 19], [17, 19], [16, 19], [15, 18], [14, 17], [13, 16], [12, 16], [11, 15], [10, 14], [9, 13], [8, 12], [7, 11], [6, 11]]
[[19, 19], [18, 19], [17, 18], [16, 19], [15, 18], [14, 17], [13, 16], [12, 15], [11, 14], [10, 14], [9, 13], [8, 12], [7, 12], [6, 11]]
[[19, 19], [18, 19], [17, 18], [16, 18], [15, 18], [14, 18], [13, 17], [12, 16], [11, 15], [10, 15], [9, 14], [8, 13], [7, 12], [6, 11]]
[[19, 19], [18, 19], [17, 18], [16, 17], [15, 16], [14, 17], [13, 17], [12, 16], [11, 15], [10, 14], [9, 13], [8, 13], [7, 12], [6, 11]]
[[19, 19], [18, 19], [17, 18], [16, 18], [15, 18], [14, 18], [13, 17], [12, 16], [11, 15], [10, 14], [9, 13], [8, 12], [7, 12], [6, 11]]
[[19, 19], [18, 19], [17, 19], [16, 18], [15, 18], [14, 17], [13, 17], [12, 16], [11, 15], [10, 14], [9, 13], [8, 13], [7, 12], [6, 11]]
[[19, 19], [18, 19], [17, 19], [16, 19], [15, 18], [14, 18], [13, 17], [12, 16], [11, 15], [10, 14], [9, 13], [8, 12], [7, 11], [6, 11]]
[[19, 19], [18, 19], [17, 19], [16, 18], [15, 18], [14, 18], [13, 17], [12, 16], [11, 15], [10, 14], [9, 13], [8, 13], [7, 12], [6, 11]]
[[19, 19], [18, 19], [17, 18], [16, 17], [15, 16], [14, 16], [13, 15], [12, 14], [11, 15], [10, 14], [9, 13], [8, 12], [7, 12], [6, 11]]
[[19, 19], [18, 19], [17, 18], [16, 17], [15, 16], [14, 16], [13, 17], [12, 16], [11, 15], [10, 14], [9, 13], [8, 12], [7, 12], [6, 11]]
[[19, 19], [18, 19], [17, 18], [16, 17], [15, 16], [14, 17], [13, 16], [12, 15], [11, 14], [10, 14], [9, 13], [8, 13], [7, 12], [6, 11]]
[[19, 19], [18, 19], [17, 18], [16, 17], [15, 16], [14, 15], [13, 14], [12, 14], [11, 14], [10, 13], [9, 12], [8, 13], [7, 12], [6, 11]]
[[19, 19], [18, 19], [17, 18], [16, 17], [15, 16], [14, 16], [13, 16], [12, 15], [11, 14], [10, 13], [9, 12], [8, 13], [7, 12], [6, 11]]
[[19, 19], [18, 19], [17, 18], [16, 18], [15, 18], [14, 17], [13, 16], [12, 15], [11, 14], [10, 13], [9, 12], [9, 11], [10, 11], [9, 12], [8, 11], [7, 10], [6, 11]]
[[19, 19], [18, 19], [17, 19], [17, 18], [16, 18], [15, 18], [14, 18], [14, 19], [13, 18], [13, 17], [14, 16], [13, 15], [12, 15], [11, 14], [10, 14], [9, 13], [9, 12], [8, 12], [7, 12], [6, 11]]
[[19, 19], [19, 18], [18, 17], [19, 17], [18, 17], [18, 16], [19, 15], [19, 14], [19, 13], [18, 13], [18, 14], [19, 13], [20, 12], [20, 11], [19, 11], [19, 10], [19, 9], [18, 10], [19, 10], [20, 10], [21, 9], [20, 8], [21, 9], [20, 9], [19, 9], [19, 8], [19, 9], [20, 8], [19, 8], [18, 7], [19, 7], [18, 8], [17, 9], [16, 9], [16, 10], [15, 10], [14, 10], [14, 11], [15, 12], [14, 11], [13, 11], [12, 10], [12, 11], [11, 11], [10, 11], [10, 12], [11, 13], [10, 12], [9, 12], [8, 12], [8, 13], [7, 13], [6, 12], [6, 11]]
[[19, 19], [19, 18], [18, 19], [17, 18], [16, 18], [17, 17], [16, 17], [15, 18], [14, 17], [13, 18], [13, 17], [12, 17], [11, 18], [10, 19], [9, 18], [8, 18], [7, 18], [6, 18], [6, 17], [7, 16], [7, 17], [6, 18], [7, 18], [7, 19], [8, 18], [8, 19], [8, 18], [9, 18], [10, 17], [11, 18], [10, 17], [10, 16], [9, 15], [8, 14], [8, 13], [7, 13], [7, 12], [7, 11], [8, 12], [7, 11], [8, 10], [9, 9], [8, 8], [7, 9], [6, 9], [5, 10], [6, 11], [5, 12], [5, 11], [4, 10], [4, 9], [3, 10], [2, 10], [2, 11], [3, 11], [4, 12], [5, 11], [6, 11]]
[[19, 19], [20, 18], [20, 19], [21, 19], [22, 18], [23, 17], [24, 18], [25, 17], [25, 18], [24, 18], [23, 17], [24, 16], [23, 17], [23, 16], [24, 17], [25, 17], [24, 18], [24, 19], [23, 19], [22, 18], [21, 19], [20, 19], [20, 18], [19, 18], [20, 17], [19, 17], [18, 17], [17, 16], [16, 15], [17, 15], [18, 15], [17, 14], [16, 13], [15, 12], [14, 13], [14, 14], [13, 14], [12, 15], [13, 15], [12, 16], [13, 15], [13, 14], [12, 14], [11, 13], [11, 14], [10, 14], [10, 13], [9, 14], [8, 13], [7, 14], [8, 14], [7, 15], [6, 15], [6, 14], [5, 15], [5, 14], [5, 13], [4, 12], [4, 13], [5, 12], [6, 11]]
