[[20, 17], [19, 16], [18, 15], [17, 14], [16, 13], [17, 12], [16, 11], [15, 10], [14, 9], [13, 9], [12, 8]]
[[20, 17], [19, 16], [18, 15], [17, 14], [17, 13], [17, 12], [16, 11], [15, 10], [14, 9], [13, 8], [12, 8]]
[[20, 17], [20, 16], [19, 15], [18, 14], [18, 13], [17, 12], [16, 11], [15, 10], [14, 9], [13, 8], [12, 8]]
[[20, 17], [19, 16], [19, 15], [19, 14], [18, 13], [17, 12], [16, 11], [15, 10], [14, 9], [13, 8], [12, 8]]
[[20, 17], [19, 16], [18, 15], [17, 14], [16, 13], [17, 12], [16, 11], [15, 10], [14, 9], [13, 9], [12, 8]]
[[20, 17], [19, 16], [18, 15], [18, 14], [17, 13], [17, 12], [16, 11], [15, 10], [14, 9], [13, 8], [12, 8]]
[[20, 17], [20, 16], [19, 15], [18, 14], [17, 13], [16, 12], [15, 11], [15, 10], [14, 9], [13, 9], [12, 8]]
[[20, 17], [20, 16], [19, 15], [18, 14], [17, 13], [16, 12], [16, 11], [15, 10], [14, 9], [13, 9], [12, 8]]
[[20, 17], [20, 16], [19, 15], [18, 14], [18, 13], [17, 12], [16, 11], [15, 10], [14, 9], [13, 9], [12, 8]]
[[20, 17], [20, 16], [19, 15], [19, 14], [18, 13], [17, 12], [16, 11], [15, 10], [14, 9], [13, 9], [12, 8]]
[[20, 17], [19, 16], [18, 15], [17, 14], [16, 13], [16, 12], [15, 11], [15, 10], [14, 9], [13, 8], [12, 8]]
[[20, 17], [19, 16], [18, 15], [18, 14], [17, 13], [16, 12], [16, 11], [15, 10], [14, 9], [13, 8], [12, 8]]
[[20, 17], [19, 16], [19, 15], [18, 14], [17, 13], [16, 12], [15, 11], [15, 10], [14, 9], [13, 9], [12, 8]]
[[20, 17], [19, 16], [19, 15], [19, 14], [18, 13], [17, 12], [16, 11], [15, 10], [14, 9], [13, 9], [12, 8]]
[[20, 17], [20, 16], [19, 15], [19, 14], [18, 13], [17, 12], [16, 11], [15, 10], [14, 9], [13, 9], [12, 8]]
[[20, 17], [19, 16], [19, 15], [19, 14], [18, 13], [17, 12], [16, 11], [15, 10], [14, 9], [13, 8], [12, 8]]
[[20, 17], [19, 16], [18, 15], [18, 14], [17, 13], [17, 12], [16, 11], [15, 10], [14, 9], [14, 8], [13, 8], [12, 8]]
[[20, 17], [19, 17], [18, 16], [18, 15], [18, 14], [19, 13], [18, 12], [17, 11], [16, 10], [15, 10], [14, 9], [13, 9], [12, 8]]
[[20, 17], [19, 16], [18, 16], [18, 15], [19, 15], [18, 14], [18, 13], [17, 12], [17, 11], [16, 10], [15, 10], [14, 9], [14, 8], [13, 7], [12, 8]]
[[20, 17], [19, 16], [19, 15], [18, 14], [17, 14], [16, 13], [16, 12], [15, 11], [16, 11], [16, 10], [15, 10], [14, 9], [13, 10], [14, 9], [14, 8], [13, 8], [12, 8]]
