[[11, 1], [12, 0], [13, 0], [14, 1], [15, 0], [16, 1], [17, 2], [18, 1], [19, 2], [20, 1], [21, 1], [22, 2], [23, 3], [24, 4], [25, 4], [26, 4], [27, 5]]
[[11, 1], [12, 0], [13, 0], [14, 1], [15, 1], [16, 1], [17, 1], [18, 0], [19, 0], [20, 1], [21, 0], [22, 0], [23, 1], [24, 2], [25, 3], [26, 4], [27, 5]]
[[11, 1], [12, 2], [13, 1], [14, 1], [15, 1], [16, 2], [17, 2], [18, 1], [19, 2], [20, 3], [21, 3], [22, 2], [23, 3], [24, 3], [25, 4], [26, 4], [27, 5]]
[[11, 1], [12, 0], [13, 1], [14, 0], [15, 1], [16, 2], [17, 1], [18, 2], [19, 3], [20, 2], [21, 1], [22, 2], [23, 3], [24, 4], [25, 3], [26, 4], [27, 5]]
[[11, 1], [12, 0], [13, 0], [14, 1], [15, 0], [16, 1], [17, 2], [18, 1], [19, 2], [20, 1], [21, 1], [22, 2], [23, 3], [24, 4], [25, 4], [26, 4], [27, 5]]
[[11, 1], [12, 0], [13, 0], [14, 1], [15, 0], [16, 0], [17, 0], [18, 0], [19, 0], [20, 1], [21, 1], [22, 2], [23, 3], [24, 2], [25, 3], [26, 4], [27, 5]]
[[11, 1], [12, 1], [13, 1], [14, 2], [15, 1], [16, 1], [17, 2], [18, 3], [19, 2], [20, 2], [21, 3], [22, 2], [23, 3], [24, 4], [25, 3], [26, 4], [27, 5]]
[[11, 1], [12, 2], [13, 1], [14, 1], [15, 1], [16, 2], [17, 1], [18, 1], [19, 2], [20, 3], [21, 4], [22, 4], [23, 3], [24, 3], [25, 4], [26, 4], [27, 5]]
[[11, 1], [12, 1], [13, 1], [14, 2], [15, 1], [16, 2], [17, 2], [18, 3], [19, 2], [20, 3], [21, 4], [22, 4], [23, 3], [24, 3], [25, 4], [26, 4], [27, 5]]
[[11, 1], [12, 2], [13, 1], [14, 1], [15, 1], [16, 1], [17, 2], [18, 2], [19, 3], [20, 2], [21, 1], [22, 2], [23, 3], [24, 4], [25, 5], [26, 4], [27, 5]]
[[11, 1], [12, 0], [13, 0], [14, 0], [15, 1], [16, 1], [17, 1], [18, 2], [19, 3], [20, 3], [21, 4], [22, 4], [23, 4], [24, 4], [25, 3], [26, 4], [27, 5]]
[[11, 1], [12, 2], [13, 3], [14, 3], [15, 4], [16, 5], [17, 6], [18, 6], [19, 5], [20, 5], [21, 4], [22, 3], [23, 4], [24, 5], [25, 4], [26, 5], [27, 5]]
[[11, 1], [12, 1], [13, 1], [14, 0], [15, 1], [16, 2], [17, 3], [18, 3], [19, 2], [20, 2], [21, 3], [22, 4], [23, 3], [24, 4], [25, 5], [26, 5], [27, 5]]
[[11, 1], [12, 2], [13, 3], [14, 4], [15, 4], [16, 3], [17, 4], [18, 4], [19, 4], [20, 3], [21, 3], [22, 2], [23, 3], [24, 3], [25, 3], [26, 4], [27, 5]]
[[11, 1], [12, 0], [13, 1], [14, 1], [15, 0], [16, 1], [17, 0], [18, 0], [19, 0], [20, 0], [21, 1], [22, 2], [23, 3], [24, 3], [25, 3], [26, 4], [27, 5]]
[[11, 1], [12, 1], [13, 0], [14, 0], [15, 1], [16, 2], [17, 2], [18, 1], [19, 1], [20, 0], [21, 0], [22, 1], [23, 1], [24, 2], [25, 3], [26, 4], [27, 5]]
[[11, 1], [12, 0], [13, 1], [14, 0], [15, 0], [16, 1], [17, 2], [18, 1], [19, 0], [20, 1], [21, 0], [22, 0], [23, 1], [24, 2], [25, 3], [26, 3], [26, 4], [27, 5]]
[[11, 1], [12, 0], [13, 1], [14, 0], [15, 1], [16, 1], [17, 1], [18, 1], [19, 1], [20, 0], [21, 1], [22, 0], [23, 1], [24, 2], [25, 2], [26, 3], [27, 4], [27, 5]]
[[11, 1], [12, 0], [13, 1], [14, 2], [15, 1], [16, 2], [17, 2], [18, 2], [19, 2], [20, 3], [21, 3], [22, 4], [23, 4], [24, 4], [25, 3], [26, 3], [27, 3], [27, 4], [27, 5]]
[[11, 1], [12, 1], [13, 1], [14, 2], [14, 1], [15, 1], [16, 1], [17, 2], [17, 1], [18, 0], [19, 1], [20, 1], [21, 0], [22, 0], [23, 1], [24, 2], [25, 2], [26, 3], [27, 4], [27, 5]]
