[[4, 17], [5, 18], [4, 19]]
[[4, 17], [4, 18], [4, 19]]
[[4, 17], [5, 18], [4, 19]]
[[4, 17], [5, 18], [4, 19]]
[[4, 17], [5, 18], [4, 19]]
[[4, 17], [5, 18], [4, 19]]
[[4, 17], [3, 18], [4, 19]]
[[4, 17], [5, 18], [4, 19]]
[[4, 17], [5, 18], [4, 19]]
[[4, 17], [3, 18], [4, 19]]
[[4, 17], [3, 18], [4, 19]]
[[4, 17], [3, 18], [4, 19]]
[[4, 17], [5, 18], [4, 19]]
[[4, 17], [3, 18], [2, 19], [3, 18], [3, 19], [4, 19]]
[[4, 17], [3, 18], [2, 17], [3, 16], [3, 15], [2, 14], [1, 15], [1, 14], [2, 13], [3, 13], [3, 14], [4, 14], [5, 13], [5, 14], [5, 15], [6, 15], [7, 15], [6, 16], [5, 17], [4, 18], [4, 19]]
[[4, 17], [4, 16], [5, 17], [6, 18], [7, 17], [8, 17], [7, 18], [6, 19], [7, 19], [8, 18], [9, 19], [10, 18], [10, 19], [9, 18], [9, 17], [8, 16], [7, 15], [7, 16], [6, 17], [5, 16], [6, 15], [7, 14], [8, 14], [8, 13], [7, 12], [7, 11], [7, 10], [6, 11], [5, 11], [5, 12], [6, 12], [6, 13], [6, 14], [5, 13], [5, 14], [4, 15], [3, 14], [3, 15], [2, 14], [1, 15], [2, 16], [3, 16], [4, 15], [3, 15], [4, 14], [5, 15], [6, 14], [6, 13], [7, 14], [8, 13], [7, 13], [8, 12], [7, 12], [6, 12], [5, 13], [4, 12], [3, 11], [3, 10], [4, 11], [5, 10], [5, 9], [6, 9], [6, 10], [7, 11], [7, 10], [6, 11], [5, 11], [5, 12], [4, 13], [3, 12], [2, 13], [3, 13], [3, 14], [2, 14], [1, 14], [0, 15], [1, 16], [0, 17], [1, 18], [0, 19], [0, 18], [1, 17], [2, 18], [3, 19], [2, 19], [3, 18], [4, 19]]
