[[24, 3], [25, 4], [26, 5], [27, 6]]
[[24, 3], [25, 4], [26, 5], [27, 6]]
[[24, 3], [25, 4], [26, 5], [27, 6]]
[[24, 3], [25, 4], [26, 5], [27, 6]]
[[24, 3], [25, 4], [26, 5], [27, 6]]
[[24, 3], [25, 4], [26, 5], [27, 6]]
[[24, 3], [25, 4], [26, 5], [27, 6]]
[[24, 3], [25, 4], [26, 5], [27, 6]]
[[24, 3], [25, 4], [26, 5], [27, 6]]
[[24, 3], [23, 2], [24, 1], [25, 1], [25, 2], [26, 1], [25, 2], [26, 2], [25, 3], [26, 3], [26, 4], [26, 5], [27, 6]]
[[24, 3], [25, 2], [24, 1], [25, 1], [24, 0], [25, 0], [26, 1], [27, 1], [28, 0], [29, 1], [28, 1], [29, 2], [28, 2], [27, 3], [28, 3], [28, 4], [29, 4], [28, 5], [27, 5], [26, 5], [26, 6], [27, 6]]
[[24, 3], [24, 2], [25, 2], [24, 3], [24, 4], [23, 5], [22, 5], [21, 5], [21, 6], [21, 7], [21, 8], [20, 9], [20, 10], [21, 9], [22, 9], [23, 10], [24, 10], [25, 11], [26, 10], [25, 9], [26, 8], [26, 7], [27, 7], [27, 6]]
[[24, 3], [23, 2], [24, 2], [25, 3], [26, 4], [26, 3], [25, 4], [24, 5], [25, 5], [24, 4], [23, 3], [23, 4], [22, 3], [22, 2], [21, 2], [20, 2], [20, 3], [19, 3], [20, 4], [21, 5], [21, 6], [21, 7], [22, 7], [21, 8], [20, 9], [19, 10], [20, 10], [21, 11], [21, 12], [21, 13], [21, 14], [20, 13], [19, 14], [18, 14], [17, 13], [17, 14], [17, 15], [18, 15], [17, 16], [18, 16], [17, 17], [16, 17], [16, 18], [17, 18], [18, 18], [19, 17], [18, 17], [19, 18], [20, 19], [21, 18], [21, 17], [22, 17], [22, 18], [23, 17], [22, 16], [21, 16], [20, 17], [19, 16], [19, 15], [20, 15], [20, 14], [21, 15], [22, 14], [22, 13], [23, 14], [24, 15], [23, 15], [24, 14], [25, 14], [26, 15], [25, 15], [26, 14], [27, 14], [27, 13], [28, 14], [29, 14], [28, 13], [29, 12], [29, 13], [28, 12], [28, 11], [28, 10], [27, 11], [26, 10], [26, 9], [27, 9], [26, 8], [25, 7], [26, 7], [27, 7], [28, 8], [29, 7], [29, 8], [28, 9], [27, 10], [26, 11], [27, 12], [28, 11], [27, 10], [26, 9], [26, 8], [25, 9], [25, 8], [26, 7], [27, 6]]
