[[16, 18], [17, 18], [18, 17], [19, 16], [20, 17], [21, 17], [22, 17], [23, 18], [24, 19], [25, 19], [26, 18], [27, 17]]
[[16, 18], [17, 17], [18, 18], [19, 17], [20, 17], [21, 18], [22, 19], [23, 18], [24, 18], [25, 18], [26, 17], [27, 17]]
[[16, 18], [17, 18], [18, 17], [19, 17], [20, 18], [21, 18], [22, 18], [23, 18], [24, 17], [25, 18], [26, 17], [27, 17]]
[[16, 18], [17, 17], [18, 16], [19, 16], [20, 16], [21, 16], [22, 16], [23, 17], [24, 16], [25, 16], [26, 16], [27, 17]]
[[16, 18], [17, 17], [18, 17], [19, 17], [20, 17], [21, 16], [22, 17], [23, 16], [24, 16], [25, 16], [26, 17], [27, 17]]
[[16, 18], [17, 18], [18, 18], [19, 17], [20, 18], [21, 18], [22, 19], [23, 18], [24, 18], [25, 18], [26, 17], [27, 17]]
[[16, 18], [17, 19], [18, 18], [19, 17], [20, 16], [21, 16], [22, 16], [23, 17], [24, 16], [25, 16], [26, 17], [27, 17]]
[[16, 18], [17, 17], [18, 17], [19, 17], [20, 17], [21, 18], [22, 17], [23, 18], [24, 17], [25, 16], [26, 17], [27, 17]]
[[16, 18], [17, 18], [18, 17], [19, 16], [20, 17], [21, 17], [22, 17], [23, 18], [24, 19], [25, 19], [26, 18], [27, 17]]
[[16, 18], [17, 17], [18, 16], [19, 16], [20, 15], [21, 15], [22, 15], [23, 14], [24, 14], [25, 15], [26, 16], [27, 17]]
[[16, 18], [17, 18], [18, 18], [19, 17], [20, 16], [21, 17], [22, 18], [22, 17], [23, 16], [24, 17], [25, 18], [24, 17], [25, 18], [26, 17], [27, 17]]
[[16, 18], [17, 17], [17, 16], [18, 16], [19, 16], [20, 17], [21, 16], [22, 17], [23, 16], [23, 17], [22, 17], [23, 18], [24, 19], [25, 18], [26, 17], [26, 18], [27, 17]]
[[16, 18], [17, 17], [18, 16], [19, 17], [20, 18], [21, 18], [22, 18], [21, 18], [22, 17], [22, 16], [22, 15], [23, 15], [24, 16], [25, 15], [26, 16], [27, 15], [27, 16], [27, 17]]
[[16, 18], [17, 17], [18, 16], [19, 16], [20, 17], [21, 16], [22, 16], [21, 16], [22, 15], [23, 16], [24, 15], [24, 14], [25, 15], [26, 14], [25, 15], [24, 16], [23, 17], [24, 18], [25, 18], [26, 19], [26, 18], [27, 17]]
[[16, 18], [16, 17], [17, 18], [17, 17], [18, 18], [18, 17], [19, 16], [20, 17], [21, 17], [20, 18], [21, 18], [20, 17], [21, 16], [22, 15], [21, 14], [22, 15], [23, 15], [23, 16], [24, 15], [25, 16], [26, 16], [27, 15], [28, 14], [27, 14], [28, 14], [29, 15], [29, 16], [28, 17], [28, 18], [27, 17]]
[[16, 18], [15, 19], [16, 18], [17, 19], [17, 18], [17, 17], [18, 16], [19, 17], [20, 18], [20, 17], [21, 17], [20, 16], [20, 15], [21, 14], [20, 15], [21, 14], [22, 14], [21, 14], [20, 15], [20, 14], [19, 13], [18, 12], [18, 13], [17, 13], [18, 14], [19, 15], [19, 14], [18, 15], [18, 14], [18, 15], [18, 14], [19, 15], [20, 16], [19, 17], [20, 17], [21, 18], [22, 19], [21, 19], [22, 18], [23, 18], [24, 19], [25, 18], [24, 19], [25, 18], [26, 19], [25, 19], [26, 18], [27, 18], [28, 18], [29, 18], [28, 19], [28, 18], [27, 17], [27, 18], [27, 17]]
[[16, 18], [17, 19], [17, 18], [16, 17], [15, 17], [15, 16], [16, 15], [17, 14], [18, 14], [17, 15], [18, 15], [19, 14], [18, 13], [17, 13], [17, 12], [16, 11], [15, 12], [15, 13], [15, 14], [14, 14], [13, 14], [12, 13], [11, 13], [11, 12], [10, 11], [9, 11], [8, 12], [7, 13], [8, 13], [7, 12], [8, 11], [7, 10], [6, 11], [5, 10], [4, 10], [3, 9], [2, 9], [2, 10], [3, 11], [2, 12], [3, 13], [3, 12], [2, 13], [2, 14], [3, 15], [3, 16], [2, 16], [1, 15], [0, 15], [1, 16], [0, 17], [1, 17], [2, 18], [3, 19], [2, 19], [3, 18], [3, 17], [4, 17], [4, 18], [4, 19], [5, 18], [6, 19], [7, 18], [8, 19], [9, 19], [8, 18], [9, 17], [8, 17], [9, 18], [10, 19], [11, 19], [12, 19], [13, 19], [14, 19], [13, 18], [12, 18], [11, 18], [11, 17], [10, 17], [11, 16], [12, 16], [13, 16], [13, 17], [14, 18], [14, 17], [14, 16], [13, 15], [12, 15], [11, 14], [10, 13], [10, 14], [9, 13], [10, 12], [11, 11], [10, 10], [9, 9], [9, 8], [9, 7], [10, 6], [11, 6], [10, 5], [9, 4], [9, 3], [8, 2], [7, 2], [7, 1], [8, 0], [9, 0], [9, 1], [9, 2], [10, 2], [11, 3], [11, 2], [12, 1], [12, 2], [12, 3], [11, 4], [10, 4], [11, 5], [12, 5], [12, 6], [12, 7], [13, 7], [12, 8], [13, 9], [13, 8], [12, 9], [13, 10], [14, 9], [15, 9], [16, 10], [17, 11], [18, 10], [18, 11], [19, 12], [20, 12], [21, 11], [22, 11], [21, 12], [20, 13], [19, 13], [20, 14], [19, 15], [18, 16], [19, 17], [19, 16], [19, 15], [20, 15], [21, 15], [22, 16], [23, 17], [24, 18], [24, 17], [25, 16], [25, 15], [26, 14], [27, 14], [28, 13], [29, 12], [29, 13], [29, 14], [28, 14], [27, 15], [27, 16], [26, 17], [27, 18], [27, 19], [26, 19], [25, 19], [26, 18], [27, 17]]
