[[25, 11], [24, 10], [23, 9], [22, 8], [21, 9], [20, 10], [19, 9], [18, 9], [17, 10], [16, 10], [15, 9], [14, 10], [13, 10], [12, 9], [11, 9], [10, 10], [9, 11], [8, 11], [7, 12], [6, 11], [5, 11]]
[[25, 11], [24, 11], [23, 10], [22, 9], [21, 9], [20, 8], [19, 7], [18, 7], [17, 7], [16, 8], [15, 8], [14, 9], [13, 10], [12, 11], [11, 11], [10, 12], [9, 11], [8, 12], [7, 13], [6, 12], [5, 11]]
[[25, 11], [24, 10], [23, 9], [22, 8], [21, 9], [20, 9], [19, 10], [18, 10], [17, 11], [16, 12], [15, 11], [14, 10], [13, 11], [12, 12], [11, 12], [10, 13], [9, 13], [8, 12], [7, 13], [6, 12], [5, 11]]
[[25, 11], [24, 11], [23, 10], [22, 11], [21, 10], [20, 9], [19, 9], [18, 9], [17, 10], [16, 11], [15, 10], [14, 11], [13, 11], [12, 12], [11, 11], [10, 12], [9, 12], [8, 11], [7, 12], [6, 11], [5, 11]]
[[25, 11], [24, 10], [23, 9], [22, 8], [21, 9], [20, 10], [19, 9], [18, 9], [17, 10], [16, 10], [15, 9], [14, 10], [13, 10], [12, 9], [11, 9], [10, 10], [9, 11], [8, 11], [7, 12], [6, 11], [5, 11]]
[[25, 11], [24, 12], [23, 12], [22, 13], [21, 13], [20, 14], [19, 14], [18, 13], [17, 12], [16, 11], [15, 11], [14, 10], [13, 10], [12, 11], [11, 12], [10, 11], [9, 12], [8, 12], [7, 12], [6, 11], [5, 11]]
[[25, 11], [24, 10], [23, 9], [22, 8], [21, 9], [20, 9], [19, 9], [18, 9], [17, 9], [16, 8], [15, 8], [14, 9], [13, 10], [12, 10], [11, 11], [10, 12], [9, 12], [8, 12], [7, 12], [6, 11], [5, 11]]
[[25, 11], [24, 10], [23, 9], [22, 10], [21, 9], [20, 8], [19, 9], [18, 10], [17, 10], [16, 11], [15, 10], [14, 11], [13, 12], [12, 13], [11, 14], [10, 13], [9, 12], [8, 11], [7, 12], [6, 12], [5, 11]]
[[25, 11], [24, 10], [23, 10], [22, 10], [21, 11], [20, 10], [19, 9], [18, 8], [17, 7], [16, 7], [15, 7], [14, 8], [13, 8], [12, 9], [11, 9], [10, 10], [9, 11], [8, 12], [7, 13], [6, 12], [5, 11]]
[[25, 11], [24, 11], [23, 11], [22, 11], [21, 10], [20, 10], [19, 10], [18, 11], [17, 12], [16, 11], [15, 10], [14, 9], [13, 10], [12, 11], [11, 12], [10, 11], [9, 10], [8, 11], [7, 10], [6, 11], [5, 11]]
[[25, 11], [24, 11], [23, 10], [22, 10], [21, 9], [20, 8], [19, 9], [18, 9], [17, 10], [16, 11], [15, 10], [14, 9], [13, 10], [12, 11], [11, 11], [10, 12], [9, 13], [8, 13], [7, 12], [6, 12], [5, 11]]
[[25, 11], [24, 11], [23, 10], [22, 10], [21, 9], [20, 8], [19, 9], [18, 9], [17, 10], [16, 11], [15, 10], [14, 9], [13, 10], [12, 11], [11, 11], [10, 11], [9, 10], [8, 11], [7, 10], [6, 11], [5, 11]]
[[25, 11], [24, 12], [23, 12], [22, 11], [21, 11], [20, 11], [19, 11], [18, 10], [17, 11], [16, 10], [15, 11], [14, 11], [13, 11], [12, 10], [11, 11], [10, 10], [9, 10], [8, 11], [7, 12], [6, 12], [5, 11]]
[[25, 11], [24, 10], [23, 9], [22, 9], [21, 10], [20, 9], [19, 9], [18, 10], [17, 11], [16, 11], [15, 11], [14, 12], [13, 11], [12, 11], [11, 12], [10, 12], [9, 11], [8, 12], [7, 12], [6, 12], [5, 11]]
[[25, 11], [24, 10], [23, 10], [22, 10], [21, 11], [20, 11], [19, 10], [18, 9], [17, 10], [16, 11], [15, 11], [14, 11], [13, 12], [12, 11], [11, 11], [10, 12], [9, 12], [8, 13], [7, 12], [6, 12], [5, 11]]
[[25, 11], [24, 10], [23, 9], [22, 9], [21, 8], [20, 7], [19, 6], [18, 7], [17, 7], [16, 8], [15, 9], [14, 10], [13, 10], [12, 10], [11, 11], [10, 12], [9, 13], [8, 13], [7, 12], [6, 11], [5, 11]]
[[25, 11], [24, 11], [23, 11], [22, 11], [21, 11], [20, 11], [19, 12], [18, 11], [17, 11], [16, 11], [15, 11], [14, 12], [13, 12], [12, 12], [11, 12], [10, 11], [9, 12], [8, 11], [7, 12], [6, 11], [5, 11]]
[[25, 11], [24, 12], [23, 13], [23, 12], [22, 11], [21, 10], [20, 9], [19, 9], [18, 9], [17, 9], [16, 10], [15, 11], [14, 12], [14, 11], [13, 10], [12, 10], [11, 9], [10, 10], [9, 9], [8, 9], [8, 8], [7, 9], [7, 10], [6, 11], [5, 11]]
[[25, 11], [24, 11], [23, 10], [22, 9], [21, 9], [20, 8], [19, 8], [19, 7], [18, 8], [17, 9], [18, 10], [17, 9], [16, 10], [15, 10], [15, 9], [15, 10], [14, 11], [13, 10], [12, 11], [12, 10], [11, 9], [10, 8], [10, 9], [9, 10], [8, 11], [7, 10], [6, 11], [5, 11]]
[[25, 11], [24, 10], [23, 9], [22, 10], [21, 9], [22, 8], [21, 9], [20, 8], [19, 8], [19, 9], [18, 10], [17, 9], [17, 10], [16, 10], [15, 9], [15, 10], [14, 11], [14, 12], [13, 11], [12, 11], [11, 11], [10, 11], [10, 12], [9, 12], [8, 11], [7, 10], [6, 11], [5, 11]]
