[[29, 9], [28, 9], [27, 9], [26, 8], [25, 9], [24, 9], [23, 9], [22, 8], [21, 9], [20, 10], [19, 9], [18, 9], [17, 9], [16, 8], [15, 7], [14, 6], [13, 5], [12, 6], [11, 6], [10, 6]]
[[29, 9], [28, 10], [27, 9], [26, 8], [25, 8], [24, 9], [23, 10], [22, 9], [21, 10], [20, 10], [19, 9], [18, 8], [17, 7], [16, 6], [15, 6], [14, 5], [13, 4], [12, 5], [11, 5], [10, 6]]
[[29, 9], [28, 9], [27, 9], [26, 9], [25, 10], [24, 11], [23, 10], [22, 11], [21, 11], [20, 10], [19, 9], [18, 8], [17, 7], [16, 7], [15, 6], [14, 5], [13, 4], [12, 4], [11, 5], [10, 6]]
[[29, 9], [28, 9], [27, 8], [26, 8], [25, 9], [24, 9], [23, 10], [22, 11], [21, 10], [20, 10], [19, 9], [18, 8], [17, 8], [16, 7], [15, 6], [14, 5], [13, 5], [12, 4], [11, 5], [10, 6]]
[[29, 9], [28, 9], [27, 9], [26, 8], [25, 9], [24, 9], [23, 9], [22, 8], [21, 9], [20, 10], [19, 9], [18, 9], [17, 9], [16, 8], [15, 7], [14, 6], [13, 5], [12, 6], [11, 6], [10, 6]]
[[29, 9], [28, 10], [27, 10], [26, 11], [25, 11], [24, 11], [23, 10], [22, 9], [21, 9], [20, 10], [19, 9], [18, 8], [17, 7], [16, 7], [15, 6], [14, 5], [13, 4], [12, 4], [11, 5], [10, 6]]
[[29, 9], [28, 9], [27, 8], [26, 7], [25, 8], [24, 8], [23, 9], [22, 10], [21, 11], [20, 10], [19, 9], [18, 8], [17, 7], [16, 6], [15, 5], [14, 5], [13, 5], [12, 6], [11, 6], [10, 6]]
[[29, 9], [28, 9], [27, 8], [26, 7], [25, 8], [24, 9], [23, 10], [22, 10], [21, 10], [20, 10], [19, 9], [18, 9], [17, 8], [16, 7], [15, 6], [14, 6], [13, 6], [12, 6], [11, 7], [10, 6]]
[[29, 9], [28, 9], [27, 9], [26, 10], [25, 9], [24, 8], [23, 9], [22, 9], [21, 10], [20, 10], [19, 9], [18, 8], [17, 9], [16, 8], [15, 7], [14, 6], [13, 6], [12, 5], [11, 5], [10, 6]]
[[29, 9], [28, 9], [27, 8], [26, 8], [25, 8], [24, 9], [23, 9], [22, 8], [21, 9], [20, 9], [19, 9], [18, 10], [17, 10], [16, 10], [15, 9], [14, 8], [13, 7], [12, 6], [11, 5], [10, 6]]
[[29, 9], [28, 10], [27, 9], [26, 8], [25, 8], [24, 9], [23, 10], [22, 9], [21, 10], [20, 10], [19, 9], [18, 8], [17, 7], [16, 6], [15, 6], [14, 5], [13, 4], [12, 5], [11, 5], [10, 6]]
[[29, 9], [28, 9], [27, 8], [26, 8], [25, 8], [24, 8], [23, 9], [22, 10], [21, 9], [20, 8], [19, 7], [18, 6], [17, 6], [16, 6], [15, 6], [14, 5], [13, 6], [12, 6], [11, 5], [10, 6]]
[[29, 9], [28, 10], [27, 9], [26, 9], [25, 9], [24, 9], [23, 10], [22, 10], [21, 9], [20, 9], [19, 9], [18, 8], [17, 7], [16, 8], [15, 8], [14, 9], [13, 9], [12, 8], [11, 7], [10, 6]]
[[29, 9], [28, 10], [27, 10], [26, 10], [25, 10], [24, 10], [23, 10], [22, 9], [21, 10], [20, 10], [19, 9], [18, 8], [17, 7], [16, 6], [15, 6], [14, 6], [13, 6], [12, 6], [11, 7], [10, 6]]
[[29, 9], [28, 10], [27, 10], [26, 11], [25, 11], [24, 10], [23, 11], [22, 10], [21, 9], [20, 8], [19, 9], [18, 8], [17, 7], [16, 6], [15, 6], [14, 5], [13, 4], [12, 5], [11, 5], [10, 6]]
[[29, 9], [28, 10], [27, 9], [26, 10], [25, 9], [24, 9], [23, 10], [22, 9], [21, 10], [20, 10], [19, 11], [19, 10], [19, 9], [18, 10], [17, 9], [16, 9], [15, 8], [16, 7], [15, 6], [14, 6], [13, 7], [12, 6], [12, 7], [11, 6], [10, 6]]
[[29, 9], [28, 9], [27, 9], [26, 9], [25, 8], [24, 8], [23, 9], [22, 9], [21, 10], [20, 10], [19, 9], [19, 10], [19, 9], [18, 8], [17, 8], [16, 8], [15, 7], [16, 7], [15, 7], [14, 8], [13, 7], [14, 6], [13, 7], [12, 6], [11, 6], [10, 6]]
[[29, 9], [28, 9], [27, 8], [26, 7], [26, 8], [25, 9], [24, 10], [23, 9], [22, 10], [21, 11], [21, 10], [21, 11], [20, 10], [19, 9], [18, 9], [17, 9], [16, 10], [17, 9], [16, 8], [15, 7], [14, 6], [13, 6], [13, 5], [12, 4], [11, 5], [10, 6]]
[[29, 9], [28, 10], [27, 9], [26, 10], [25, 9], [24, 10], [23, 10], [24, 11], [23, 11], [24, 10], [24, 9], [23, 10], [22, 11], [21, 12], [21, 11], [20, 12], [19, 12], [19, 11], [18, 10], [17, 11], [16, 12], [17, 13], [16, 12], [17, 11], [16, 10], [15, 11], [16, 10], [15, 10], [15, 9], [15, 10], [14, 9], [13, 8], [12, 7], [11, 6], [10, 6]]
[[29, 9], [28, 10], [28, 9], [27, 9], [26, 10], [27, 9], [26, 8], [26, 9], [25, 9], [24, 8], [23, 9], [22, 9], [22, 10], [21, 10], [20, 10], [19, 11], [18, 10], [17, 11], [16, 10], [16, 9], [16, 8], [16, 7], [15, 6], [14, 5], [13, 4], [12, 5], [12, 6], [11, 5], [11, 4], [10, 3], [10, 2], [11, 3], [10, 3], [10, 4], [11, 4], [12, 5], [11, 6], [10, 6]]
