[[16, 13], [15, 13], [14, 14], [13, 14]]
[[16, 13], [15, 14], [14, 13], [13, 14]]
[[16, 13], [15, 13], [14, 14], [13, 14]]
[[16, 13], [15, 13], [14, 14], [13, 14]]
[[16, 13], [15, 14], [14, 14], [13, 14]]
[[16, 13], [15, 14], [14, 14], [13, 14]]
[[16, 13], [15, 13], [14, 13], [13, 14]]
[[16, 13], [15, 12], [14, 13], [13, 14]]
[[16, 13], [15, 12], [14, 13], [13, 14]]
[[16, 13], [15, 12], [14, 13], [13, 12], [12, 13], [13, 14]]
[[16, 13], [16, 12], [17, 11], [16, 11], [15, 12], [14, 13], [13, 14]]
