[[19, 6], [20, 7], [21, 7]]
[[19, 6], [20, 6], [21, 7]]
[[19, 6], [20, 6], [21, 7]]
[[19, 6], [20, 6], [21, 7]]
[[19, 6], [20, 6], [21, 7]]
[[19, 6], [20, 6], [21, 7]]
[[19, 6], [20, 7], [21, 7]]
[[19, 6], [20, 6], [21, 7]]
[[19, 6], [20, 6], [21, 7]]
[[19, 6], [20, 7], [21, 7]]
[[19, 6], [20, 7], [21, 7]]
[[19, 6], [19, 7], [20, 8], [20, 9], [21, 8], [21, 7]]
[[19, 6], [18, 6], [19, 7], [20, 7], [20, 8], [21, 7], [21, 8], [21, 7]]
[[19, 6], [20, 7], [19, 6], [18, 7], [17, 8], [17, 7], [16, 8], [17, 8], [18, 9], [18, 10], [17, 10], [16, 11], [17, 11], [17, 10], [16, 9], [17, 8], [17, 7], [16, 6], [16, 5], [17, 4], [17, 3], [18, 4], [19, 3], [20, 4], [21, 5], [21, 4], [21, 3], [22, 4], [23, 3], [22, 3], [23, 2], [24, 1], [25, 0], [24, 1], [25, 0], [26, 0], [26, 1], [25, 2], [26, 3], [25, 4], [24, 4], [24, 5], [23, 6], [22, 7], [21, 8], [20, 8], [21, 7], [20, 8], [21, 7], [21, 6], [22, 5], [21, 6], [22, 5], [23, 4], [23, 5], [24, 5], [25, 5], [26, 4], [26, 5], [27, 6], [27, 7], [26, 7], [26, 6], [25, 5], [24, 6], [25, 7], [24, 8], [23, 8], [24, 8], [23, 9], [23, 10], [24, 10], [24, 9], [25, 10], [26, 9], [27, 8], [28, 7], [27, 7], [26, 6], [27, 6], [28, 7], [27, 8], [28, 9], [27, 10], [27, 11], [27, 10], [27, 11], [26, 10], [25, 11], [26, 11], [25, 12], [24, 11], [23, 10], [23, 9], [22, 8], [21, 7]]
[[19, 6], [19, 7], [18, 8], [19, 8], [20, 9], [19, 10], [19, 9], [18, 9], [17, 10], [16, 10], [15, 10], [16, 11], [15, 11], [16, 12], [17, 11], [18, 10], [17, 9], [16, 8], [17, 7], [16, 6], [15, 5], [14, 5], [13, 4], [14, 3], [13, 2], [14, 2], [14, 1], [15, 0], [15, 1], [16, 1], [16, 2], [17, 1], [17, 2], [17, 3], [17, 4], [18, 3], [18, 4], [19, 5], [20, 6], [21, 5], [22, 5], [21, 6], [22, 7], [23, 6], [24, 6], [24, 7], [24, 8], [24, 9], [25, 9], [25, 8], [25, 7], [25, 6], [26, 5], [27, 6], [28, 6], [29, 5], [29, 6], [29, 7], [28, 7], [29, 8], [28, 9], [29, 10], [29, 11], [28, 12], [28, 13], [27, 14], [26, 14], [26, 13], [25, 13], [24, 14], [24, 15], [24, 16], [25, 17], [26, 18], [27, 18], [28, 18], [27, 17], [26, 17], [25, 16], [26, 15], [27, 16], [28, 16], [28, 15], [29, 14], [29, 15], [28, 14], [29, 13], [29, 12], [28, 11], [27, 12], [26, 12], [25, 11], [24, 12], [24, 11], [24, 10], [23, 10], [22, 9], [23, 9], [22, 10], [21, 10], [20, 11], [20, 12], [21, 12], [21, 13], [22, 14], [23, 14], [23, 15], [22, 16], [23, 17], [22, 18], [21, 17], [21, 18], [20, 17], [21, 16], [22, 15], [21, 15], [20, 16], [19, 15], [19, 16], [20, 15], [20, 14], [19, 13], [19, 12], [18, 12], [19, 11], [18, 11], [19, 10], [18, 9], [19, 8], [18, 7], [17, 7], [18, 8], [17, 9], [17, 10], [16, 11], [16, 12], [15, 11], [14, 11], [13, 10], [14, 9], [15, 10], [16, 9], [16, 10], [17, 11], [18, 10], [19, 9], [20, 10], [20, 9], [21, 9], [21, 10], [22, 9], [21, 8], [21, 7]]
