[[10, 0], [11, 1], [12, 2], [13, 3], [14, 4], [15, 4], [16, 5], [17, 6], [18, 7], [19, 8]]
[[10, 0], [11, 1], [12, 1], [13, 2], [14, 3], [15, 4], [16, 5], [17, 6], [18, 7], [19, 8]]
[[10, 0], [11, 1], [12, 1], [13, 2], [14, 3], [15, 4], [16, 5], [17, 6], [18, 7], [19, 8]]
[[10, 0], [11, 1], [12, 2], [13, 3], [14, 4], [15, 4], [16, 5], [17, 6], [18, 7], [19, 8]]
[[10, 0], [11, 1], [12, 2], [13, 2], [14, 3], [15, 4], [16, 5], [17, 6], [18, 7], [19, 8]]
[[10, 0], [11, 1], [12, 2], [13, 2], [14, 3], [15, 4], [16, 5], [17, 6], [18, 7], [19, 8]]
[[10, 0], [11, 1], [12, 2], [13, 3], [14, 4], [15, 4], [16, 5], [17, 6], [18, 7], [19, 8]]
[[10, 0], [11, 1], [12, 1], [13, 2], [14, 3], [15, 4], [16, 5], [17, 6], [18, 7], [19, 8]]
[[10, 0], [11, 1], [12, 2], [13, 2], [14, 3], [15, 4], [16, 5], [17, 6], [18, 7], [19, 8]]
[[10, 0], [11, 1], [12, 2], [13, 3], [14, 3], [15, 4], [16, 5], [17, 6], [18, 7], [19, 8]]
[[10, 0], [11, 1], [12, 1], [13, 2], [14, 3], [15, 4], [16, 5], [17, 6], [18, 7], [19, 8]]
[[10, 0], [11, 1], [12, 1], [13, 2], [14, 3], [15, 4], [16, 5], [17, 6], [18, 7], [19, 8]]
[[10, 0], [11, 1], [12, 1], [13, 2], [14, 3], [15, 4], [16, 5], [17, 6], [18, 7], [19, 8]]
[[10, 0], [11, 1], [12, 2], [13, 2], [14, 3], [15, 4], [16, 5], [17, 6], [18, 7], [19, 8]]
[[10, 0], [11, 1], [12, 2], [13, 3], [14, 3], [15, 4], [16, 5], [17, 6], [18, 7], [19, 8]]
[[10, 0], [11, 1], [12, 2], [13, 2], [14, 3], [15, 4], [16, 5], [17, 6], [18, 7], [19, 8]]
[[10, 0], [11, 1], [12, 2], [13, 3], [14, 4], [15, 5], [15, 4], [16, 5], [17, 6], [18, 7], [19, 8]]
[[10, 0], [11, 1], [12, 2], [13, 2], [13, 3], [14, 2], [15, 3], [16, 4], [16, 5], [17, 6], [18, 7], [19, 8]]
[[10, 0], [11, 1], [12, 2], [13, 3], [14, 4], [15, 4], [16, 5], [17, 5], [18, 5], [17, 6], [18, 7], [19, 8]]
[[10, 0], [10, 1], [11, 1], [12, 2], [13, 3], [14, 4], [15, 4], [15, 5], [15, 6], [16, 7], [17, 8], [18, 7], [19, 7], [20, 8], [19, 9], [19, 8]]
