[[13, 5], [12, 6], [12, 7], [13, 8], [13, 9], [14, 10], [14, 11], [13, 12], [13, 13], [14, 14], [15, 15], [14, 16]]
[[13, 5], [12, 6], [11, 7], [11, 8], [12, 9], [12, 10], [13, 11], [14, 12], [13, 13], [14, 14], [14, 15], [14, 16]]
[[13, 5], [12, 6], [12, 7], [12, 8], [13, 9], [13, 10], [14, 11], [15, 12], [16, 13], [15, 14], [14, 15], [14, 16]]
[[13, 5], [13, 6], [12, 7], [12, 8], [13, 9], [14, 10], [13, 11], [14, 12], [14, 13], [15, 14], [14, 15], [14, 16]]
[[13, 5], [12, 6], [11, 7], [12, 8], [11, 9], [12, 10], [13, 11], [13, 12], [14, 13], [13, 14], [14, 15], [14, 16]]
[[13, 5], [12, 6], [12, 7], [11, 8], [12, 9], [13, 10], [14, 11], [15, 12], [14, 13], [15, 14], [15, 15], [14, 16]]
[[13, 5], [12, 6], [12, 7], [11, 8], [11, 9], [12, 10], [13, 11], [14, 12], [13, 13], [13, 14], [14, 15], [14, 16]]
[[13, 5], [12, 6], [12, 7], [11, 8], [12, 9], [13, 10], [14, 11], [15, 12], [14, 13], [13, 14], [14, 15], [14, 16]]
[[13, 5], [12, 6], [11, 7], [10, 8], [10, 9], [11, 10], [12, 11], [13, 12], [12, 13], [13, 14], [14, 15], [14, 16]]
[[13, 5], [12, 6], [12, 7], [13, 8], [13, 9], [14, 10], [14, 11], [13, 12], [13, 13], [14, 14], [15, 15], [14, 16]]
[[13, 5], [12, 6], [12, 7], [11, 8], [12, 9], [11, 10], [12, 11], [13, 12], [14, 13], [14, 14], [14, 15], [14, 16]]
[[13, 5], [14, 6], [14, 7], [14, 8], [13, 9], [12, 10], [12, 11], [13, 12], [14, 13], [14, 14], [14, 15], [14, 16]]
[[13, 5], [12, 6], [11, 7], [10, 8], [11, 9], [12, 10], [12, 11], [13, 12], [14, 13], [13, 14], [14, 15], [14, 16]]
[[13, 5], [12, 6], [13, 6], [12, 7], [13, 8], [12, 8], [11, 9], [12, 10], [13, 11], [14, 12], [14, 13], [14, 12], [15, 13], [16, 13], [17, 14], [16, 15], [15, 15], [14, 16]]
[[13, 5], [12, 6], [13, 7], [12, 8], [13, 8], [12, 9], [12, 10], [13, 10], [14, 11], [15, 11], [15, 12], [15, 13], [15, 12], [14, 12], [14, 13], [15, 14], [14, 14], [15, 15], [14, 16]]
[[13, 5], [14, 6], [14, 5], [15, 6], [16, 6], [15, 7], [16, 8], [17, 8], [18, 9], [17, 10], [18, 11], [19, 10], [20, 10], [20, 9], [20, 10], [19, 10], [19, 11], [18, 10], [17, 10], [17, 11], [16, 12], [16, 13], [15, 14], [16, 15], [15, 16], [14, 15], [13, 14], [12, 15], [13, 16], [14, 16]]
[[13, 5], [13, 6], [12, 7], [13, 7], [14, 7], [15, 8], [16, 7], [17, 6], [17, 5], [18, 5], [19, 4], [20, 5], [21, 5], [20, 4], [21, 3], [22, 3], [23, 3], [23, 2], [24, 3], [25, 4], [24, 5], [24, 6], [25, 7], [26, 7], [26, 6], [26, 7], [27, 6], [28, 6], [28, 5], [27, 6], [26, 5], [25, 4], [25, 5], [25, 4], [24, 4], [23, 5], [23, 6], [22, 6], [22, 7], [21, 8], [20, 8], [21, 8], [21, 9], [22, 10], [22, 11], [21, 12], [22, 12], [23, 11], [24, 11], [25, 12], [26, 12], [25, 11], [26, 11], [26, 10], [27, 10], [28, 10], [29, 11], [29, 10], [29, 11], [29, 12], [28, 13], [28, 14], [27, 15], [27, 16], [26, 16], [26, 17], [26, 18], [26, 19], [25, 19], [25, 18], [24, 17], [23, 17], [22, 16], [23, 15], [24, 15], [25, 14], [24, 15], [25, 14], [24, 15], [23, 16], [22, 17], [23, 18], [24, 19], [23, 19], [22, 18], [21, 18], [20, 17], [21, 18], [21, 17], [20, 18], [19, 18], [19, 19], [18, 18], [17, 17], [18, 18], [17, 19], [16, 18], [15, 18], [14, 17], [15, 17], [14, 17], [14, 16]]
[[13, 5], [13, 4], [14, 5], [15, 5], [14, 6], [15, 7], [16, 7], [17, 8], [17, 9], [18, 8], [19, 9], [20, 8], [21, 9], [20, 10], [19, 11], [18, 12], [18, 13], [19, 12], [19, 13], [20, 13], [21, 13], [21, 12], [20, 11], [19, 10], [20, 9], [19, 8], [19, 7], [20, 8], [19, 7], [18, 6], [19, 6], [20, 7], [20, 6], [20, 7], [21, 7], [22, 6], [23, 6], [23, 5], [23, 4], [23, 3], [23, 4], [22, 3], [23, 3], [22, 3], [21, 3], [20, 4], [20, 5], [19, 4], [20, 4], [19, 3], [20, 3], [21, 2], [22, 1], [22, 2], [23, 1], [22, 1], [23, 2], [23, 1], [24, 2], [25, 3], [26, 2], [26, 3], [26, 4], [25, 4], [26, 5], [27, 6], [28, 5], [27, 5], [26, 4], [27, 4], [28, 4], [29, 5], [28, 6], [29, 6], [29, 7], [28, 8], [27, 9], [26, 10], [27, 10], [28, 11], [29, 11], [28, 12], [28, 13], [27, 12], [26, 11], [25, 11], [26, 12], [25, 13], [25, 14], [26, 14], [25, 15], [26, 15], [26, 16], [25, 16], [24, 15], [23, 15], [22, 16], [23, 17], [22, 18], [21, 17], [22, 17], [23, 16], [22, 15], [22, 14], [21, 14], [21, 13], [20, 14], [21, 15], [20, 16], [20, 17], [19, 18], [18, 18], [17, 19], [16, 18], [15, 17], [14, 16]]
[[13, 5], [12, 4], [11, 5], [11, 4], [11, 3], [10, 3], [9, 3], [8, 3], [9, 4], [8, 4], [7, 5], [6, 4], [5, 3], [4, 3], [4, 2], [5, 2], [6, 3], [7, 3], [6, 2], [7, 1], [8, 1], [9, 2], [9, 1], [10, 2], [11, 2], [12, 1], [11, 0], [10, 0], [11, 1], [12, 2], [13, 2], [13, 1], [13, 0], [14, 0], [14, 1], [15, 2], [15, 3], [14, 2], [15, 1], [15, 0], [16, 1], [17, 0], [16, 0], [17, 1], [18, 0], [19, 0], [20, 1], [20, 0], [21, 1], [20, 2], [19, 3], [20, 4], [19, 5], [18, 4], [18, 5], [18, 6], [19, 6], [19, 5], [20, 5], [21, 5], [20, 6], [21, 6], [20, 7], [21, 7], [22, 7], [21, 8], [21, 9], [22, 10], [23, 10], [23, 11], [24, 10], [25, 10], [26, 11], [26, 10], [27, 10], [28, 11], [28, 10], [29, 10], [29, 11], [28, 12], [29, 12], [28, 13], [29, 14], [28, 14], [29, 15], [28, 16], [27, 17], [26, 16], [27, 16], [26, 15], [25, 15], [25, 16], [26, 17], [25, 18], [24, 17], [23, 16], [24, 15], [25, 14], [25, 13], [25, 12], [26, 13], [26, 12], [25, 11], [24, 11], [23, 12], [23, 13], [22, 13], [22, 12], [21, 13], [20, 12], [20, 13], [19, 14], [18, 15], [19, 16], [20, 17], [21, 18], [21, 17], [22, 18], [23, 18], [23, 19], [24, 18], [23, 17], [22, 16], [22, 15], [23, 15], [22, 14], [21, 14], [21, 15], [20, 16], [19, 17], [19, 18], [20, 18], [20, 19], [19, 19], [18, 19], [18, 18], [17, 19], [16, 18], [15, 19], [14, 19], [13, 18], [12, 18], [12, 17], [11, 18], [10, 17], [11, 17], [10, 18], [10, 19], [9, 19], [8, 19], [7, 19], [6, 19], [7, 18], [8, 17], [7, 16], [6, 16], [7, 15], [6, 15], [5, 14], [4, 14], [4, 15], [4, 16], [5, 17], [4, 18], [5, 18], [6, 18], [6, 17], [7, 17], [8, 16], [8, 15], [9, 16], [10, 16], [11, 16], [11, 15], [12, 15], [11, 14], [10, 15], [9, 15], [9, 14], [10, 14], [10, 13], [9, 12], [10, 11], [11, 12], [11, 13], [12, 14], [13, 14], [14, 13], [13, 13], [14, 14], [14, 15], [15, 14], [16, 15], [17, 15], [16, 14], [17, 13], [17, 14], [18, 14], [19, 13], [20, 14], [19, 15], [18, 16], [17, 16], [17, 17], [16, 16], [15, 16], [14, 16]]
