[[17, 13], [18, 13], [19, 14], [20, 14], [21, 14], [22, 13], [23, 14], [24, 15], [25, 14], [26, 14], [27, 13]]
[[17, 13], [18, 13], [19, 13], [20, 13], [21, 14], [22, 13], [23, 14], [24, 14], [25, 15], [26, 14], [27, 13]]
[[17, 13], [18, 14], [19, 14], [20, 15], [21, 14], [22, 13], [23, 14], [24, 15], [25, 15], [26, 14], [27, 13]]
[[17, 13], [18, 13], [19, 12], [20, 13], [21, 12], [22, 13], [23, 14], [24, 14], [25, 13], [26, 14], [27, 13]]
[[17, 13], [18, 13], [19, 14], [20, 14], [21, 14], [22, 13], [23, 14], [24, 15], [25, 14], [26, 14], [27, 13]]
[[17, 13], [18, 14], [19, 15], [20, 14], [21, 14], [22, 15], [23, 15], [24, 15], [25, 14], [26, 14], [27, 13]]
[[17, 13], [18, 13], [19, 14], [20, 14], [21, 14], [22, 13], [23, 14], [24, 14], [25, 13], [26, 13], [27, 13]]
[[17, 13], [18, 13], [19, 13], [20, 13], [21, 14], [22, 13], [23, 13], [24, 14], [25, 15], [26, 14], [27, 13]]
[[17, 13], [18, 13], [19, 13], [20, 13], [21, 14], [22, 13], [23, 14], [24, 14], [25, 15], [26, 14], [27, 13]]
[[17, 13], [18, 14], [19, 13], [20, 13], [21, 14], [22, 13], [23, 14], [24, 14], [25, 14], [26, 13], [27, 13]]
[[17, 13], [18, 13], [19, 14], [20, 13], [21, 14], [22, 15], [23, 15], [24, 16], [25, 15], [26, 14], [27, 13]]
[[17, 13], [18, 14], [19, 15], [20, 14], [21, 14], [22, 13], [23, 14], [24, 14], [25, 14], [26, 13], [27, 13]]
[[17, 13], [18, 14], [19, 15], [20, 16], [21, 16], [22, 16], [23, 16], [24, 16], [25, 15], [26, 14], [27, 13]]
[[17, 13], [18, 13], [18, 14], [19, 15], [20, 15], [21, 14], [22, 15], [23, 14], [24, 15], [25, 14], [26, 13], [27, 13]]
[[17, 13], [18, 14], [19, 15], [19, 16], [20, 17], [21, 16], [22, 17], [23, 16], [24, 15], [25, 14], [26, 13], [27, 13]]
[[17, 13], [18, 13], [19, 14], [20, 15], [20, 16], [21, 16], [22, 16], [23, 16], [24, 17], [25, 16], [26, 15], [26, 14], [27, 13]]
[[17, 13], [18, 13], [17, 14], [18, 15], [18, 16], [18, 15], [19, 16], [20, 16], [21, 16], [22, 17], [23, 18], [24, 17], [25, 16], [25, 15], [25, 14], [25, 13], [26, 14], [27, 13]]
[[17, 13], [18, 13], [17, 13], [16, 14], [17, 14], [18, 15], [19, 16], [20, 16], [19, 16], [20, 15], [21, 14], [22, 14], [23, 15], [24, 15], [25, 16], [25, 15], [24, 15], [25, 14], [26, 14], [26, 13], [27, 13]]
[[17, 13], [18, 13], [19, 14], [18, 14], [19, 15], [19, 16], [19, 17], [18, 17], [19, 17], [20, 17], [20, 16], [21, 16], [22, 16], [23, 17], [24, 18], [23, 18], [24, 17], [24, 18], [25, 17], [26, 18], [27, 18], [27, 17], [27, 18], [28, 19], [28, 18], [28, 17], [27, 16], [28, 15], [29, 14], [28, 13], [27, 14], [26, 13], [27, 13]]
[[17, 13], [16, 12], [16, 11], [15, 11], [16, 10], [17, 9], [17, 10], [18, 10], [19, 10], [20, 11], [21, 11], [21, 12], [20, 13], [20, 12], [21, 11], [22, 11], [23, 11], [23, 12], [23, 13], [22, 13], [22, 14], [23, 15], [24, 15], [25, 15], [26, 15], [25, 14], [26, 14], [27, 14], [26, 13], [26, 12], [27, 11], [27, 12], [26, 11], [26, 10], [25, 9], [26, 8], [27, 9], [28, 8], [27, 8], [28, 7], [29, 8], [29, 9], [28, 10], [29, 11], [28, 12], [27, 13]]
