[[29, 9], [28, 8], [27, 8], [26, 7], [25, 6], [24, 7], [23, 6], [22, 5], [21, 5], [20, 4], [19, 4], [18, 3], [17, 2], [16, 1], [15, 0], [14, 0], [13, 0], [12, 1], [11, 2], [10, 1], [9, 1], [8, 0], [7, 1], [6, 2], [6, 3], [5, 4]]
[[29, 9], [28, 8], [27, 7], [26, 7], [25, 7], [24, 6], [23, 7], [22, 6], [21, 5], [20, 4], [19, 4], [18, 3], [17, 2], [16, 1], [15, 0], [14, 0], [13, 0], [12, 1], [11, 0], [10, 1], [9, 1], [8, 1], [7, 1], [6, 2], [6, 3], [5, 4]]
[[29, 9], [28, 8], [27, 8], [26, 7], [25, 6], [24, 7], [23, 6], [22, 5], [21, 5], [20, 4], [19, 4], [18, 3], [17, 2], [16, 1], [15, 0], [14, 0], [13, 0], [12, 1], [11, 2], [10, 1], [9, 1], [8, 0], [7, 1], [6, 2], [6, 3], [5, 4]]
[[29, 9], [28, 8], [27, 7], [26, 6], [25, 6], [24, 6], [23, 6], [22, 5], [21, 5], [20, 4], [19, 3], [18, 3], [17, 2], [16, 1], [15, 1], [14, 0], [13, 0], [12, 0], [11, 1], [10, 1], [9, 1], [8, 1], [7, 1], [6, 2], [5, 3], [5, 4]]
[[29, 9], [28, 8], [27, 8], [26, 8], [25, 7], [24, 6], [23, 5], [22, 5], [21, 4], [20, 4], [19, 3], [18, 2], [17, 1], [16, 2], [15, 1], [14, 0], [13, 0], [12, 1], [11, 1], [10, 0], [9, 1], [8, 0], [7, 1], [6, 2], [5, 3], [5, 4]]
[[29, 9], [28, 8], [27, 7], [26, 6], [25, 6], [24, 6], [23, 6], [22, 5], [21, 5], [20, 4], [19, 3], [18, 2], [17, 2], [16, 1], [15, 1], [14, 0], [13, 0], [12, 1], [11, 1], [10, 1], [9, 1], [8, 0], [7, 1], [6, 2], [5, 3], [5, 4]]
[[29, 9], [28, 8], [27, 8], [26, 7], [25, 6], [24, 5], [23, 6], [22, 5], [21, 5], [20, 4], [19, 4], [18, 3], [17, 2], [16, 2], [15, 1], [14, 0], [13, 0], [12, 1], [11, 0], [10, 0], [9, 1], [8, 0], [7, 1], [6, 2], [5, 3], [5, 4]]
[[29, 9], [28, 8], [27, 7], [26, 6], [25, 6], [24, 6], [23, 5], [22, 4], [21, 3], [20, 4], [19, 3], [18, 2], [17, 2], [16, 1], [15, 0], [14, 0], [13, 0], [12, 1], [11, 1], [10, 2], [9, 2], [8, 1], [7, 1], [6, 2], [6, 3], [5, 4]]
[[29, 9], [28, 8], [27, 7], [26, 8], [25, 7], [24, 6], [23, 5], [22, 4], [21, 4], [20, 4], [19, 3], [18, 2], [17, 2], [16, 1], [15, 1], [14, 0], [13, 0], [12, 1], [11, 0], [10, 0], [9, 1], [8, 0], [7, 1], [6, 2], [6, 3], [5, 4]]
[[29, 9], [28, 8], [27, 7], [26, 6], [25, 6], [24, 5], [23, 5], [22, 5], [21, 4], [20, 5], [19, 4], [18, 3], [17, 2], [16, 1], [15, 1], [14, 0], [13, 0], [12, 0], [11, 0], [10, 0], [9, 1], [8, 0], [7, 1], [6, 2], [6, 3], [5, 4]]
[[29, 9], [28, 8], [27, 8], [26, 7], [25, 6], [24, 6], [23, 5], [22, 5], [21, 4], [20, 4], [19, 4], [18, 3], [17, 2], [16, 2], [15, 1], [14, 0], [13, 0], [12, 1], [11, 1], [10, 0], [9, 1], [8, 1], [7, 1], [6, 2], [5, 3], [5, 4]]
[[29, 9], [28, 8], [27, 7], [26, 6], [25, 7], [24, 6], [23, 5], [22, 4], [21, 3], [20, 4], [19, 3], [18, 4], [17, 3], [16, 2], [15, 1], [14, 0], [13, 0], [12, 0], [11, 1], [10, 0], [9, 1], [8, 0], [7, 1], [6, 2], [6, 3], [5, 4]]
[[29, 9], [28, 8], [27, 7], [26, 7], [25, 7], [24, 7], [23, 6], [22, 7], [21, 6], [20, 5], [19, 4], [18, 3], [17, 3], [16, 2], [15, 1], [14, 0], [13, 0], [12, 1], [11, 2], [10, 2], [9, 1], [8, 1], [7, 1], [6, 2], [6, 3], [5, 4]]
[[29, 9], [28, 8], [27, 9], [26, 9], [26, 8], [25, 8], [24, 7], [23, 6], [22, 6], [21, 5], [20, 4], [19, 3], [18, 2], [17, 1], [16, 2], [15, 1], [14, 0], [13, 0], [12, 1], [11, 2], [10, 2], [9, 1], [8, 1], [7, 1], [6, 2], [5, 3], [5, 4]]
[[29, 9], [28, 8], [27, 7], [26, 6], [25, 6], [24, 6], [23, 6], [22, 7], [21, 6], [20, 5], [19, 4], [18, 3], [17, 2], [16, 2], [15, 1], [14, 0], [13, 0], [12, 0], [11, 0], [10, 1], [9, 1], [8, 0], [7, 1], [6, 2], [5, 2], [6, 3], [5, 4]]
[[29, 9], [28, 8], [27, 7], [27, 8], [26, 9], [25, 8], [24, 7], [23, 7], [22, 6], [21, 5], [20, 5], [19, 4], [18, 4], [17, 3], [16, 2], [15, 1], [14, 0], [13, 0], [12, 0], [11, 1], [10, 1], [9, 2], [8, 1], [7, 1], [6, 1], [5, 2], [4, 3], [5, 4]]
[[29, 9], [28, 8], [27, 8], [27, 9], [26, 9], [25, 8], [24, 7], [23, 6], [22, 5], [21, 5], [20, 4], [19, 3], [18, 2], [17, 3], [16, 2], [16, 1], [15, 1], [14, 0], [13, 0], [12, 1], [11, 2], [10, 2], [9, 1], [8, 1], [7, 1], [6, 2], [6, 3], [5, 3], [6, 4], [5, 4]]
[[29, 9], [28, 8], [27, 7], [27, 6], [27, 7], [26, 6], [26, 7], [25, 8], [24, 8], [24, 7], [23, 6], [22, 5], [21, 4], [20, 3], [19, 3], [18, 2], [17, 1], [16, 1], [15, 1], [14, 0], [13, 0], [12, 1], [11, 2], [10, 1], [9, 2], [8, 1], [9, 1], [8, 1], [7, 1], [6, 2], [5, 3], [5, 4]]
[[29, 9], [28, 8], [27, 9], [26, 8], [26, 7], [25, 7], [25, 8], [24, 7], [23, 6], [22, 5], [21, 5], [20, 4], [19, 3], [18, 4], [17, 3], [16, 3], [15, 2], [16, 2], [15, 1], [14, 0], [13, 0], [12, 1], [11, 1], [10, 2], [9, 1], [8, 1], [7, 1], [6, 2], [5, 3], [6, 4], [5, 5], [5, 4]]
[[29, 9], [29, 8], [28, 8], [27, 8], [26, 9], [26, 10], [25, 10], [24, 10], [23, 9], [22, 8], [22, 7], [21, 6], [20, 5], [19, 4], [20, 3], [21, 2], [20, 1], [19, 2], [18, 1], [18, 2], [17, 3], [16, 2], [15, 2], [15, 1], [14, 0], [13, 0], [12, 0], [11, 0], [10, 0], [9, 1], [8, 1], [7, 0], [6, 1], [6, 2], [7, 3], [6, 3], [5, 3], [4, 4], [5, 4]]
