[[24, 10], [23, 9], [22, 8], [23, 7], [24, 6], [25, 5], [26, 4], [26, 3]]
[[24, 10], [23, 9], [24, 8], [25, 7], [25, 6], [26, 5], [26, 4], [26, 3]]
[[24, 10], [25, 9], [26, 8], [26, 7], [26, 6], [26, 5], [26, 4], [26, 3]]
[[24, 10], [24, 9], [25, 8], [25, 7], [24, 6], [25, 5], [25, 4], [26, 3]]
[[24, 10], [23, 9], [24, 8], [23, 7], [24, 6], [24, 5], [25, 4], [26, 3]]
[[24, 10], [23, 9], [24, 8], [25, 7], [26, 6], [25, 5], [25, 4], [26, 3]]
[[24, 10], [24, 9], [23, 8], [23, 7], [24, 6], [25, 5], [26, 4], [26, 3]]
[[24, 10], [24, 9], [25, 8], [26, 7], [27, 6], [28, 5], [27, 4], [26, 3]]
[[24, 10], [25, 9], [25, 8], [26, 7], [26, 6], [26, 5], [26, 4], [26, 3]]
[[24, 10], [23, 9], [24, 8], [25, 7], [26, 6], [25, 5], [26, 4], [26, 3]]
[[24, 10], [23, 9], [22, 8], [23, 7], [24, 6], [25, 5], [26, 4], [26, 3]]
[[24, 10], [23, 9], [24, 8], [25, 7], [26, 6], [25, 5], [26, 4], [27, 3], [27, 2], [26, 3], [26, 2], [26, 3]]
[[24, 10], [25, 11], [26, 10], [25, 9], [24, 8], [23, 7], [24, 6], [25, 7], [25, 6], [26, 6], [25, 7], [24, 6], [23, 5], [24, 4], [25, 4], [26, 3]]
[[24, 10], [25, 11], [26, 11], [27, 12], [27, 11], [28, 10], [29, 10], [29, 9], [28, 8], [29, 8], [29, 7], [28, 7], [28, 6], [28, 5], [27, 4], [26, 4], [26, 3]]
[[24, 10], [23, 9], [22, 10], [23, 9], [24, 8], [25, 8], [25, 7], [26, 6], [27, 7], [28, 8], [29, 8], [29, 9], [28, 9], [27, 8], [28, 8], [28, 7], [27, 6], [26, 6], [25, 5], [25, 6], [24, 5], [24, 4], [25, 3], [24, 3], [25, 3], [26, 2], [26, 1], [26, 0], [27, 1], [28, 1], [27, 0], [28, 1], [29, 2], [28, 3], [29, 3], [28, 4], [28, 5], [29, 5], [28, 4], [28, 5], [27, 4], [26, 3], [25, 3], [26, 3]]
