[[9, 3], [10, 3], [11, 4], [12, 5], [13, 6], [14, 6], [15, 6], [16, 7], [17, 8], [18, 8], [19, 9], [20, 9], [21, 10], [22, 11], [23, 12], [24, 13], [25, 13], [26, 12], [27, 13], [28, 13]]
[[9, 3], [10, 4], [11, 3], [12, 4], [13, 5], [14, 5], [15, 6], [16, 6], [17, 7], [18, 8], [19, 8], [20, 9], [21, 10], [22, 11], [23, 11], [24, 10], [25, 11], [26, 12], [27, 12], [28, 13]]
[[9, 3], [10, 3], [11, 3], [12, 4], [13, 4], [14, 4], [15, 5], [16, 6], [17, 6], [18, 7], [19, 8], [20, 9], [21, 9], [22, 10], [23, 10], [24, 10], [25, 11], [26, 12], [27, 13], [28, 13]]
[[9, 3], [10, 4], [11, 4], [12, 4], [13, 4], [14, 5], [15, 6], [16, 5], [17, 6], [18, 5], [19, 6], [20, 7], [21, 8], [22, 9], [23, 10], [24, 10], [25, 11], [26, 12], [27, 12], [28, 13]]
[[9, 3], [10, 3], [11, 4], [12, 5], [13, 6], [14, 6], [15, 6], [16, 7], [17, 8], [18, 8], [19, 9], [20, 9], [21, 10], [22, 11], [23, 12], [24, 13], [25, 13], [26, 12], [27, 13], [28, 13]]
[[9, 3], [10, 3], [11, 3], [12, 4], [13, 5], [14, 6], [15, 6], [16, 7], [17, 8], [18, 8], [19, 9], [20, 10], [21, 10], [22, 11], [23, 12], [24, 13], [25, 13], [26, 13], [27, 12], [28, 13]]
[[9, 3], [10, 3], [11, 4], [12, 3], [13, 4], [14, 4], [15, 5], [16, 6], [17, 6], [18, 7], [19, 8], [20, 9], [21, 10], [22, 11], [23, 10], [24, 10], [25, 11], [26, 12], [27, 12], [28, 13]]
[[9, 3], [10, 3], [11, 3], [12, 4], [13, 5], [14, 5], [15, 5], [16, 6], [17, 7], [18, 8], [19, 8], [20, 9], [21, 10], [22, 11], [23, 12], [24, 13], [25, 14], [26, 15], [27, 14], [28, 13]]
[[9, 3], [10, 4], [11, 5], [12, 5], [13, 6], [14, 5], [15, 6], [16, 6], [17, 7], [18, 8], [19, 9], [20, 10], [21, 10], [22, 11], [23, 11], [24, 12], [25, 13], [26, 14], [27, 14], [28, 13]]
[[9, 3], [10, 4], [11, 5], [12, 5], [13, 4], [14, 5], [15, 6], [16, 7], [17, 8], [18, 9], [19, 9], [20, 10], [21, 10], [22, 11], [23, 12], [24, 13], [25, 13], [26, 13], [27, 13], [28, 13]]
[[9, 3], [10, 4], [11, 3], [12, 4], [13, 5], [14, 6], [15, 5], [16, 6], [17, 7], [18, 8], [19, 9], [20, 9], [21, 9], [22, 10], [23, 11], [24, 12], [25, 13], [26, 12], [27, 12], [28, 13]]
[[9, 3], [10, 3], [11, 4], [12, 5], [13, 5], [14, 5], [15, 6], [16, 7], [17, 8], [18, 9], [19, 10], [20, 11], [21, 10], [22, 11], [23, 12], [24, 13], [25, 14], [26, 14], [27, 13], [28, 13]]
[[9, 3], [10, 3], [11, 4], [12, 5], [13, 6], [14, 7], [15, 8], [16, 8], [17, 8], [18, 8], [19, 8], [20, 9], [21, 10], [22, 11], [23, 12], [24, 13], [25, 14], [26, 14], [27, 13], [28, 13]]
[[9, 3], [10, 3], [11, 4], [12, 5], [13, 6], [14, 7], [14, 8], [15, 8], [16, 8], [17, 8], [17, 9], [18, 10], [17, 11], [18, 11], [18, 10], [19, 10], [20, 9], [21, 9], [22, 10], [23, 11], [24, 11], [25, 11], [26, 12], [27, 13], [28, 13]]
[[9, 3], [10, 3], [11, 4], [12, 5], [13, 6], [14, 7], [15, 6], [16, 7], [16, 8], [17, 8], [18, 9], [19, 8], [20, 9], [21, 10], [20, 11], [21, 11], [22, 10], [23, 11], [24, 10], [24, 9], [25, 9], [25, 8], [24, 9], [24, 10], [25, 11], [26, 12], [27, 13], [27, 14], [26, 13], [27, 14], [28, 13]]
[[9, 3], [10, 2], [10, 3], [11, 3], [10, 2], [10, 3], [11, 4], [11, 5], [12, 6], [13, 7], [14, 8], [15, 9], [15, 8], [16, 8], [16, 7], [17, 8], [18, 9], [19, 8], [20, 9], [19, 9], [20, 9], [21, 10], [22, 11], [23, 12], [24, 13], [24, 14], [24, 13], [23, 14], [24, 14], [23, 13], [24, 14], [25, 14], [26, 14], [26, 13], [27, 14], [28, 13]]
[[9, 3], [10, 4], [11, 5], [12, 5], [13, 5], [14, 6], [14, 7], [15, 8], [16, 9], [17, 8], [18, 9], [17, 9], [17, 10], [18, 10], [19, 10], [19, 9], [20, 10], [21, 11], [22, 10], [23, 11], [24, 11], [25, 11], [26, 10], [27, 9], [26, 8], [27, 7], [28, 8], [27, 9], [27, 10], [28, 9], [29, 10], [28, 10], [29, 10], [28, 11], [28, 12], [28, 13]]
[[9, 3], [8, 3], [8, 4], [9, 4], [9, 5], [8, 6], [9, 6], [10, 5], [11, 5], [10, 6], [11, 6], [12, 6], [11, 6], [12, 6], [13, 6], [14, 7], [14, 8], [14, 9], [15, 9], [16, 8], [17, 9], [17, 10], [18, 9], [18, 10], [18, 9], [19, 9], [20, 10], [21, 10], [20, 11], [21, 11], [22, 12], [23, 12], [23, 13], [24, 12], [25, 13], [24, 13], [23, 14], [24, 13], [25, 14], [26, 13], [26, 12], [27, 12], [28, 13]]
[[9, 3], [8, 3], [8, 4], [9, 5], [8, 5], [9, 4], [9, 5], [10, 5], [11, 6], [11, 7], [11, 6], [11, 7], [11, 6], [12, 5], [13, 4], [13, 5], [14, 6], [15, 5], [16, 5], [17, 5], [18, 6], [18, 7], [19, 7], [18, 8], [18, 7], [17, 7], [18, 8], [19, 7], [19, 6], [20, 5], [21, 6], [22, 7], [22, 6], [23, 7], [24, 8], [24, 9], [23, 10], [24, 11], [25, 11], [24, 10], [25, 9], [26, 10], [26, 9], [27, 10], [27, 11], [26, 12], [27, 13], [28, 13]]
[[9, 3], [9, 4], [9, 5], [8, 4], [7, 3], [8, 2], [7, 3], [8, 4], [8, 3], [8, 2], [8, 3], [8, 2], [9, 2], [10, 3], [11, 3], [12, 2], [11, 1], [11, 0], [11, 1], [12, 2], [12, 3], [13, 2], [14, 1], [15, 0], [16, 0], [17, 0], [17, 1], [18, 0], [19, 1], [20, 1], [19, 1], [20, 2], [19, 2], [20, 2], [21, 1], [22, 0], [23, 0], [24, 0], [25, 1], [25, 2], [25, 3], [24, 4], [24, 5], [23, 5], [22, 6], [21, 7], [22, 7], [21, 7], [21, 8], [20, 9], [21, 9], [22, 10], [23, 11], [24, 10], [25, 11], [24, 12], [25, 13], [25, 14], [26, 13], [25, 14], [26, 15], [25, 14], [24, 14], [25, 15], [26, 14], [27, 13], [28, 13]]
