[[19, 7], [20, 6], [21, 6], [22, 5]]
[[19, 7], [20, 6], [21, 6], [22, 5]]
[[19, 7], [20, 6], [21, 5], [22, 5]]
[[19, 7], [20, 6], [21, 6], [22, 5]]
[[19, 7], [20, 6], [21, 5], [22, 5]]
[[19, 7], [20, 6], [21, 5], [22, 5]]
[[19, 7], [20, 6], [21, 5], [22, 5]]
[[19, 7], [20, 6], [21, 6], [22, 5]]
[[19, 7], [20, 6], [21, 5], [22, 5]]
[[19, 7], [18, 8], [17, 9], [18, 9], [19, 10], [20, 10], [21, 11], [21, 10], [22, 9], [23, 8], [23, 9], [24, 8], [24, 7], [25, 6], [25, 7], [26, 6], [25, 6], [25, 5], [24, 4], [24, 3], [24, 2], [24, 3], [23, 2], [22, 3], [21, 2], [21, 1], [22, 1], [23, 2], [24, 2], [23, 1], [24, 2], [24, 3], [23, 3], [24, 4], [24, 5], [23, 5], [23, 6], [23, 5], [24, 6], [24, 7], [24, 8], [24, 9], [25, 10], [25, 9], [26, 9], [27, 8], [27, 9], [27, 10], [28, 9], [29, 9], [29, 10], [28, 11], [28, 12], [27, 13], [26, 12], [27, 11], [28, 10], [27, 10], [26, 11], [25, 11], [24, 10], [25, 9], [24, 8], [25, 8], [24, 7], [23, 8], [22, 8], [21, 7], [20, 6], [21, 7], [21, 6], [22, 5]]
[[19, 7], [19, 8], [18, 9], [17, 10], [17, 9], [16, 10], [17, 11], [18, 11], [18, 10], [19, 11], [19, 10], [20, 10], [21, 10], [21, 9], [20, 9], [21, 8], [22, 7], [21, 7], [20, 6], [21, 5], [22, 4], [21, 4], [20, 3], [19, 2], [20, 2], [21, 3], [20, 4], [20, 5], [19, 6], [18, 5], [17, 6], [16, 6], [15, 7], [16, 8], [15, 9], [14, 10], [15, 11], [14, 12], [15, 13], [16, 13], [17, 12], [16, 12], [16, 11], [15, 12], [14, 13], [15, 14], [16, 15], [17, 15], [16, 14], [15, 15], [16, 16], [17, 16], [17, 17], [17, 18], [16, 17], [15, 17], [15, 18], [15, 19], [14, 19], [14, 18], [13, 18], [13, 19], [12, 18], [13, 17], [12, 17], [13, 16], [12, 15], [12, 16], [11, 15], [11, 16], [10, 16], [9, 17], [9, 16], [8, 16], [7, 15], [6, 16], [5, 16], [4, 16], [4, 17], [3, 18], [3, 19], [2, 18], [3, 17], [3, 16], [2, 15], [3, 15], [3, 14], [4, 15], [4, 14], [4, 13], [5, 13], [6, 14], [5, 14], [6, 15], [7, 16], [8, 15], [8, 14], [9, 15], [10, 15], [10, 14], [9, 13], [10, 13], [11, 12], [10, 12], [10, 11], [9, 11], [8, 11], [7, 12], [6, 12], [7, 11], [8, 10], [7, 10], [6, 11], [5, 12], [4, 11], [5, 10], [4, 10], [3, 10], [3, 9], [2, 10], [3, 11], [2, 11], [3, 12], [4, 12], [3, 13], [2, 12], [1, 12], [2, 13], [1, 13], [0, 14], [1, 14], [0, 13], [0, 12], [1, 11], [0, 10], [0, 9], [0, 8], [1, 8], [1, 9], [1, 10], [2, 9], [2, 8], [3, 8], [2, 7], [1, 7], [1, 6], [0, 6], [0, 5], [1, 4], [1, 3], [2, 4], [2, 3], [2, 2], [1, 2], [0, 3], [0, 2], [0, 1], [1, 1], [2, 1], [3, 2], [4, 1], [4, 2], [5, 3], [6, 3], [7, 3], [8, 3], [9, 2], [10, 1], [11, 0], [11, 1], [12, 1], [12, 2], [13, 1], [13, 0], [14, 0], [14, 1], [15, 2], [16, 3], [16, 2], [15, 3], [16, 4], [17, 4], [17, 5], [16, 5], [15, 5], [14, 4], [14, 5], [13, 6], [14, 6], [13, 5], [12, 5], [12, 4], [13, 4], [12, 3], [13, 3], [14, 2], [15, 1], [15, 0], [16, 1], [17, 2], [17, 1], [18, 0], [19, 0], [18, 1], [18, 2], [19, 1], [20, 1], [21, 2], [22, 2], [23, 1], [22, 1], [23, 0], [24, 0], [25, 0], [26, 1], [25, 2], [25, 3], [26, 3], [27, 2], [27, 3], [28, 4], [29, 5], [28, 5], [27, 5], [27, 6], [26, 6], [25, 6], [24, 6], [25, 7], [26, 7], [25, 8], [24, 9], [23, 8], [24, 7], [24, 8], [25, 9], [25, 10], [25, 11], [24, 12], [25, 13], [26, 12], [25, 12], [26, 13], [27, 13], [28, 12], [27, 11], [27, 10], [26, 11], [26, 10], [27, 9], [28, 10], [29, 10], [28, 9], [28, 8], [28, 7], [27, 8], [26, 9], [25, 9], [25, 8], [25, 7], [24, 6], [25, 6], [26, 7], [26, 6], [25, 5], [24, 5], [25, 4], [24, 4], [23, 5], [22, 5]]
