[[9, 16], [10, 15], [11, 16], [12, 15], [13, 15], [14, 16], [15, 15], [16, 16], [17, 15], [18, 14], [19, 14], [20, 13], [21, 14], [22, 14], [23, 13], [24, 12], [25, 11]]
[[9, 16], [10, 15], [11, 16], [12, 16], [13, 15], [14, 16], [15, 15], [16, 14], [17, 14], [18, 14], [19, 13], [20, 12], [21, 13], [22, 12], [23, 11], [24, 11], [25, 11]]
[[9, 16], [10, 15], [11, 14], [12, 14], [13, 15], [14, 16], [15, 15], [16, 16], [17, 15], [18, 14], [19, 14], [20, 13], [21, 12], [22, 11], [23, 11], [24, 12], [25, 11]]
[[9, 16], [10, 15], [11, 14], [12, 15], [13, 15], [14, 14], [15, 15], [16, 14], [17, 15], [18, 14], [19, 15], [20, 14], [21, 13], [22, 12], [23, 11], [24, 11], [25, 11]]
[[9, 16], [10, 15], [11, 16], [12, 15], [13, 15], [14, 16], [15, 15], [16, 16], [17, 15], [18, 14], [19, 14], [20, 13], [21, 14], [22, 14], [23, 13], [24, 12], [25, 11]]
[[9, 16], [10, 16], [11, 17], [12, 16], [13, 15], [14, 14], [15, 15], [16, 16], [17, 16], [18, 15], [19, 14], [20, 13], [21, 12], [22, 11], [23, 10], [24, 11], [25, 11]]
[[9, 16], [10, 16], [11, 15], [12, 14], [13, 15], [14, 16], [15, 15], [16, 16], [17, 15], [18, 14], [19, 13], [20, 14], [21, 13], [22, 12], [23, 12], [24, 12], [25, 11]]
[[9, 16], [10, 17], [11, 17], [12, 16], [13, 15], [14, 16], [15, 15], [16, 15], [17, 15], [18, 14], [19, 13], [20, 13], [21, 12], [22, 11], [23, 12], [24, 11], [25, 11]]
[[9, 16], [10, 16], [11, 15], [12, 14], [13, 15], [14, 16], [15, 15], [16, 15], [17, 14], [18, 14], [19, 13], [20, 12], [21, 13], [22, 12], [23, 13], [24, 12], [25, 11]]
[[9, 16], [10, 17], [11, 16], [12, 17], [13, 17], [14, 16], [15, 16], [16, 15], [17, 16], [18, 15], [19, 14], [20, 13], [21, 13], [22, 12], [23, 13], [24, 12], [25, 11]]
[[9, 16], [10, 15], [11, 15], [12, 16], [13, 15], [14, 14], [15, 14], [16, 15], [17, 15], [18, 14], [19, 13], [20, 12], [21, 12], [22, 11], [23, 12], [24, 11], [25, 11]]
[[9, 16], [10, 16], [11, 15], [12, 16], [13, 17], [14, 16], [15, 15], [16, 15], [17, 15], [18, 14], [19, 13], [20, 14], [21, 13], [22, 12], [23, 12], [24, 12], [25, 11]]
[[9, 16], [10, 17], [11, 17], [12, 16], [13, 15], [14, 14], [15, 13], [16, 12], [17, 13], [18, 13], [19, 14], [20, 13], [21, 12], [22, 11], [23, 11], [24, 11], [25, 11]]
[[9, 16], [10, 16], [11, 16], [12, 15], [13, 15], [14, 14], [15, 13], [16, 14], [17, 13], [18, 13], [19, 12], [20, 12], [21, 13], [22, 14], [23, 13], [24, 12], [25, 11]]
[[9, 16], [10, 15], [11, 15], [12, 14], [13, 13], [14, 14], [15, 13], [16, 14], [17, 14], [18, 13], [19, 14], [20, 13], [21, 12], [22, 12], [23, 12], [24, 11], [25, 11]]
[[9, 16], [10, 16], [11, 15], [12, 16], [13, 17], [14, 16], [15, 15], [16, 15], [17, 14], [18, 13], [19, 12], [20, 12], [21, 13], [22, 12], [23, 11], [24, 12], [25, 11]]
[[9, 16], [10, 15], [11, 15], [12, 15], [13, 15], [14, 16], [15, 15], [16, 14], [17, 13], [18, 14], [19, 14], [20, 14], [21, 13], [22, 12], [23, 11], [24, 12], [25, 11]]
[[9, 16], [10, 15], [11, 15], [12, 14], [13, 15], [14, 16], [15, 16], [16, 15], [17, 16], [18, 15], [19, 16], [20, 15], [20, 14], [21, 13], [22, 12], [23, 11], [24, 10], [25, 11]]
[[9, 16], [10, 16], [11, 17], [11, 16], [10, 15], [10, 14], [11, 13], [12, 14], [13, 13], [14, 14], [15, 15], [16, 15], [17, 15], [18, 15], [19, 16], [19, 15], [20, 14], [21, 13], [22, 12], [23, 11], [24, 10], [25, 11]]
[[9, 16], [10, 16], [11, 15], [12, 16], [13, 15], [14, 16], [15, 17], [16, 17], [17, 18], [16, 18], [17, 17], [18, 17], [17, 17], [17, 18], [18, 17], [19, 16], [19, 15], [20, 14], [21, 13], [22, 12], [23, 11], [24, 10], [25, 11]]
