[[25, 5], [25, 6], [26, 7], [27, 8], [26, 9], [26, 10], [27, 11], [28, 12], [29, 13], [28, 14]]
[[25, 5], [26, 6], [27, 7], [28, 8], [29, 9], [28, 10], [27, 11], [28, 12], [29, 13], [28, 14]]
[[25, 5], [26, 6], [26, 7], [27, 8], [27, 9], [26, 10], [26, 11], [27, 12], [28, 13], [28, 14]]
[[25, 5], [26, 6], [26, 7], [27, 8], [27, 9], [26, 10], [27, 11], [28, 12], [29, 13], [28, 14]]
[[25, 5], [26, 6], [27, 7], [28, 8], [27, 9], [28, 10], [29, 11], [28, 12], [29, 13], [28, 14]]
[[25, 5], [26, 6], [26, 7], [27, 8], [28, 9], [29, 10], [29, 11], [28, 12], [27, 13], [28, 14]]
[[25, 5], [25, 6], [26, 7], [26, 8], [27, 9], [28, 10], [28, 11], [27, 12], [28, 13], [28, 14]]
[[25, 5], [26, 6], [27, 7], [28, 8], [27, 9], [28, 10], [27, 11], [28, 12], [29, 13], [28, 14]]
[[25, 5], [26, 6], [26, 7], [27, 8], [28, 9], [29, 10], [29, 11], [28, 12], [29, 13], [28, 14]]
[[25, 5], [25, 6], [25, 7], [26, 8], [25, 9], [26, 10], [27, 11], [28, 12], [29, 13], [28, 14]]
[[25, 5], [25, 6], [26, 7], [27, 8], [26, 9], [26, 10], [27, 11], [28, 12], [29, 13], [28, 14]]
[[25, 5], [26, 6], [27, 7], [28, 8], [29, 9], [29, 10], [28, 11], [27, 12], [27, 13], [28, 14]]
[[25, 5], [26, 6], [27, 5], [28, 6], [27, 7], [28, 8], [28, 9], [29, 10], [29, 11], [28, 10], [28, 11], [29, 12], [28, 13], [28, 14]]
[[25, 5], [26, 6], [26, 7], [25, 8], [26, 9], [26, 10], [26, 11], [27, 11], [28, 12], [29, 13], [28, 14], [28, 13], [27, 14], [28, 14]]
[[25, 5], [25, 6], [26, 7], [27, 7], [28, 6], [29, 7], [29, 8], [28, 8], [28, 9], [28, 10], [27, 9], [26, 9], [25, 10], [25, 11], [26, 12], [27, 13], [28, 14]]
[[25, 5], [25, 4], [24, 3], [23, 3], [23, 2], [24, 2], [24, 1], [25, 2], [26, 3], [25, 3], [26, 2], [27, 2], [26, 1], [27, 0], [28, 1], [29, 2], [29, 3], [29, 4], [28, 4], [27, 3], [27, 4], [28, 5], [29, 6], [28, 6], [29, 7], [29, 8], [28, 8], [27, 8], [28, 9], [27, 9], [26, 10], [25, 11], [24, 10], [25, 9], [25, 10], [26, 11], [25, 12], [26, 12], [26, 13], [25, 12], [24, 11], [24, 10], [23, 10], [24, 9], [25, 9], [25, 8], [26, 7], [27, 7], [28, 8], [29, 9], [28, 9], [29, 10], [28, 10], [28, 11], [27, 11], [26, 11], [25, 10], [25, 11], [26, 12], [27, 13], [28, 14]]
[[25, 5], [26, 6], [27, 6], [26, 5], [27, 5], [28, 5], [28, 4], [28, 3], [29, 3], [29, 4], [29, 5], [28, 6], [29, 7], [29, 8], [29, 9], [29, 10], [29, 11], [28, 12], [28, 11], [28, 10], [27, 9], [26, 8], [25, 7], [25, 6], [26, 7], [25, 8], [26, 9], [25, 10], [24, 10], [23, 10], [22, 9], [23, 9], [24, 9], [23, 8], [23, 7], [24, 7], [23, 6], [24, 5], [25, 4], [24, 3], [23, 4], [23, 3], [23, 2], [22, 2], [21, 2], [21, 1], [20, 0], [20, 1], [19, 0], [19, 1], [18, 0], [17, 1], [18, 2], [17, 3], [16, 3], [15, 3], [15, 4], [14, 5], [14, 4], [13, 4], [13, 5], [12, 4], [13, 3], [14, 3], [15, 2], [15, 1], [14, 0], [13, 1], [12, 1], [13, 0], [12, 0], [11, 1], [10, 0], [11, 0], [10, 1], [9, 2], [9, 3], [10, 3], [11, 2], [10, 2], [11, 3], [11, 4], [11, 5], [11, 6], [12, 7], [13, 7], [12, 6], [13, 6], [14, 7], [13, 8], [14, 8], [15, 7], [16, 8], [16, 7], [15, 8], [16, 9], [17, 8], [18, 8], [17, 9], [17, 10], [16, 10], [17, 11], [16, 11], [15, 12], [14, 13], [13, 12], [12, 12], [12, 13], [11, 14], [10, 14], [9, 15], [8, 16], [7, 16], [6, 16], [5, 17], [5, 16], [6, 17], [6, 18], [7, 18], [8, 19], [8, 18], [9, 18], [10, 18], [9, 19], [10, 19], [11, 18], [11, 19], [12, 19], [12, 18], [13, 17], [14, 16], [14, 15], [13, 16], [13, 15], [12, 15], [12, 16], [12, 17], [13, 18], [13, 19], [14, 19], [15, 19], [16, 19], [16, 18], [15, 18], [15, 17], [15, 16], [16, 15], [15, 14], [16, 13], [17, 12], [18, 13], [17, 14], [18, 14], [17, 15], [17, 16], [18, 17], [19, 16], [20, 17], [21, 18], [21, 19], [20, 19], [19, 19], [18, 19], [17, 18], [16, 17], [16, 16], [15, 15], [16, 14], [17, 13], [18, 12], [18, 11], [19, 11], [19, 10], [20, 9], [19, 8], [18, 9], [19, 9], [20, 10], [21, 9], [22, 10], [21, 11], [21, 12], [20, 11], [20, 12], [21, 13], [22, 12], [23, 12], [23, 11], [24, 11], [25, 11], [26, 12], [26, 13], [27, 14], [28, 13], [28, 14]]
