[[28, 8], [28, 9], [27, 10], [26, 10], [25, 11], [24, 12], [23, 13], [22, 13], [21, 14], [20, 13], [19, 12], [18, 13], [17, 14], [16, 14]]
[[28, 8], [28, 9], [27, 10], [26, 11], [25, 12], [24, 12], [23, 13], [22, 13], [21, 14], [20, 15], [19, 16], [18, 15], [17, 15], [16, 14]]
[[28, 8], [28, 9], [27, 10], [26, 10], [25, 11], [24, 12], [23, 13], [22, 13], [21, 14], [20, 14], [19, 15], [18, 16], [17, 15], [16, 14]]
[[28, 8], [28, 9], [27, 10], [26, 10], [25, 11], [24, 12], [23, 13], [22, 13], [21, 14], [20, 13], [19, 12], [18, 13], [17, 14], [16, 14]]
[[28, 8], [28, 9], [27, 10], [26, 10], [25, 11], [24, 12], [23, 13], [22, 12], [21, 13], [20, 13], [19, 13], [18, 13], [17, 13], [16, 14]]
[[28, 8], [28, 9], [27, 10], [26, 11], [25, 10], [24, 10], [23, 11], [22, 12], [21, 12], [20, 12], [19, 12], [18, 13], [17, 13], [16, 14]]
[[28, 8], [28, 9], [29, 10], [28, 9], [27, 10], [26, 11], [26, 10], [25, 9], [24, 10], [23, 11], [22, 12], [21, 12], [20, 13], [19, 14], [18, 13], [17, 14], [16, 14]]
[[28, 8], [29, 8], [28, 9], [27, 10], [26, 10], [25, 10], [25, 11], [24, 12], [23, 11], [22, 12], [21, 12], [20, 13], [19, 13], [18, 13], [17, 13], [18, 13], [17, 14], [16, 14]]
[[28, 8], [27, 8], [28, 9], [27, 10], [26, 10], [25, 10], [25, 11], [24, 12], [23, 11], [22, 12], [21, 12], [20, 13], [19, 14], [20, 13], [19, 12], [18, 13], [17, 13], [16, 14]]
[[28, 8], [28, 9], [28, 10], [27, 10], [26, 10], [26, 11], [25, 11], [24, 12], [23, 12], [22, 11], [22, 12], [22, 13], [21, 13], [20, 13], [19, 12], [18, 13], [17, 14], [16, 14]]
[[28, 8], [28, 9], [28, 10], [27, 11], [26, 12], [26, 11], [25, 10], [24, 9], [23, 10], [22, 11], [21, 12], [20, 12], [19, 12], [18, 13], [19, 12], [18, 13], [17, 14], [16, 14]]
[[28, 8], [28, 7], [27, 6], [26, 6], [27, 7], [26, 8], [25, 8], [24, 9], [25, 9], [24, 10], [23, 10], [23, 9], [23, 8], [22, 9], [23, 8], [23, 7], [22, 8], [21, 7], [20, 6], [21, 5], [22, 6], [22, 7], [21, 8], [20, 9], [19, 10], [18, 10], [17, 11], [16, 11], [15, 11], [15, 12], [16, 12], [17, 13], [16, 13], [16, 14]]
[[28, 8], [27, 8], [28, 9], [29, 10], [29, 11], [28, 12], [28, 13], [27, 14], [26, 15], [27, 16], [27, 17], [27, 18], [26, 18], [25, 17], [24, 18], [25, 18], [24, 19], [23, 18], [22, 18], [21, 19], [22, 19], [21, 18], [21, 19], [20, 18], [19, 18], [19, 17], [20, 17], [19, 17], [18, 16], [17, 15], [17, 14], [16, 14], [16, 15], [15, 14], [16, 14]]
[[28, 8], [28, 7], [27, 8], [27, 7], [27, 6], [27, 5], [26, 5], [25, 5], [26, 6], [25, 7], [25, 6], [24, 6], [24, 5], [23, 6], [23, 5], [22, 5], [21, 6], [20, 5], [19, 6], [19, 7], [20, 6], [20, 7], [21, 7], [22, 8], [23, 7], [23, 8], [23, 9], [24, 10], [25, 10], [26, 11], [25, 11], [25, 12], [24, 12], [23, 13], [22, 12], [22, 11], [21, 12], [20, 13], [20, 14], [19, 13], [19, 12], [19, 11], [20, 11], [21, 10], [20, 10], [19, 10], [19, 9], [18, 8], [19, 8], [20, 9], [20, 8], [19, 7], [20, 6], [21, 7], [22, 8], [23, 8], [23, 7], [23, 6], [24, 5], [24, 4], [23, 4], [22, 4], [21, 5], [22, 5], [22, 6], [21, 6], [22, 7], [21, 8], [20, 7], [19, 6], [20, 5], [19, 4], [20, 3], [20, 4], [21, 3], [20, 2], [20, 1], [21, 1], [20, 0], [19, 0], [19, 1], [19, 2], [18, 1], [18, 2], [17, 3], [17, 4], [16, 4], [16, 5], [15, 4], [14, 5], [15, 6], [15, 5], [14, 6], [13, 5], [13, 4], [14, 3], [14, 4], [15, 3], [16, 2], [17, 2], [16, 3], [15, 2], [15, 1], [15, 0], [14, 1], [14, 0], [13, 1], [12, 1], [11, 1], [10, 0], [11, 0], [10, 1], [9, 2], [8, 2], [8, 1], [7, 0], [7, 1], [6, 0], [5, 0], [5, 1], [6, 1], [5, 2], [4, 2], [3, 1], [2, 1], [1, 2], [1, 3], [0, 4], [0, 5], [1, 4], [2, 4], [3, 5], [4, 5], [5, 6], [6, 6], [7, 5], [7, 4], [8, 4], [8, 3], [7, 3], [6, 3], [6, 4], [5, 4], [6, 5], [7, 6], [7, 7], [8, 8], [9, 7], [8, 7], [9, 6], [10, 7], [10, 8], [9, 9], [10, 9], [10, 10], [11, 11], [12, 12], [13, 11], [12, 11], [11, 10], [11, 9], [12, 8], [12, 9], [12, 10], [13, 10], [14, 9], [15, 10], [14, 10], [14, 11], [15, 11], [16, 10], [17, 9], [18, 10], [18, 11], [17, 11], [17, 12], [16, 12], [16, 11], [15, 12], [16, 13], [17, 14], [18, 15], [17, 15], [16, 16], [15, 16], [14, 16], [13, 17], [12, 17], [13, 16], [14, 15], [13, 14], [13, 13], [12, 14], [11, 13], [10, 14], [9, 14], [8, 15], [8, 14], [9, 13], [9, 12], [10, 13], [11, 12], [10, 12], [9, 11], [8, 12], [7, 13], [6, 12], [6, 11], [5, 11], [4, 11], [3, 12], [4, 13], [4, 14], [5, 13], [6, 13], [5, 14], [6, 15], [5, 15], [6, 14], [7, 15], [6, 16], [6, 17], [5, 18], [6, 18], [5, 17], [4, 18], [5, 19], [6, 19], [7, 19], [8, 18], [9, 18], [10, 19], [11, 19], [12, 19], [13, 18], [14, 19], [15, 19], [16, 19], [15, 18], [14, 18], [14, 17], [15, 17], [16, 17], [17, 16], [18, 17], [18, 16], [17, 17], [17, 18], [17, 19], [18, 19], [19, 18], [20, 19], [20, 18], [21, 19], [22, 18], [21, 18], [20, 17], [21, 17], [22, 16], [23, 16], [24, 15], [24, 14], [23, 14], [23, 15], [22, 14], [21, 15], [21, 16], [22, 15], [21, 14], [20, 15], [19, 15], [19, 14], [18, 13], [17, 13], [16, 14]]
