[[20, 13], [19, 13], [18, 14], [17, 14], [16, 15], [15, 14], [14, 14], [13, 15], [12, 14], [11, 13], [10, 14], [9, 15], [8, 15], [7, 14], [6, 14], [5, 15], [4, 14], [3, 13]]
[[20, 13], [19, 14], [18, 14], [17, 14], [16, 13], [15, 14], [14, 15], [13, 14], [12, 14], [11, 14], [10, 14], [9, 14], [8, 15], [7, 14], [6, 15], [5, 15], [4, 14], [3, 13]]
[[20, 13], [19, 14], [18, 14], [17, 14], [16, 13], [15, 12], [14, 13], [13, 14], [12, 15], [11, 15], [10, 16], [9, 15], [8, 15], [7, 16], [6, 15], [5, 14], [4, 14], [3, 13]]
[[20, 13], [19, 13], [18, 14], [17, 14], [16, 15], [15, 14], [14, 14], [13, 15], [12, 14], [11, 13], [10, 14], [9, 15], [8, 15], [7, 14], [6, 14], [5, 15], [4, 14], [3, 13]]
[[20, 13], [19, 14], [18, 13], [17, 14], [16, 15], [15, 15], [14, 15], [13, 15], [12, 15], [11, 14], [10, 13], [9, 14], [8, 13], [7, 13], [6, 14], [5, 14], [4, 13], [3, 13]]
[[20, 13], [19, 13], [18, 12], [17, 12], [16, 13], [15, 14], [14, 14], [13, 15], [12, 14], [11, 14], [10, 15], [9, 14], [8, 15], [7, 14], [6, 14], [5, 13], [4, 12], [3, 13]]
[[20, 13], [19, 14], [18, 14], [17, 14], [16, 13], [15, 14], [14, 14], [13, 13], [12, 12], [11, 12], [10, 13], [9, 14], [8, 15], [7, 14], [6, 13], [5, 14], [4, 14], [3, 13]]
[[20, 13], [19, 13], [18, 13], [17, 12], [16, 12], [15, 13], [14, 14], [13, 15], [12, 14], [11, 14], [10, 13], [9, 14], [8, 13], [7, 12], [6, 13], [5, 14], [4, 13], [3, 13]]
[[20, 13], [19, 14], [18, 13], [17, 12], [16, 13], [15, 12], [14, 12], [13, 11], [12, 12], [11, 13], [10, 14], [9, 15], [8, 15], [7, 14], [6, 13], [5, 13], [4, 12], [3, 13]]
[[20, 13], [19, 14], [18, 15], [17, 16], [16, 15], [15, 15], [14, 16], [13, 15], [12, 15], [11, 14], [10, 13], [9, 14], [8, 15], [7, 15], [6, 14], [5, 14], [4, 13], [3, 13]]
[[20, 13], [19, 13], [18, 14], [17, 15], [16, 15], [15, 16], [14, 15], [13, 14], [12, 14], [11, 13], [10, 14], [9, 15], [8, 15], [7, 15], [6, 14], [5, 13], [5, 14], [4, 14], [3, 13]]
[[20, 13], [19, 12], [18, 12], [17, 11], [16, 12], [15, 13], [14, 14], [13, 13], [12, 14], [11, 14], [10, 15], [9, 15], [8, 16], [8, 17], [7, 16], [6, 15], [5, 14], [4, 14], [3, 13]]
[[20, 13], [20, 12], [19, 13], [18, 14], [17, 14], [16, 15], [15, 14], [14, 13], [13, 14], [12, 15], [11, 16], [10, 15], [9, 15], [8, 16], [7, 15], [6, 15], [5, 14], [4, 13], [3, 13]]
[[20, 13], [19, 12], [18, 11], [17, 11], [16, 12], [15, 13], [14, 12], [13, 13], [12, 12], [11, 13], [10, 13], [10, 14], [9, 14], [8, 13], [7, 14], [6, 15], [5, 14], [4, 13], [3, 13]]
[[20, 13], [19, 14], [18, 14], [17, 14], [16, 13], [15, 13], [14, 12], [13, 13], [12, 14], [11, 15], [10, 16], [9, 17], [8, 16], [8, 15], [7, 14], [6, 14], [5, 13], [4, 14], [3, 13]]
[[20, 13], [19, 12], [19, 11], [18, 11], [17, 11], [16, 12], [15, 13], [14, 14], [13, 13], [12, 12], [11, 12], [11, 13], [10, 14], [9, 15], [8, 16], [7, 15], [6, 14], [5, 14], [5, 13], [4, 13], [3, 13]]
[[20, 13], [19, 12], [18, 12], [17, 13], [17, 12], [16, 12], [15, 13], [14, 13], [13, 14], [12, 15], [11, 15], [10, 15], [10, 16], [9, 15], [9, 14], [8, 13], [7, 13], [6, 14], [5, 14], [4, 14], [3, 13]]
[[20, 13], [21, 12], [20, 12], [19, 11], [18, 11], [17, 10], [16, 9], [15, 8], [14, 7], [14, 6], [13, 7], [12, 8], [11, 9], [10, 9], [9, 9], [8, 9], [7, 10], [6, 10], [7, 10], [6, 11], [6, 12], [7, 12], [6, 12], [5, 13], [4, 14], [3, 13]]
[[20, 13], [19, 13], [19, 14], [18, 14], [18, 15], [18, 16], [17, 15], [17, 14], [16, 15], [15, 15], [14, 16], [13, 15], [12, 16], [12, 17], [11, 17], [10, 17], [11, 18], [10, 17], [9, 18], [9, 19], [8, 19], [7, 19], [6, 18], [7, 17], [8, 16], [7, 17], [6, 16], [5, 15], [4, 14], [3, 13]]
[[20, 13], [19, 12], [19, 13], [18, 12], [17, 13], [16, 13], [15, 12], [16, 12], [16, 13], [15, 12], [15, 11], [14, 11], [13, 11], [12, 10], [11, 10], [11, 11], [10, 10], [9, 9], [8, 8], [7, 9], [7, 10], [6, 10], [7, 11], [6, 12], [5, 13], [6, 14], [5, 14], [4, 15], [3, 14], [3, 13]]
