[[12, 18], [12, 17], [12, 16], [11, 15], [11, 14], [10, 13], [9, 12], [8, 11], [7, 10], [6, 9], [5, 8], [4, 7], [3, 6], [2, 5], [2, 4]]
[[12, 18], [11, 17], [11, 16], [10, 15], [9, 14], [8, 13], [7, 12], [8, 11], [7, 10], [6, 9], [5, 8], [4, 7], [3, 6], [3, 5], [2, 4]]
[[12, 18], [11, 17], [12, 16], [12, 15], [11, 14], [10, 13], [9, 12], [8, 11], [7, 10], [6, 9], [5, 8], [5, 7], [4, 6], [3, 5], [2, 4]]
[[12, 18], [12, 17], [12, 16], [11, 15], [11, 14], [10, 13], [9, 12], [8, 11], [7, 10], [6, 9], [5, 8], [4, 7], [3, 6], [2, 5], [2, 4]]
[[12, 18], [11, 17], [12, 16], [11, 15], [11, 14], [10, 13], [9, 12], [8, 11], [7, 10], [7, 9], [6, 8], [5, 7], [4, 6], [3, 5], [2, 4]]
[[12, 18], [11, 17], [12, 16], [11, 15], [10, 14], [9, 13], [8, 12], [8, 11], [7, 10], [6, 9], [5, 8], [4, 7], [4, 6], [3, 5], [2, 4]]
[[12, 18], [11, 17], [12, 16], [11, 15], [10, 14], [9, 13], [8, 12], [7, 11], [6, 10], [5, 9], [4, 8], [4, 7], [3, 6], [2, 5], [2, 4]]
[[12, 18], [11, 17], [11, 16], [11, 15], [10, 14], [9, 13], [8, 12], [7, 11], [7, 10], [7, 9], [6, 8], [5, 7], [4, 6], [3, 5], [2, 4]]
[[12, 18], [12, 17], [11, 16], [10, 15], [9, 14], [8, 13], [7, 12], [7, 11], [7, 10], [6, 9], [6, 8], [5, 7], [4, 6], [3, 5], [2, 4]]
[[12, 18], [12, 17], [11, 16], [10, 15], [10, 14], [9, 13], [8, 12], [8, 11], [7, 10], [6, 9], [5, 8], [4, 7], [4, 6], [3, 5], [2, 4]]
[[12, 18], [12, 17], [12, 16], [11, 15], [11, 14], [10, 13], [9, 12], [8, 11], [7, 10], [7, 9], [6, 8], [5, 7], [4, 6], [3, 5], [2, 4]]
[[12, 18], [12, 17], [12, 16], [11, 15], [10, 14], [9, 13], [8, 12], [8, 11], [7, 10], [6, 9], [5, 8], [4, 7], [4, 6], [3, 5], [2, 4]]
[[12, 18], [12, 17], [12, 16], [11, 15], [11, 14], [10, 13], [9, 12], [8, 11], [7, 10], [6, 9], [6, 8], [5, 7], [4, 6], [3, 5], [2, 4]]
[[12, 18], [11, 17], [11, 16], [10, 15], [9, 14], [9, 13], [9, 12], [9, 11], [8, 10], [7, 9], [6, 8], [5, 7], [4, 6], [3, 5], [2, 4]]
[[12, 18], [13, 17], [13, 16], [12, 15], [11, 14], [10, 13], [9, 12], [8, 11], [7, 10], [7, 9], [6, 8], [5, 7], [4, 6], [3, 5], [2, 4]]
[[12, 18], [11, 18], [10, 17], [11, 16], [10, 15], [10, 14], [9, 13], [8, 12], [7, 11], [7, 10], [6, 9], [5, 8], [4, 7], [4, 6], [3, 5], [2, 4]]
[[12, 18], [11, 18], [10, 17], [9, 16], [10, 15], [9, 14], [8, 13], [8, 12], [7, 12], [8, 11], [7, 10], [6, 9], [5, 8], [4, 7], [3, 6], [3, 5], [2, 4]]
[[12, 18], [11, 18], [10, 17], [11, 16], [10, 15], [11, 14], [10, 13], [9, 12], [8, 12], [7, 11], [7, 10], [6, 9], [5, 8], [5, 9], [5, 8], [4, 7], [4, 6], [3, 5], [2, 4]]
[[12, 18], [11, 18], [10, 17], [11, 16], [10, 15], [10, 14], [9, 13], [8, 13], [9, 13], [8, 12], [8, 11], [9, 10], [8, 9], [8, 10], [9, 9], [8, 8], [7, 8], [6, 7], [5, 6], [4, 5], [3, 5], [2, 4]]
[[12, 18], [12, 17], [11, 16], [11, 15], [11, 14], [11, 13], [10, 13], [9, 12], [10, 11], [9, 11], [8, 10], [7, 9], [7, 10], [6, 9], [6, 8], [6, 9], [7, 8], [6, 9], [5, 8], [4, 7], [3, 6], [2, 5], [2, 4]]
