[[4, 19], [5, 18], [6, 18], [7, 19], [8, 18], [9, 17], [10, 18], [11, 17], [12, 16], [13, 15], [14, 15], [15, 16], [16, 15], [17, 16], [18, 16], [19, 15], [20, 14], [21, 13], [22, 12], [23, 11], [24, 11], [25, 11], [26, 10]]
[[4, 19], [5, 18], [6, 18], [7, 18], [8, 18], [9, 18], [10, 19], [11, 18], [12, 18], [13, 17], [14, 16], [15, 15], [16, 16], [17, 17], [18, 16], [19, 15], [20, 14], [21, 13], [22, 14], [23, 13], [24, 12], [25, 11], [26, 10]]
[[4, 19], [5, 18], [6, 18], [7, 18], [8, 19], [9, 18], [10, 19], [11, 19], [12, 18], [13, 18], [14, 17], [15, 16], [16, 17], [17, 17], [18, 17], [19, 16], [20, 15], [21, 14], [22, 13], [23, 12], [24, 12], [25, 11], [26, 10]]
[[4, 19], [5, 19], [6, 18], [7, 17], [8, 16], [9, 17], [10, 16], [11, 15], [12, 16], [13, 16], [14, 15], [15, 15], [16, 16], [17, 16], [18, 15], [19, 14], [20, 14], [21, 13], [22, 12], [23, 11], [24, 11], [25, 11], [26, 10]]
[[4, 19], [5, 18], [6, 18], [7, 19], [8, 18], [9, 17], [10, 18], [11, 17], [12, 16], [13, 15], [14, 15], [15, 16], [16, 15], [17, 16], [18, 16], [19, 15], [20, 14], [21, 13], [22, 12], [23, 11], [24, 11], [25, 11], [26, 10]]
[[4, 19], [5, 19], [6, 18], [7, 19], [8, 19], [9, 18], [10, 18], [11, 19], [12, 18], [13, 17], [14, 17], [15, 17], [16, 16], [17, 15], [18, 15], [19, 16], [20, 15], [21, 14], [22, 13], [23, 12], [24, 11], [25, 10], [26, 10]]
[[4, 19], [5, 19], [6, 18], [7, 19], [8, 19], [9, 19], [10, 18], [11, 18], [12, 18], [13, 17], [14, 16], [15, 16], [16, 16], [17, 16], [18, 15], [19, 14], [20, 14], [21, 13], [22, 12], [23, 11], [24, 11], [25, 10], [26, 10]]
[[4, 19], [5, 19], [6, 18], [7, 17], [8, 18], [9, 17], [10, 16], [11, 16], [12, 15], [13, 14], [14, 15], [15, 16], [16, 15], [17, 14], [18, 15], [19, 14], [20, 13], [21, 12], [22, 12], [23, 12], [24, 11], [25, 10], [26, 10]]
[[4, 19], [5, 19], [6, 19], [7, 18], [8, 18], [9, 19], [10, 18], [11, 17], [12, 16], [13, 17], [14, 18], [15, 17], [16, 17], [17, 16], [18, 17], [19, 16], [20, 15], [21, 14], [22, 13], [23, 13], [24, 12], [25, 11], [26, 10]]
[[4, 19], [5, 18], [6, 19], [7, 18], [8, 18], [9, 19], [10, 18], [11, 17], [12, 16], [13, 15], [14, 16], [15, 17], [16, 16], [17, 16], [18, 15], [19, 15], [20, 15], [21, 14], [22, 13], [23, 12], [24, 11], [25, 10], [26, 10]]
[[4, 19], [5, 18], [6, 19], [7, 19], [8, 18], [9, 18], [10, 19], [11, 19], [12, 19], [13, 18], [14, 18], [15, 17], [16, 16], [17, 15], [18, 15], [19, 14], [20, 13], [21, 12], [22, 12], [23, 11], [24, 11], [25, 11], [26, 10]]
[[4, 19], [5, 18], [6, 18], [7, 17], [8, 18], [9, 18], [10, 18], [11, 17], [12, 18], [13, 17], [14, 16], [15, 17], [16, 16], [17, 16], [18, 15], [19, 14], [20, 14], [21, 13], [22, 12], [23, 11], [24, 11], [25, 11], [26, 10]]
[[4, 19], [5, 18], [6, 17], [7, 17], [8, 18], [9, 19], [10, 18], [11, 18], [12, 18], [13, 17], [14, 18], [15, 18], [16, 17], [17, 16], [18, 16], [19, 15], [20, 14], [21, 13], [22, 12], [23, 13], [24, 12], [25, 11], [26, 10]]
[[4, 19], [5, 19], [6, 19], [7, 18], [8, 19], [9, 19], [10, 18], [11, 18], [12, 18], [13, 17], [14, 16], [15, 17], [16, 16], [17, 15], [18, 15], [19, 15], [20, 15], [21, 14], [22, 14], [23, 13], [24, 12], [25, 11], [26, 10]]
[[4, 19], [5, 19], [6, 19], [7, 19], [8, 18], [9, 18], [10, 19], [11, 18], [12, 18], [13, 17], [13, 16], [14, 15], [15, 14], [16, 15], [17, 16], [17, 15], [18, 15], [19, 15], [20, 14], [21, 13], [22, 12], [23, 12], [24, 11], [25, 10], [26, 10]]
[[4, 19], [5, 19], [6, 18], [7, 18], [8, 19], [9, 18], [10, 19], [11, 18], [11, 17], [12, 16], [13, 17], [14, 16], [15, 15], [16, 15], [17, 15], [18, 16], [18, 15], [19, 14], [20, 14], [21, 13], [22, 12], [23, 11], [24, 11], [25, 11], [26, 10]]
[[4, 19], [5, 19], [6, 18], [7, 18], [8, 18], [9, 18], [10, 18], [11, 18], [12, 18], [13, 18], [14, 17], [15, 16], [15, 15], [16, 16], [17, 17], [18, 16], [19, 15], [20, 14], [21, 15], [22, 14], [23, 13], [24, 12], [25, 11], [26, 11], [26, 10]]
[[4, 19], [5, 18], [6, 19], [7, 19], [8, 18], [9, 18], [10, 19], [11, 18], [12, 18], [13, 17], [13, 16], [14, 15], [15, 14], [16, 15], [17, 16], [18, 16], [19, 15], [20, 14], [21, 14], [22, 14], [23, 13], [24, 12], [24, 11], [25, 11], [26, 10]]
[[4, 19], [5, 19], [6, 18], [7, 18], [8, 19], [9, 18], [10, 19], [11, 18], [11, 17], [12, 16], [13, 17], [14, 16], [14, 17], [15, 18], [16, 18], [17, 17], [18, 16], [18, 17], [19, 16], [20, 16], [20, 15], [21, 14], [21, 13], [22, 14], [23, 13], [24, 12], [25, 11], [26, 10]]
[[4, 19], [5, 19], [6, 19], [7, 18], [8, 18], [9, 17], [10, 18], [11, 19], [12, 19], [13, 18], [14, 17], [14, 16], [14, 15], [15, 16], [15, 17], [16, 17], [17, 16], [17, 15], [18, 15], [19, 14], [20, 14], [21, 14], [22, 13], [23, 12], [22, 11], [23, 12], [24, 11], [25, 11], [25, 10], [26, 10]]
