[[14, 2], [13, 3], [12, 4], [12, 5], [11, 6], [11, 7], [11, 8], [10, 9], [11, 10], [11, 11], [11, 12], [10, 13], [9, 14], [8, 15], [7, 16]]
[[14, 2], [13, 3], [13, 4], [12, 5], [12, 6], [11, 7], [10, 8], [10, 9], [11, 10], [11, 11], [10, 12], [9, 13], [8, 14], [8, 15], [7, 16]]
[[14, 2], [13, 3], [13, 4], [12, 5], [12, 6], [11, 7], [10, 8], [10, 9], [10, 10], [11, 11], [10, 12], [9, 13], [9, 14], [8, 15], [7, 16]]
[[14, 2], [13, 3], [14, 4], [14, 5], [13, 6], [13, 7], [13, 8], [12, 9], [12, 10], [11, 11], [10, 12], [9, 13], [9, 14], [8, 15], [7, 16]]
[[14, 2], [13, 3], [12, 4], [13, 5], [12, 6], [11, 7], [11, 8], [11, 9], [10, 10], [11, 11], [10, 12], [10, 13], [9, 14], [8, 15], [7, 16]]
[[14, 2], [13, 3], [12, 4], [12, 5], [11, 6], [11, 7], [11, 8], [10, 9], [11, 10], [11, 11], [11, 12], [10, 13], [9, 14], [8, 15], [7, 16]]
[[14, 2], [13, 3], [12, 4], [11, 5], [12, 6], [11, 7], [11, 8], [12, 9], [13, 10], [12, 11], [11, 12], [10, 13], [9, 14], [8, 15], [7, 16]]
[[14, 2], [14, 3], [13, 4], [12, 5], [12, 6], [11, 7], [11, 8], [12, 9], [11, 10], [12, 11], [11, 12], [10, 13], [9, 14], [8, 15], [7, 16]]
[[14, 2], [13, 3], [13, 4], [13, 5], [12, 6], [11, 7], [10, 8], [11, 9], [11, 10], [12, 11], [11, 12], [10, 13], [9, 14], [8, 15], [7, 16]]
[[14, 2], [14, 3], [14, 4], [13, 5], [12, 6], [11, 7], [11, 8], [10, 9], [11, 10], [11, 11], [10, 12], [9, 13], [8, 14], [8, 15], [7, 16]]
[[14, 2], [14, 3], [13, 4], [13, 5], [12, 6], [11, 7], [11, 8], [12, 9], [11, 10], [12, 11], [11, 12], [10, 13], [9, 14], [8, 15], [7, 16]]
[[14, 2], [13, 3], [12, 4], [11, 5], [11, 6], [11, 7], [10, 8], [10, 9], [11, 10], [12, 11], [11, 12], [10, 13], [9, 14], [8, 15], [7, 16]]
[[14, 2], [15, 3], [14, 4], [13, 5], [12, 6], [11, 7], [11, 8], [10, 9], [11, 10], [11, 11], [10, 12], [10, 13], [9, 14], [8, 15], [7, 16]]
[[14, 2], [13, 3], [13, 4], [12, 5], [11, 6], [11, 7], [10, 8], [9, 9], [10, 10], [11, 11], [10, 12], [9, 13], [9, 14], [8, 15], [7, 16]]
[[14, 2], [13, 3], [12, 4], [12, 5], [11, 6], [11, 7], [10, 8], [10, 9], [10, 10], [11, 11], [11, 12], [10, 13], [9, 14], [8, 15], [7, 16]]
[[14, 2], [14, 3], [13, 4], [12, 5], [11, 6], [10, 6], [11, 7], [10, 8], [9, 9], [9, 10], [8, 11], [8, 12], [9, 13], [8, 14], [8, 15], [7, 16]]
[[14, 2], [13, 3], [13, 4], [12, 5], [11, 5], [11, 6], [11, 7], [11, 8], [11, 9], [12, 10], [11, 11], [10, 12], [9, 13], [9, 14], [8, 15], [7, 16]]
[[14, 2], [13, 3], [13, 4], [12, 5], [11, 6], [10, 5], [11, 6], [11, 7], [10, 8], [10, 9], [11, 10], [11, 11], [11, 12], [10, 13], [9, 14], [8, 15], [7, 16]]
[[14, 2], [14, 3], [13, 4], [12, 5], [12, 6], [11, 7], [10, 8], [11, 9], [10, 10], [9, 9], [8, 10], [9, 10], [8, 11], [7, 12], [6, 13], [7, 12], [8, 13], [7, 14], [8, 15], [7, 16]]
[[14, 2], [13, 3], [14, 4], [13, 5], [12, 6], [11, 7], [10, 8], [11, 9], [10, 10], [9, 9], [8, 10], [9, 10], [8, 11], [7, 12], [6, 13], [7, 12], [8, 13], [7, 14], [8, 15], [7, 16]]
