[[23, 11], [24, 12], [25, 13], [24, 14], [24, 15], [25, 16], [26, 17], [26, 18], [26, 19]]
[[23, 11], [23, 12], [23, 13], [22, 14], [23, 15], [24, 16], [25, 17], [26, 18], [26, 19]]
[[23, 11], [24, 12], [23, 13], [22, 14], [23, 15], [24, 16], [25, 17], [25, 18], [26, 19]]
[[23, 11], [24, 12], [24, 13], [24, 14], [25, 15], [25, 16], [25, 17], [25, 18], [26, 19]]
[[23, 11], [24, 12], [23, 13], [22, 14], [23, 15], [24, 16], [25, 17], [25, 18], [26, 19]]
[[23, 11], [24, 12], [23, 13], [22, 14], [23, 15], [24, 16], [25, 17], [25, 18], [26, 19]]
[[23, 11], [23, 12], [22, 13], [22, 14], [23, 15], [24, 16], [25, 17], [26, 18], [26, 19]]
[[23, 11], [23, 12], [22, 13], [23, 14], [24, 15], [25, 16], [25, 17], [25, 18], [26, 19]]
[[23, 11], [24, 12], [23, 13], [24, 14], [24, 15], [25, 16], [25, 17], [25, 18], [26, 19]]
[[23, 11], [24, 12], [24, 13], [23, 14], [24, 15], [24, 16], [25, 17], [26, 18], [26, 19]]
[[23, 11], [24, 12], [25, 13], [24, 14], [24, 15], [25, 16], [26, 17], [26, 18], [26, 19]]
[[23, 11], [23, 12], [23, 13], [24, 12], [23, 13], [24, 14], [25, 15], [24, 15], [23, 16], [24, 17], [25, 17], [26, 17], [27, 18], [26, 19]]
[[23, 11], [22, 10], [21, 10], [20, 10], [21, 10], [22, 11], [23, 12], [24, 12], [23, 12], [24, 13], [25, 13], [26, 13], [27, 14], [27, 15], [28, 16], [29, 17], [28, 17], [27, 18], [26, 18], [25, 17], [26, 17], [26, 18], [26, 19]]
[[23, 11], [23, 12], [24, 12], [25, 11], [24, 12], [24, 13], [23, 14], [22, 13], [23, 14], [24, 15], [24, 14], [25, 13], [26, 12], [27, 13], [28, 14], [29, 13], [29, 14], [28, 15], [28, 16], [27, 17], [26, 17], [27, 18], [27, 19], [26, 18], [25, 19], [24, 18], [25, 17], [25, 18], [26, 19]]
[[23, 11], [24, 11], [23, 11], [22, 11], [21, 11], [21, 12], [21, 13], [20, 13], [19, 13], [20, 14], [19, 13], [18, 14], [18, 15], [19, 15], [19, 14], [20, 14], [19, 15], [18, 16], [19, 16], [18, 17], [18, 16], [17, 15], [17, 14], [16, 14], [16, 15], [16, 16], [15, 17], [14, 16], [13, 16], [13, 15], [13, 14], [12, 14], [11, 15], [11, 16], [12, 16], [11, 17], [10, 18], [9, 19], [10, 19], [11, 19], [12, 18], [13, 18], [14, 18], [15, 19], [16, 18], [16, 19], [17, 19], [17, 18], [16, 17], [17, 18], [18, 17], [19, 17], [19, 18], [20, 18], [21, 17], [20, 17], [21, 17], [20, 17], [20, 16], [19, 16], [20, 16], [21, 15], [22, 14], [23, 14], [24, 14], [25, 13], [26, 12], [27, 11], [28, 11], [29, 10], [29, 9], [28, 8], [29, 7], [28, 7], [29, 6], [28, 6], [27, 7], [28, 8], [29, 9], [28, 10], [29, 11], [29, 12], [28, 13], [29, 14], [29, 15], [28, 15], [28, 16], [27, 17], [26, 17], [25, 18], [26, 18], [26, 19]]
