[[27, 2], [28, 3], [27, 4], [26, 5], [27, 6], [26, 7], [27, 8], [27, 9], [27, 10], [26, 11], [25, 12], [25, 13], [25, 14], [24, 15], [23, 16], [22, 17]]
[[27, 2], [28, 3], [28, 4], [27, 5], [28, 6], [29, 7], [29, 8], [29, 9], [28, 10], [28, 11], [27, 12], [26, 13], [25, 14], [24, 15], [23, 16], [22, 17]]
[[27, 2], [28, 3], [29, 4], [29, 5], [28, 6], [27, 7], [27, 8], [28, 9], [27, 10], [27, 11], [26, 12], [26, 13], [25, 14], [24, 15], [23, 16], [22, 17]]
[[27, 2], [28, 3], [28, 4], [27, 5], [27, 6], [28, 7], [28, 8], [27, 9], [27, 10], [28, 11], [27, 12], [26, 13], [25, 14], [24, 15], [23, 16], [22, 17]]
[[27, 2], [28, 3], [29, 4], [28, 5], [29, 6], [29, 7], [29, 8], [28, 9], [27, 10], [26, 11], [25, 12], [24, 13], [24, 14], [23, 15], [22, 16], [22, 17]]
[[27, 2], [27, 3], [27, 4], [27, 5], [28, 6], [27, 7], [28, 8], [28, 9], [27, 10], [26, 11], [25, 12], [24, 13], [25, 14], [24, 15], [23, 16], [22, 17]]
[[27, 2], [28, 3], [27, 4], [26, 5], [27, 6], [26, 7], [27, 8], [27, 9], [27, 10], [26, 11], [25, 12], [25, 13], [25, 14], [24, 15], [23, 16], [22, 17]]
[[27, 2], [26, 3], [27, 4], [28, 5], [27, 6], [28, 7], [28, 8], [28, 9], [27, 10], [26, 11], [25, 12], [24, 13], [25, 14], [24, 15], [23, 16], [22, 17]]
[[27, 2], [28, 3], [28, 4], [27, 5], [26, 6], [27, 7], [28, 8], [28, 9], [27, 10], [28, 11], [27, 12], [26, 13], [25, 14], [24, 15], [23, 16], [22, 17]]
[[27, 2], [27, 3], [27, 4], [26, 5], [27, 6], [27, 7], [27, 8], [28, 9], [28, 10], [28, 11], [27, 12], [26, 13], [25, 13], [24, 14], [23, 15], [22, 16], [22, 17]]
[[27, 2], [27, 3], [27, 4], [27, 5], [26, 6], [27, 7], [27, 8], [27, 9], [28, 9], [27, 10], [26, 11], [26, 12], [26, 13], [25, 12], [24, 13], [23, 13], [24, 14], [23, 15], [22, 16], [23, 17], [22, 17]]
[[27, 2], [27, 3], [26, 3], [27, 4], [28, 5], [28, 6], [28, 7], [29, 8], [28, 8], [29, 9], [28, 10], [28, 11], [29, 12], [28, 13], [28, 14], [27, 15], [26, 16], [25, 16], [25, 17], [24, 17], [23, 16], [22, 17]]
[[27, 2], [27, 3], [28, 4], [29, 5], [28, 6], [27, 7], [28, 8], [29, 8], [28, 9], [27, 10], [26, 11], [26, 12], [26, 13], [25, 14], [25, 13], [24, 14], [24, 15], [23, 15], [23, 16], [22, 17], [22, 16], [22, 17]]
[[27, 2], [26, 3], [25, 3], [26, 4], [26, 5], [26, 6], [26, 7], [27, 8], [27, 9], [27, 10], [28, 10], [28, 11], [27, 12], [26, 11], [25, 12], [25, 13], [25, 14], [24, 13], [23, 14], [24, 15], [23, 16], [22, 17]]
[[27, 2], [28, 2], [27, 3], [28, 4], [27, 5], [27, 6], [26, 7], [27, 8], [28, 8], [28, 9], [27, 10], [27, 11], [27, 12], [28, 13], [28, 14], [29, 15], [28, 16], [27, 15], [26, 15], [25, 16], [24, 17], [23, 18], [22, 17]]
[[27, 2], [26, 3], [27, 3], [27, 4], [26, 4], [27, 5], [28, 6], [28, 7], [27, 7], [27, 8], [27, 9], [26, 10], [27, 11], [26, 12], [26, 13], [27, 13], [28, 12], [29, 13], [28, 14], [28, 15], [27, 15], [26, 16], [25, 16], [24, 15], [25, 15], [24, 14], [24, 15], [23, 16], [22, 17]]
[[27, 2], [26, 2], [25, 3], [24, 2], [24, 1], [25, 0], [24, 0], [23, 0], [24, 1], [23, 2], [24, 3], [25, 4], [24, 4], [25, 5], [25, 4], [26, 5], [26, 6], [27, 6], [28, 6], [29, 6], [28, 7], [29, 8], [28, 8], [28, 9], [28, 8], [27, 9], [27, 10], [26, 10], [25, 11], [24, 12], [24, 13], [23, 13], [24, 12], [24, 13], [24, 12], [24, 13], [23, 13], [22, 12], [22, 13], [23, 13], [24, 14], [24, 15], [25, 14], [24, 13], [24, 14], [23, 15], [22, 16], [22, 17]]
[[27, 2], [27, 1], [26, 1], [25, 1], [24, 2], [25, 1], [25, 2], [25, 1], [26, 0], [25, 1], [25, 0], [24, 1], [23, 1], [22, 2], [21, 2], [20, 3], [19, 2], [18, 3], [19, 3], [18, 4], [18, 5], [17, 5], [17, 6], [17, 5], [18, 6], [17, 6], [18, 6], [19, 6], [20, 6], [19, 6], [18, 5], [18, 4], [18, 3], [19, 2], [20, 2], [21, 3], [21, 4], [22, 5], [21, 6], [21, 5], [21, 4], [22, 5], [22, 4], [23, 5], [23, 4], [24, 4], [25, 4], [25, 3], [26, 4], [25, 5], [24, 5], [24, 6], [24, 7], [23, 8], [23, 7], [24, 7], [23, 8], [24, 9], [25, 10], [26, 11], [25, 10], [24, 11], [24, 10], [24, 11], [24, 12], [23, 13], [22, 14], [21, 15], [20, 14], [19, 13], [18, 14], [17, 14], [18, 15], [19, 15], [20, 16], [20, 17], [21, 16], [20, 15], [20, 16], [19, 17], [20, 18], [21, 18], [22, 17], [21, 17], [22, 17]]
[[27, 2], [27, 1], [26, 1], [25, 0], [24, 0], [23, 1], [22, 1], [21, 2], [22, 2], [22, 3], [23, 2], [24, 2], [25, 3], [26, 4], [25, 4], [25, 5], [24, 6], [23, 5], [22, 5], [22, 6], [21, 5], [21, 4], [20, 5], [21, 6], [22, 7], [23, 7], [22, 8], [23, 8], [24, 9], [24, 8], [24, 7], [23, 6], [24, 5], [24, 4], [24, 3], [23, 4], [22, 4], [21, 3], [20, 3], [20, 4], [19, 3], [18, 3], [19, 4], [18, 5], [17, 4], [17, 5], [16, 5], [17, 6], [16, 7], [16, 6], [15, 6], [14, 7], [15, 8], [14, 9], [14, 8], [15, 9], [16, 8], [16, 9], [16, 10], [16, 11], [15, 12], [15, 13], [15, 14], [16, 14], [17, 15], [18, 14], [18, 13], [17, 13], [17, 14], [18, 15], [18, 16], [19, 16], [20, 17], [21, 17], [21, 18], [20, 19], [20, 18], [21, 19], [22, 19], [23, 18], [24, 18], [23, 19], [24, 19], [25, 19], [26, 19], [27, 19], [27, 18], [28, 19], [29, 19], [28, 18], [29, 18], [28, 17], [27, 16], [27, 15], [28, 16], [29, 15], [28, 14], [29, 13], [28, 13], [29, 12], [28, 12], [27, 13], [26, 14], [26, 15], [25, 14], [24, 14], [24, 15], [25, 16], [26, 16], [27, 17], [26, 17], [25, 17], [24, 17], [23, 17], [22, 18], [22, 17]]
