[[12, 10], [13, 9], [14, 8], [15, 7], [16, 6], [17, 5], [17, 4]]
[[12, 10], [12, 9], [13, 8], [14, 7], [15, 6], [16, 5], [17, 4]]
[[12, 10], [12, 9], [13, 8], [14, 7], [15, 6], [16, 5], [17, 4]]
[[12, 10], [13, 9], [13, 8], [14, 7], [15, 6], [16, 5], [17, 4]]
[[12, 10], [13, 9], [14, 8], [14, 7], [15, 6], [16, 5], [17, 4]]
[[12, 10], [13, 9], [14, 8], [15, 7], [15, 6], [16, 5], [17, 4]]
[[12, 10], [13, 9], [14, 8], [15, 7], [16, 6], [17, 5], [17, 4]]
[[12, 10], [13, 9], [14, 8], [14, 7], [15, 6], [16, 5], [17, 4]]
[[12, 10], [13, 9], [14, 8], [15, 7], [16, 6], [17, 5], [17, 4]]
[[12, 10], [11, 9], [12, 8], [13, 7], [14, 6], [15, 5], [16, 5], [17, 4]]
[[12, 10], [13, 9], [14, 8], [15, 7], [15, 6], [14, 6], [15, 6], [16, 5], [17, 4]]
[[12, 10], [11, 11], [10, 10], [11, 10], [12, 9], [12, 8], [13, 7], [14, 6], [15, 5], [16, 6], [17, 6], [17, 5], [17, 4]]
[[12, 10], [11, 9], [10, 8], [9, 9], [10, 8], [9, 7], [9, 6], [10, 5], [9, 4], [10, 3], [11, 4], [11, 3], [11, 2], [12, 2], [13, 3], [14, 2], [14, 1], [14, 2], [15, 1], [16, 2], [16, 3], [17, 3], [17, 2], [18, 1], [17, 0], [18, 0], [19, 0], [20, 1], [20, 2], [19, 2], [18, 3], [19, 2], [18, 2], [18, 3], [17, 4]]
[[12, 10], [13, 9], [12, 9], [11, 9], [10, 8], [11, 7], [12, 8], [13, 8], [14, 8], [13, 7], [14, 7], [13, 6], [14, 6], [14, 5], [15, 5], [15, 4], [15, 3], [14, 2], [14, 1], [13, 1], [14, 0], [13, 0], [12, 0], [12, 1], [13, 2], [12, 3], [12, 4], [13, 5], [12, 6], [12, 5], [13, 4], [13, 3], [12, 2], [11, 3], [10, 2], [10, 3], [10, 4], [11, 5], [11, 4], [10, 4], [10, 3], [10, 2], [9, 2], [8, 1], [9, 1], [9, 0], [10, 1], [11, 2], [12, 1], [13, 2], [13, 1], [12, 2], [11, 3], [12, 3], [12, 4], [13, 4], [13, 5], [14, 6], [14, 7], [15, 8], [16, 7], [15, 6], [16, 5], [17, 6], [18, 6], [19, 6], [18, 5], [17, 6], [17, 7], [16, 8], [15, 7], [16, 6], [17, 5], [17, 4]]
[[12, 10], [11, 11], [12, 12], [11, 13], [10, 14], [11, 14], [11, 15], [12, 14], [13, 14], [13, 13], [14, 13], [15, 14], [16, 14], [16, 13], [17, 12], [16, 11], [15, 10], [14, 11], [15, 11], [15, 12], [15, 13], [14, 14], [14, 15], [15, 15], [16, 15], [15, 16], [14, 17], [14, 16], [13, 17], [13, 18], [13, 19], [14, 18], [15, 18], [16, 18], [15, 19], [16, 19], [17, 18], [18, 17], [19, 17], [18, 16], [17, 16], [16, 17], [16, 16], [17, 15], [17, 14], [18, 15], [19, 14], [20, 13], [20, 12], [19, 11], [20, 11], [19, 10], [20, 10], [19, 9], [20, 8], [20, 7], [19, 8], [18, 7], [18, 8], [19, 7], [19, 6], [20, 6], [19, 5], [20, 4], [21, 4], [22, 5], [23, 4], [22, 4], [23, 3], [24, 4], [25, 4], [25, 3], [25, 2], [26, 2], [27, 2], [28, 1], [28, 0], [29, 1], [29, 2], [28, 3], [27, 3], [27, 4], [28, 4], [29, 3], [29, 4], [28, 5], [27, 6], [26, 7], [27, 8], [28, 8], [27, 7], [26, 6], [25, 6], [26, 5], [27, 5], [28, 6], [29, 7], [29, 8], [28, 9], [29, 10], [28, 11], [29, 11], [29, 12], [29, 13], [28, 14], [27, 14], [28, 13], [28, 12], [27, 11], [26, 12], [25, 13], [24, 13], [23, 13], [22, 12], [22, 13], [21, 14], [22, 14], [23, 15], [23, 16], [22, 16], [22, 17], [22, 18], [23, 19], [24, 18], [23, 18], [22, 19], [21, 18], [20, 19], [19, 18], [19, 19], [20, 18], [21, 17], [21, 16], [20, 17], [20, 16], [19, 15], [18, 14], [17, 13], [16, 12], [17, 11], [16, 10], [16, 9], [17, 8], [17, 9], [16, 8], [15, 9], [14, 8], [13, 7], [14, 6], [15, 5], [14, 5], [13, 5], [13, 6], [12, 5], [11, 5], [12, 6], [11, 7], [12, 8], [13, 8], [14, 7], [15, 8], [16, 8], [17, 9], [16, 9], [15, 9], [14, 8], [15, 7], [15, 6], [16, 5], [17, 6], [17, 5], [18, 5], [19, 4], [19, 3], [18, 3], [17, 2], [18, 2], [18, 1], [17, 0], [16, 0], [17, 1], [16, 2], [17, 3], [17, 4]]
