[[29, 4], [28, 3], [27, 3], [26, 3], [25, 2], [24, 2], [23, 1], [22, 1], [21, 0], [20, 0], [19, 1], [18, 0]]
[[29, 4], [28, 5], [27, 4], [26, 3], [25, 2], [24, 2], [23, 1], [22, 1], [21, 0], [20, 0], [19, 0], [18, 0]]
[[29, 4], [28, 3], [27, 3], [26, 2], [25, 2], [24, 2], [23, 1], [22, 1], [21, 2], [20, 2], [19, 1], [18, 0]]
[[29, 4], [28, 3], [27, 2], [26, 3], [25, 3], [24, 2], [23, 1], [22, 1], [21, 1], [20, 2], [19, 1], [18, 0]]
[[29, 4], [28, 5], [27, 5], [26, 4], [25, 4], [24, 3], [23, 2], [22, 1], [21, 0], [20, 0], [19, 1], [18, 0]]
[[29, 4], [28, 3], [27, 3], [26, 3], [25, 2], [24, 1], [23, 1], [22, 1], [21, 1], [20, 0], [19, 0], [18, 0]]
[[29, 4], [28, 4], [27, 3], [26, 2], [25, 3], [24, 2], [23, 2], [22, 1], [21, 0], [20, 0], [19, 1], [18, 0]]
[[29, 4], [28, 5], [27, 5], [26, 4], [25, 4], [24, 3], [23, 2], [22, 3], [21, 3], [20, 2], [19, 1], [18, 0]]
[[29, 4], [28, 3], [27, 2], [26, 3], [25, 2], [24, 2], [23, 2], [22, 1], [21, 1], [20, 0], [19, 0], [18, 0]]
[[29, 4], [28, 3], [27, 4], [26, 3], [25, 3], [24, 2], [23, 1], [22, 1], [21, 2], [20, 2], [19, 1], [18, 0]]
[[29, 4], [28, 3], [27, 3], [26, 3], [25, 2], [24, 2], [23, 1], [22, 1], [21, 0], [20, 0], [19, 1], [18, 0]]
[[29, 4], [28, 4], [27, 3], [26, 2], [25, 2], [24, 1], [23, 1], [22, 1], [21, 0], [20, 0], [19, 1], [18, 0]]
[[29, 4], [28, 4], [28, 3], [27, 2], [26, 1], [25, 0], [24, 1], [23, 1], [22, 1], [21, 0], [20, 0], [19, 0], [18, 0]]
[[29, 4], [28, 3], [27, 2], [26, 1], [25, 2], [26, 1], [25, 0], [24, 1], [23, 0], [23, 1], [22, 1], [21, 1], [20, 2], [19, 1], [18, 1], [18, 0]]
[[29, 4], [28, 4], [29, 3], [28, 3], [27, 2], [26, 1], [25, 2], [24, 3], [23, 3], [22, 3], [23, 4], [22, 3], [21, 2], [21, 1], [20, 0], [19, 0], [18, 0]]
[[29, 4], [28, 4], [27, 4], [26, 5], [25, 5], [24, 6], [24, 5], [23, 6], [24, 7], [25, 7], [26, 8], [26, 7], [27, 6], [28, 6], [28, 7], [28, 6], [27, 7], [28, 8], [27, 7], [26, 7], [27, 8], [28, 9], [29, 9], [29, 10], [28, 11], [28, 12], [29, 13], [28, 13], [27, 12], [27, 11], [26, 12], [25, 13], [24, 13], [24, 12], [23, 12], [24, 13], [24, 14], [24, 13], [25, 13], [24, 12], [25, 13], [24, 12], [23, 12], [22, 13], [21, 12], [20, 12], [21, 11], [20, 10], [20, 9], [19, 8], [19, 9], [19, 8], [18, 7], [17, 7], [18, 6], [19, 6], [19, 5], [19, 6], [18, 5], [19, 6], [18, 5], [19, 4], [20, 3], [21, 3], [20, 2], [19, 2], [20, 2], [21, 1], [21, 0], [20, 0], [19, 1], [18, 0]]
[[29, 4], [28, 4], [29, 5], [29, 6], [28, 7], [29, 7], [28, 6], [27, 6], [27, 7], [28, 8], [28, 9], [27, 8], [26, 7], [26, 8], [25, 7], [24, 6], [23, 6], [23, 5], [24, 4], [25, 5], [25, 4], [24, 3], [25, 2], [25, 1], [24, 1], [25, 0], [26, 0], [26, 1], [27, 2], [28, 3], [27, 4], [27, 5], [26, 6], [26, 5], [26, 4], [25, 3], [24, 2], [23, 3], [23, 2], [22, 3], [21, 2], [21, 3], [22, 4], [21, 5], [21, 6], [20, 7], [21, 7], [20, 8], [19, 8], [18, 8], [17, 7], [17, 6], [18, 5], [19, 6], [20, 7], [19, 8], [20, 8], [20, 9], [19, 9], [19, 10], [18, 9], [18, 8], [19, 7], [18, 7], [18, 6], [17, 5], [17, 4], [18, 3], [17, 3], [16, 2], [17, 1], [18, 1], [19, 2], [20, 3], [21, 3], [21, 4], [22, 3], [21, 2], [21, 1], [20, 2], [19, 1], [19, 0], [18, 0]]
