[[13, 7], [14, 7], [15, 7], [16, 6], [17, 6], [18, 5], [19, 6], [20, 6], [21, 7], [22, 7], [23, 8], [24, 9], [25, 9], [26, 10], [27, 11], [28, 12], [27, 13], [28, 14]]
[[13, 7], [14, 7], [15, 6], [16, 7], [17, 7], [18, 7], [19, 8], [20, 8], [21, 7], [22, 7], [23, 7], [24, 8], [25, 9], [26, 10], [27, 11], [28, 12], [27, 13], [28, 14]]
[[13, 7], [14, 6], [15, 7], [16, 7], [17, 7], [18, 7], [19, 6], [20, 7], [21, 8], [22, 8], [23, 7], [24, 8], [25, 9], [26, 10], [27, 11], [26, 12], [27, 13], [28, 14]]
[[13, 7], [14, 7], [15, 7], [16, 6], [17, 6], [18, 5], [19, 6], [20, 6], [21, 7], [22, 7], [23, 8], [24, 9], [25, 9], [26, 10], [27, 11], [28, 12], [27, 13], [28, 14]]
[[13, 7], [14, 8], [15, 8], [16, 9], [17, 9], [18, 9], [19, 9], [20, 10], [21, 9], [22, 9], [23, 8], [24, 9], [25, 10], [26, 10], [27, 11], [28, 12], [27, 13], [28, 14]]
[[13, 7], [14, 6], [15, 6], [16, 7], [17, 8], [18, 9], [19, 8], [20, 7], [21, 8], [22, 9], [23, 9], [24, 9], [25, 9], [26, 10], [27, 11], [27, 12], [27, 13], [28, 14]]
[[13, 7], [14, 6], [15, 5], [16, 4], [17, 4], [18, 4], [19, 4], [20, 5], [21, 6], [22, 7], [23, 8], [24, 9], [25, 10], [26, 10], [27, 11], [27, 12], [28, 13], [28, 14]]
[[13, 7], [14, 7], [15, 8], [16, 7], [17, 8], [18, 9], [19, 9], [20, 10], [21, 9], [22, 8], [23, 9], [24, 9], [25, 10], [26, 10], [27, 11], [27, 12], [28, 13], [28, 14]]
[[13, 7], [14, 6], [15, 6], [16, 5], [17, 6], [18, 7], [19, 8], [20, 7], [21, 8], [22, 7], [23, 8], [24, 9], [25, 9], [26, 10], [27, 11], [28, 12], [28, 13], [28, 14]]
[[13, 7], [14, 6], [15, 6], [16, 6], [17, 6], [18, 7], [19, 6], [20, 6], [21, 7], [22, 7], [23, 8], [24, 8], [25, 9], [26, 10], [27, 11], [28, 12], [28, 13], [28, 14]]
[[13, 7], [14, 7], [15, 6], [16, 7], [17, 8], [18, 9], [19, 9], [20, 8], [21, 8], [22, 7], [23, 7], [24, 8], [25, 9], [26, 10], [27, 11], [27, 12], [27, 13], [28, 14]]
[[13, 7], [14, 8], [15, 8], [16, 8], [17, 9], [18, 9], [19, 8], [20, 8], [21, 9], [22, 9], [23, 8], [24, 9], [25, 10], [26, 10], [27, 11], [26, 12], [27, 13], [28, 14]]
[[13, 7], [14, 8], [15, 8], [16, 8], [17, 8], [18, 7], [19, 6], [20, 6], [21, 7], [22, 8], [23, 8], [24, 9], [25, 9], [26, 10], [27, 11], [28, 12], [28, 13], [28, 14]]
[[13, 7], [14, 8], [15, 7], [16, 6], [17, 6], [18, 7], [19, 8], [20, 9], [21, 8], [22, 8], [23, 9], [24, 9], [25, 9], [26, 10], [27, 11], [27, 12], [28, 13], [28, 14]]
[[13, 7], [14, 8], [15, 8], [16, 7], [17, 7], [18, 7], [19, 8], [20, 8], [21, 7], [22, 8], [23, 8], [24, 8], [25, 9], [26, 10], [27, 11], [26, 12], [27, 13], [28, 14]]
[[13, 7], [14, 8], [15, 8], [16, 7], [17, 8], [18, 7], [19, 6], [20, 7], [21, 7], [22, 7], [23, 7], [24, 8], [25, 9], [26, 10], [27, 11], [28, 12], [28, 13], [28, 14]]
[[13, 7], [14, 8], [15, 7], [16, 7], [17, 7], [18, 7], [19, 7], [20, 6], [21, 7], [22, 8], [23, 9], [24, 9], [25, 9], [26, 9], [27, 10], [28, 11], [28, 12], [27, 13], [28, 14]]
[[13, 7], [14, 7], [15, 7], [16, 7], [16, 6], [17, 7], [18, 7], [19, 8], [20, 7], [21, 7], [22, 8], [23, 8], [24, 9], [25, 9], [26, 10], [27, 11], [27, 12], [28, 13], [28, 14]]
[[13, 7], [14, 8], [14, 9], [13, 10], [14, 10], [15, 9], [16, 8], [17, 9], [18, 10], [19, 9], [20, 8], [21, 9], [22, 9], [23, 8], [24, 9], [25, 10], [26, 10], [27, 11], [26, 12], [27, 13], [28, 14]]
[[13, 7], [14, 6], [15, 7], [14, 7], [15, 8], [16, 9], [17, 8], [18, 7], [19, 7], [20, 8], [21, 7], [22, 8], [23, 7], [24, 8], [25, 8], [26, 9], [27, 10], [28, 11], [28, 12], [28, 13], [28, 14]]
