[[6, 5], [7, 6], [8, 6], [9, 7], [10, 8], [11, 9], [10, 10]]
[[6, 5], [7, 5], [8, 6], [9, 7], [10, 8], [11, 9], [10, 10]]
[[6, 5], [7, 6], [8, 7], [9, 7], [10, 8], [11, 9], [10, 10]]
[[6, 5], [7, 5], [8, 6], [9, 7], [10, 8], [11, 9], [10, 10]]
[[6, 5], [7, 6], [8, 6], [9, 7], [10, 8], [10, 9], [10, 10]]
[[6, 5], [7, 6], [8, 7], [9, 7], [10, 8], [10, 9], [10, 10]]
[[6, 5], [7, 6], [8, 6], [9, 7], [10, 8], [11, 9], [10, 10]]
[[6, 5], [7, 6], [8, 7], [9, 7], [10, 8], [10, 9], [10, 10]]
[[6, 5], [7, 5], [8, 6], [9, 7], [10, 8], [11, 9], [10, 10]]
[[6, 5], [7, 6], [8, 7], [9, 7], [10, 8], [10, 9], [10, 10]]
[[6, 5], [7, 5], [8, 6], [9, 7], [10, 8], [10, 9], [10, 10]]
[[6, 5], [7, 6], [8, 7], [9, 7], [10, 8], [11, 9], [10, 10]]
[[6, 5], [7, 5], [8, 6], [9, 7], [10, 8], [10, 9], [10, 10]]
[[6, 5], [7, 6], [8, 7], [9, 7], [10, 8], [11, 9], [10, 10]]
[[6, 5], [6, 6], [7, 7], [8, 8], [7, 9], [8, 10], [9, 10], [10, 10]]
[[6, 5], [7, 4], [8, 3], [9, 4], [9, 5], [10, 6], [11, 7], [12, 8], [11, 9], [10, 10]]
[[6, 5], [6, 4], [7, 5], [8, 6], [9, 7], [10, 7], [11, 8], [12, 9], [11, 10], [10, 10]]
[[6, 5], [6, 6], [5, 5], [5, 6], [4, 7], [5, 8], [6, 7], [6, 8], [7, 9], [8, 10], [9, 10], [10, 11], [10, 10]]
[[6, 5], [7, 6], [6, 6], [5, 6], [4, 7], [5, 6], [4, 5], [4, 6], [5, 7], [6, 8], [7, 9], [8, 10], [9, 11], [10, 10]]
[[6, 5], [7, 5], [7, 6], [8, 7], [8, 6], [9, 7], [10, 7], [11, 7], [11, 8], [10, 8], [11, 8], [10, 8], [11, 9], [10, 10]]
