[[14, 14], [15, 13], [16, 12], [17, 11], [17, 10], [18, 9], [18, 8], [19, 7], [20, 6], [20, 5], [21, 4], [22, 3], [21, 2], [21, 1], [20, 0]]
[[14, 14], [15, 13], [16, 12], [17, 11], [18, 10], [18, 9], [17, 8], [16, 7], [16, 6], [16, 5], [17, 4], [18, 3], [19, 2], [19, 1], [20, 0]]
[[14, 14], [15, 13], [16, 12], [16, 11], [16, 10], [17, 9], [18, 8], [19, 7], [18, 6], [18, 5], [18, 4], [19, 3], [18, 2], [19, 1], [20, 0]]
[[14, 14], [15, 13], [16, 12], [17, 11], [17, 10], [18, 9], [18, 8], [19, 7], [20, 6], [20, 5], [21, 4], [22, 3], [21, 2], [20, 1], [20, 0]]
[[14, 14], [15, 13], [15, 12], [16, 11], [17, 10], [17, 9], [16, 8], [16, 7], [16, 6], [16, 5], [17, 4], [17, 3], [18, 2], [19, 1], [20, 0]]
[[14, 14], [15, 13], [16, 12], [17, 11], [17, 10], [16, 9], [15, 8], [16, 7], [17, 6], [18, 5], [17, 4], [18, 3], [18, 2], [19, 1], [20, 0]]
[[14, 14], [15, 13], [16, 12], [16, 11], [17, 10], [18, 9], [18, 8], [18, 7], [18, 6], [18, 5], [18, 4], [17, 3], [18, 2], [19, 1], [20, 0]]
[[14, 14], [14, 13], [15, 12], [16, 11], [16, 10], [15, 9], [15, 8], [16, 7], [17, 6], [18, 5], [18, 4], [18, 3], [18, 2], [19, 1], [20, 0]]
[[14, 14], [15, 13], [16, 12], [17, 11], [17, 10], [18, 9], [18, 8], [19, 7], [20, 6], [20, 5], [21, 4], [22, 3], [21, 2], [21, 1], [20, 0]]
[[14, 14], [15, 13], [15, 12], [16, 11], [17, 10], [17, 9], [18, 8], [19, 7], [20, 6], [20, 5], [20, 4], [20, 3], [19, 2], [20, 1], [20, 0]]
[[14, 14], [15, 13], [16, 12], [17, 11], [16, 10], [17, 9], [18, 8], [19, 7], [20, 6], [20, 5], [19, 4], [19, 3], [19, 2], [20, 1], [20, 0]]
[[14, 14], [15, 13], [16, 12], [17, 11], [18, 10], [18, 9], [17, 8], [16, 7], [16, 6], [17, 5], [18, 4], [17, 3], [18, 2], [19, 1], [20, 0]]
[[14, 14], [15, 13], [15, 12], [16, 11], [16, 10], [16, 9], [16, 8], [16, 7], [16, 6], [17, 5], [18, 4], [19, 3], [18, 2], [18, 1], [19, 1], [20, 0]]
[[14, 14], [15, 13], [16, 12], [17, 11], [17, 10], [18, 9], [19, 8], [18, 8], [19, 7], [18, 6], [18, 5], [19, 4], [19, 3], [19, 2], [19, 1], [20, 0]]
[[14, 14], [15, 13], [16, 13], [17, 12], [16, 11], [17, 10], [18, 9], [19, 8], [18, 7], [18, 6], [18, 5], [18, 4], [18, 3], [19, 2], [19, 1], [20, 0]]
[[14, 14], [15, 13], [16, 12], [17, 11], [16, 10], [16, 9], [17, 8], [16, 7], [16, 6], [17, 5], [16, 4], [17, 3], [18, 3], [17, 2], [18, 2], [17, 3], [18, 2], [19, 1], [20, 0]]
[[14, 14], [15, 13], [16, 12], [16, 11], [16, 10], [15, 9], [16, 8], [16, 7], [15, 6], [16, 5], [17, 4], [17, 3], [18, 2], [17, 2], [18, 3], [17, 2], [18, 1], [19, 1], [20, 0]]
[[14, 14], [14, 13], [15, 13], [15, 12], [16, 11], [16, 10], [17, 9], [17, 8], [18, 7], [17, 6], [18, 6], [17, 5], [17, 4], [18, 4], [19, 3], [18, 3], [19, 2], [20, 1], [20, 0]]
[[14, 14], [14, 13], [15, 12], [16, 12], [16, 11], [17, 10], [17, 11], [18, 10], [19, 9], [20, 8], [21, 7], [20, 6], [20, 5], [21, 4], [21, 3], [21, 2], [20, 1], [19, 1], [20, 0]]
[[14, 14], [15, 15], [16, 14], [16, 13], [16, 14], [17, 13], [18, 13], [17, 12], [18, 11], [17, 11], [18, 10], [18, 9], [18, 10], [19, 9], [18, 8], [19, 7], [18, 7], [18, 6], [18, 5], [19, 4], [20, 3], [19, 2], [19, 1], [19, 0], [20, 1], [19, 0], [20, 0], [21, 0], [20, 0]]
