[[9, 13], [10, 12], [11, 11], [12, 10], [13, 9], [14, 9], [15, 10], [16, 10], [17, 9], [18, 10], [19, 10], [20, 9], [21, 8], [22, 7], [23, 6], [24, 5], [25, 4], [26, 3], [27, 2], [28, 1]]
[[9, 13], [10, 12], [11, 13], [12, 12], [13, 11], [14, 12], [15, 11], [16, 10], [17, 10], [18, 10], [19, 9], [20, 8], [21, 8], [22, 7], [23, 6], [24, 5], [25, 4], [26, 3], [27, 2], [28, 1]]
[[9, 13], [10, 13], [11, 12], [12, 11], [13, 11], [14, 11], [15, 11], [16, 10], [17, 11], [18, 11], [19, 10], [20, 9], [21, 8], [22, 7], [23, 6], [24, 5], [25, 4], [26, 3], [27, 2], [28, 1]]
[[9, 13], [10, 13], [11, 12], [12, 11], [13, 10], [14, 11], [15, 10], [16, 10], [17, 10], [18, 9], [19, 9], [20, 9], [21, 8], [22, 7], [23, 6], [24, 5], [25, 4], [26, 3], [27, 2], [28, 1]]
[[9, 13], [10, 12], [11, 11], [12, 10], [13, 9], [14, 9], [15, 10], [16, 10], [17, 9], [18, 10], [19, 10], [20, 9], [21, 8], [22, 7], [23, 6], [24, 5], [25, 4], [26, 3], [27, 2], [28, 1]]
[[9, 13], [10, 14], [11, 13], [12, 13], [13, 12], [14, 12], [15, 11], [16, 11], [17, 10], [18, 9], [19, 9], [20, 9], [21, 8], [22, 7], [23, 6], [24, 5], [25, 4], [26, 3], [27, 2], [28, 1]]
[[9, 13], [10, 14], [11, 13], [12, 13], [13, 12], [14, 11], [15, 11], [16, 12], [17, 11], [18, 10], [19, 9], [20, 9], [21, 8], [22, 7], [23, 6], [24, 5], [25, 4], [26, 3], [27, 2], [28, 1]]
[[9, 13], [10, 12], [11, 11], [12, 12], [13, 12], [14, 11], [15, 11], [16, 10], [17, 9], [18, 10], [19, 10], [20, 9], [21, 8], [22, 7], [23, 6], [24, 5], [25, 4], [26, 3], [27, 2], [28, 1]]
[[9, 13], [10, 14], [11, 13], [12, 12], [13, 11], [14, 11], [15, 11], [16, 11], [17, 10], [18, 9], [19, 9], [20, 8], [21, 8], [22, 7], [23, 6], [24, 5], [25, 4], [26, 3], [27, 2], [28, 1]]
[[9, 13], [10, 12], [11, 11], [12, 10], [13, 9], [14, 9], [15, 10], [16, 10], [17, 9], [18, 10], [19, 10], [20, 9], [21, 8], [22, 7], [23, 6], [24, 5], [25, 4], [26, 3], [27, 2], [28, 1]]
[[9, 13], [10, 12], [11, 12], [12, 11], [13, 10], [14, 9], [15, 10], [16, 11], [17, 10], [18, 10], [19, 9], [20, 8], [21, 8], [22, 7], [23, 6], [24, 5], [25, 4], [26, 3], [27, 2], [28, 1]]
[[9, 13], [10, 12], [11, 11], [12, 10], [13, 9], [14, 9], [15, 10], [16, 10], [17, 9], [18, 10], [19, 9], [20, 9], [21, 8], [22, 7], [23, 6], [24, 5], [25, 4], [26, 3], [27, 2], [28, 1]]
[[9, 13], [10, 12], [11, 11], [12, 11], [13, 11], [14, 11], [15, 10], [16, 9], [17, 10], [18, 9], [19, 9], [20, 9], [21, 8], [22, 7], [23, 6], [24, 5], [25, 4], [26, 3], [27, 2], [28, 1]]
[[9, 13], [10, 12], [11, 11], [12, 11], [13, 12], [14, 11], [15, 11], [16, 10], [17, 9], [18, 10], [19, 10], [20, 9], [21, 8], [22, 7], [23, 6], [24, 5], [25, 4], [26, 3], [27, 2], [28, 1]]
[[9, 13], [10, 12], [11, 12], [12, 12], [13, 12], [14, 11], [15, 10], [16, 11], [17, 11], [18, 11], [19, 10], [20, 9], [21, 8], [22, 7], [23, 6], [24, 5], [25, 4], [26, 3], [27, 2], [28, 1]]
[[9, 13], [10, 13], [11, 13], [12, 13], [13, 12], [14, 11], [15, 10], [16, 11], [17, 11], [18, 11], [19, 10], [20, 9], [21, 8], [22, 7], [23, 6], [24, 5], [25, 4], [26, 3], [27, 2], [28, 1]]
[[9, 13], [10, 12], [11, 13], [12, 13], [13, 12], [14, 11], [15, 10], [16, 9], [17, 10], [18, 9], [19, 10], [20, 9], [21, 8], [22, 7], [23, 6], [24, 5], [25, 4], [26, 4], [26, 3], [27, 2], [28, 1]]
[[9, 13], [10, 12], [11, 12], [12, 11], [13, 12], [14, 11], [15, 10], [16, 10], [17, 9], [18, 9], [19, 9], [20, 9], [21, 8], [22, 7], [23, 6], [24, 5], [24, 4], [24, 3], [25, 2], [26, 1], [27, 2], [28, 1]]
[[9, 13], [10, 12], [11, 12], [11, 11], [12, 11], [13, 10], [14, 11], [15, 11], [16, 10], [17, 9], [18, 8], [19, 9], [20, 8], [21, 9], [22, 8], [22, 7], [22, 6], [23, 5], [24, 4], [25, 4], [26, 3], [27, 2], [28, 1]]
[[9, 13], [10, 12], [10, 11], [11, 10], [12, 11], [13, 11], [14, 11], [15, 12], [16, 11], [17, 10], [17, 11], [18, 10], [19, 10], [20, 9], [21, 8], [22, 7], [23, 6], [24, 5], [23, 5], [24, 6], [25, 5], [26, 4], [27, 3], [27, 2], [28, 2], [28, 1]]
