[[16, 11], [17, 10], [18, 10], [19, 11], [20, 12], [21, 12]]
[[16, 11], [17, 11], [18, 10], [19, 11], [20, 11], [21, 12]]
[[16, 11], [17, 11], [18, 10], [19, 11], [20, 11], [21, 12]]
[[16, 11], [17, 10], [18, 10], [19, 11], [20, 12], [21, 12]]
[[16, 11], [17, 10], [18, 9], [19, 10], [20, 11], [21, 12]]
[[16, 11], [17, 11], [18, 12], [19, 11], [20, 11], [21, 12]]
[[16, 11], [17, 10], [18, 9], [19, 10], [20, 11], [21, 12]]
[[16, 11], [17, 10], [18, 9], [19, 10], [20, 11], [21, 11], [21, 12]]
[[16, 11], [16, 10], [17, 9], [18, 10], [19, 10], [20, 11], [21, 12]]
[[16, 11], [17, 12], [17, 13], [18, 12], [19, 13], [20, 13], [21, 12]]
[[16, 11], [16, 10], [16, 11], [17, 11], [17, 10], [18, 9], [18, 10], [19, 10], [20, 11], [21, 12]]
[[16, 11], [16, 10], [17, 9], [18, 9], [19, 8], [19, 9], [20, 10], [19, 11], [19, 10], [20, 11], [19, 12], [20, 12], [20, 13], [21, 13], [21, 12]]
[[16, 11], [15, 12], [16, 13], [15, 14], [14, 13], [15, 13], [15, 14], [14, 15], [14, 16], [15, 17], [15, 18], [15, 19], [16, 19], [16, 18], [15, 18], [14, 17], [13, 17], [12, 17], [12, 16], [13, 15], [14, 16], [15, 17], [16, 18], [17, 17], [18, 18], [19, 18], [20, 18], [20, 17], [20, 16], [19, 15], [20, 15], [21, 14], [22, 13], [22, 12], [21, 12], [22, 11], [21, 12]]
[[16, 11], [17, 11], [18, 12], [19, 13], [19, 12], [18, 13], [17, 12], [16, 13], [16, 14], [15, 13], [14, 13], [14, 14], [13, 14], [14, 15], [15, 16], [15, 17], [14, 18], [14, 19], [13, 19], [13, 18], [12, 17], [12, 18], [12, 19], [11, 18], [11, 19], [10, 18], [9, 17], [10, 16], [9, 16], [9, 15], [8, 14], [7, 13], [7, 14], [6, 15], [7, 16], [6, 17], [5, 16], [4, 17], [4, 16], [3, 17], [3, 16], [2, 16], [2, 17], [1, 16], [0, 17], [0, 18], [1, 18], [2, 19], [1, 19], [2, 18], [3, 18], [3, 19], [4, 18], [5, 17], [6, 16], [7, 15], [6, 14], [6, 13], [7, 12], [8, 12], [8, 13], [9, 13], [10, 14], [11, 13], [11, 12], [11, 11], [10, 10], [9, 10], [8, 10], [9, 11], [10, 12], [10, 11], [11, 10], [12, 10], [12, 11], [12, 12], [13, 13], [12, 14], [13, 15], [14, 16], [15, 15], [15, 14], [16, 15], [17, 14], [18, 15], [17, 15], [18, 16], [17, 17], [16, 17], [16, 16], [17, 16], [18, 17], [19, 17], [20, 18], [21, 19], [22, 19], [23, 19], [24, 18], [23, 18], [24, 17], [24, 16], [24, 15], [23, 14], [22, 13], [21, 12]]
