[[28, 15], [27, 14], [26, 13], [25, 12], [24, 12], [23, 11], [22, 11], [21, 11], [20, 10], [19, 11], [18, 11], [17, 10], [16, 10]]
[[28, 15], [27, 15], [26, 14], [25, 13], [24, 12], [23, 12], [22, 12], [21, 12], [20, 11], [19, 11], [18, 11], [17, 10], [16, 10]]
[[28, 15], [27, 14], [26, 13], [25, 12], [24, 11], [23, 12], [22, 11], [21, 11], [20, 10], [19, 10], [18, 10], [17, 10], [16, 10]]
[[28, 15], [27, 14], [26, 13], [25, 12], [24, 11], [23, 10], [22, 11], [21, 10], [20, 11], [19, 10], [18, 11], [17, 11], [16, 10]]
[[28, 15], [27, 14], [26, 13], [25, 12], [24, 12], [23, 11], [22, 11], [21, 11], [20, 10], [19, 11], [18, 11], [17, 10], [16, 10]]
[[28, 15], [27, 14], [26, 13], [25, 12], [24, 11], [23, 10], [22, 11], [21, 10], [20, 11], [19, 10], [18, 11], [17, 11], [16, 10]]
[[28, 15], [27, 15], [26, 14], [25, 13], [24, 12], [23, 13], [22, 12], [21, 13], [20, 12], [19, 11], [18, 10], [17, 11], [16, 10]]
[[28, 15], [27, 14], [26, 13], [25, 13], [24, 12], [23, 12], [22, 12], [21, 11], [20, 10], [19, 11], [18, 11], [17, 11], [16, 10]]
[[28, 15], [27, 14], [26, 13], [25, 13], [24, 12], [23, 12], [22, 11], [21, 11], [20, 11], [19, 11], [18, 10], [17, 10], [16, 10]]
[[28, 15], [27, 14], [26, 13], [25, 12], [24, 12], [23, 11], [22, 12], [21, 11], [20, 10], [19, 11], [18, 11], [17, 11], [16, 10]]
[[28, 15], [27, 14], [26, 13], [25, 12], [24, 12], [23, 12], [22, 12], [21, 11], [20, 10], [19, 10], [18, 9], [17, 10], [16, 10]]
[[28, 15], [27, 14], [26, 13], [25, 12], [24, 11], [23, 10], [22, 9], [21, 10], [20, 10], [19, 11], [18, 11], [17, 10], [16, 10]]
[[28, 15], [27, 15], [26, 14], [25, 13], [24, 12], [23, 11], [22, 12], [21, 11], [20, 10], [19, 11], [18, 11], [17, 11], [16, 10]]
[[28, 15], [27, 14], [26, 13], [25, 12], [24, 12], [23, 11], [22, 11], [21, 10], [21, 9], [20, 8], [19, 9], [18, 10], [17, 11], [16, 10]]
[[28, 15], [27, 14], [26, 14], [25, 13], [24, 12], [23, 11], [23, 10], [22, 11], [21, 10], [20, 10], [19, 9], [18, 10], [18, 11], [17, 11], [17, 10], [16, 10]]
[[28, 15], [27, 14], [26, 13], [26, 12], [25, 12], [26, 13], [25, 12], [24, 11], [24, 10], [23, 9], [22, 8], [21, 8], [20, 9], [19, 9], [18, 10], [17, 9], [16, 10]]
[[28, 15], [27, 14], [27, 13], [28, 13], [27, 13], [26, 12], [25, 11], [24, 11], [23, 10], [23, 9], [24, 9], [23, 8], [22, 8], [21, 8], [20, 9], [19, 9], [18, 8], [17, 8], [17, 9], [16, 10]]
[[28, 15], [29, 14], [28, 13], [27, 12], [26, 13], [25, 12], [24, 12], [23, 11], [24, 11], [23, 10], [22, 11], [21, 11], [20, 10], [21, 10], [20, 9], [19, 8], [19, 9], [18, 10], [19, 10], [18, 9], [17, 10], [17, 11], [16, 10]]
[[28, 15], [29, 16], [28, 17], [27, 17], [27, 18], [27, 17], [28, 16], [29, 15], [29, 14], [29, 13], [28, 12], [27, 11], [27, 12], [26, 11], [25, 11], [26, 12], [25, 13], [26, 13], [25, 14], [24, 14], [23, 13], [23, 14], [22, 15], [22, 14], [21, 15], [20, 15], [21, 14], [20, 14], [21, 13], [22, 13], [23, 12], [22, 11], [23, 11], [24, 12], [24, 11], [23, 10], [23, 9], [22, 8], [21, 8], [20, 8], [21, 9], [21, 10], [21, 11], [20, 10], [19, 11], [20, 12], [19, 12], [18, 11], [17, 12], [17, 13], [18, 13], [19, 13], [18, 14], [19, 15], [19, 14], [18, 15], [17, 14], [16, 13], [17, 14], [18, 13], [19, 13], [19, 12], [18, 12], [18, 11], [18, 10], [17, 11], [16, 10]]
[[28, 15], [29, 16], [29, 15], [29, 14], [28, 14], [27, 13], [26, 13], [26, 14], [27, 14], [27, 15], [26, 16], [27, 16], [26, 17], [25, 17], [24, 16], [23, 16], [22, 17], [22, 18], [21, 19], [20, 19], [20, 18], [20, 17], [19, 16], [18, 16], [19, 15], [19, 14], [20, 14], [20, 15], [21, 14], [22, 13], [23, 12], [24, 11], [25, 11], [24, 10], [23, 9], [22, 9], [22, 8], [21, 8], [21, 9], [20, 8], [21, 7], [22, 6], [23, 5], [22, 4], [22, 3], [23, 2], [24, 3], [25, 2], [24, 2], [25, 3], [26, 3], [27, 3], [28, 4], [27, 5], [27, 4], [28, 5], [27, 6], [27, 7], [26, 6], [25, 6], [26, 7], [25, 7], [24, 6], [23, 6], [22, 5], [21, 4], [20, 4], [19, 3], [19, 4], [20, 3], [20, 2], [21, 1], [21, 0], [20, 0], [19, 1], [19, 0], [18, 0], [17, 1], [16, 2], [16, 3], [17, 2], [17, 3], [18, 4], [17, 4], [16, 4], [15, 3], [14, 3], [13, 3], [12, 4], [13, 4], [14, 4], [15, 4], [14, 5], [13, 6], [12, 5], [12, 6], [11, 7], [12, 7], [11, 8], [10, 8], [9, 9], [10, 10], [10, 9], [9, 8], [9, 7], [10, 6], [11, 6], [10, 5], [9, 5], [8, 6], [8, 5], [7, 6], [6, 5], [7, 4], [6, 3], [5, 2], [5, 3], [4, 2], [4, 1], [3, 2], [2, 2], [1, 2], [0, 1], [0, 0], [1, 1], [2, 0], [1, 0], [2, 1], [1, 1], [2, 0], [3, 0], [4, 0], [5, 1], [4, 1], [5, 0], [6, 1], [6, 0], [7, 0], [8, 0], [9, 1], [9, 2], [10, 3], [10, 2], [10, 1], [11, 2], [11, 3], [12, 3], [12, 2], [13, 1], [12, 1], [13, 2], [13, 3], [14, 2], [14, 1], [14, 0], [15, 1], [16, 1], [17, 1], [18, 0], [19, 0], [20, 1], [19, 1], [20, 2], [20, 3], [21, 4], [22, 3], [22, 4], [22, 5], [22, 6], [23, 5], [24, 4], [25, 3], [26, 3], [27, 3], [27, 4], [27, 5], [27, 6], [28, 5], [28, 6], [29, 5], [28, 4], [29, 3], [28, 3], [29, 2], [28, 2], [28, 1], [27, 1], [26, 1], [26, 2], [25, 2], [24, 3], [25, 4], [26, 4], [25, 5], [25, 6], [24, 6], [23, 6], [23, 7], [22, 8], [21, 9], [21, 10], [22, 9], [23, 10], [22, 11], [21, 11], [20, 10], [20, 11], [19, 10], [18, 10], [19, 11], [18, 12], [18, 11], [17, 12], [17, 13], [18, 14], [19, 15], [18, 16], [18, 17], [17, 16], [17, 15], [17, 14], [16, 15], [15, 14], [16, 13], [15, 12], [14, 13], [14, 12], [13, 11], [13, 10], [14, 11], [15, 10], [14, 10], [14, 9], [15, 9], [14, 8], [15, 7], [16, 8], [17, 8], [17, 7], [18, 8], [18, 9], [17, 10], [17, 11], [16, 10]]
