[[7, 4], [6, 3], [5, 2], [4, 3], [3, 3]]
[[7, 4], [6, 3], [5, 4], [4, 3], [3, 3]]
[[7, 4], [6, 3], [5, 2], [4, 2], [3, 3]]
[[7, 4], [6, 3], [5, 2], [4, 2], [3, 3]]
[[7, 4], [6, 3], [5, 2], [4, 3], [3, 3]]
[[7, 4], [6, 4], [5, 4], [4, 3], [3, 3]]
[[7, 4], [6, 3], [5, 2], [4, 3], [3, 3]]
[[7, 4], [6, 4], [5, 3], [4, 3], [3, 3]]
[[7, 4], [6, 3], [5, 3], [4, 2], [3, 3]]
[[7, 4], [6, 5], [5, 4], [4, 3], [3, 3]]
[[7, 4], [6, 3], [5, 4], [4, 3], [3, 3]]
[[7, 4], [6, 5], [5, 4], [4, 3], [3, 3]]
[[7, 4], [6, 3], [6, 2], [5, 3], [4, 3], [3, 3]]
[[7, 4], [7, 5], [6, 5], [5, 4], [4, 3], [3, 3]]
[[7, 4], [7, 3], [6, 2], [5, 2], [4, 2], [3, 3]]
[[7, 4], [7, 3], [6, 3], [5, 3], [4, 2], [3, 3]]
[[7, 4], [6, 5], [5, 5], [5, 4], [4, 3], [3, 3]]
[[7, 4], [6, 5], [7, 4], [7, 5], [7, 4], [6, 3], [5, 4], [6, 3], [6, 2], [5, 1], [4, 1], [3, 2], [2, 1], [3, 0], [2, 0], [2, 1], [1, 2], [2, 2], [1, 3], [2, 4], [1, 4], [1, 5], [1, 6], [2, 5], [3, 6], [2, 7], [3, 7], [3, 8], [2, 9], [1, 9], [2, 10], [1, 9], [0, 8], [1, 7], [0, 6], [1, 5], [2, 4], [3, 3]]
