[[29, 7], [28, 8], [29, 9], [29, 10], [28, 11], [27, 12], [26, 13], [25, 14], [24, 15], [23, 16], [22, 15]]
[[29, 7], [29, 8], [28, 9], [27, 10], [26, 11], [25, 12], [26, 13], [25, 14], [24, 15], [23, 16], [22, 15]]
[[29, 7], [29, 8], [28, 9], [27, 10], [28, 11], [27, 12], [26, 13], [25, 14], [24, 15], [23, 16], [22, 15]]
[[29, 7], [28, 8], [27, 9], [26, 10], [26, 11], [25, 12], [24, 13], [25, 14], [24, 15], [23, 15], [22, 15]]
[[29, 7], [28, 8], [29, 9], [29, 10], [28, 11], [27, 12], [26, 13], [25, 14], [24, 15], [23, 16], [22, 15]]
[[29, 7], [29, 8], [28, 9], [27, 10], [26, 11], [25, 12], [26, 13], [25, 14], [24, 15], [23, 16], [22, 15]]
[[29, 7], [28, 8], [27, 9], [26, 10], [26, 11], [25, 12], [24, 13], [25, 14], [24, 15], [23, 16], [22, 15]]
[[29, 7], [28, 8], [28, 9], [27, 10], [26, 11], [25, 12], [24, 13], [25, 14], [24, 15], [23, 15], [22, 15]]
[[29, 7], [28, 8], [27, 9], [26, 10], [27, 11], [27, 12], [26, 13], [25, 14], [24, 15], [23, 15], [22, 15]]
[[29, 7], [29, 8], [29, 9], [29, 10], [28, 11], [27, 12], [26, 13], [25, 14], [24, 15], [23, 15], [22, 15]]
[[29, 7], [29, 8], [29, 9], [29, 10], [28, 11], [27, 12], [26, 13], [25, 14], [24, 15], [23, 15], [22, 15]]
[[29, 7], [29, 8], [28, 9], [27, 10], [26, 11], [25, 12], [24, 13], [25, 14], [24, 15], [23, 16], [22, 15]]
[[29, 7], [29, 8], [28, 9], [29, 10], [28, 11], [27, 12], [26, 13], [25, 14], [24, 15], [23, 16], [22, 15]]
[[29, 7], [28, 8], [27, 9], [27, 10], [27, 11], [27, 12], [26, 13], [25, 14], [24, 15], [23, 16], [22, 15]]
[[29, 7], [28, 8], [29, 9], [29, 10], [28, 11], [27, 12], [26, 13], [25, 14], [24, 15], [23, 15], [22, 15]]
[[29, 7], [29, 8], [28, 9], [27, 10], [27, 11], [27, 12], [26, 13], [25, 14], [24, 15], [23, 16], [22, 15]]
[[29, 7], [28, 8], [27, 9], [27, 10], [26, 11], [25, 12], [24, 13], [25, 14], [24, 15], [23, 16], [22, 15]]
[[29, 7], [29, 8], [29, 9], [29, 10], [28, 11], [27, 12], [26, 13], [25, 13], [25, 14], [24, 15], [23, 15], [22, 15]]
[[29, 7], [29, 8], [28, 9], [29, 10], [28, 11], [27, 12], [27, 13], [26, 14], [25, 15], [24, 16], [23, 16], [22, 15]]
[[29, 7], [29, 8], [28, 9], [27, 10], [27, 11], [27, 12], [27, 13], [26, 14], [25, 15], [24, 16], [23, 15], [22, 15]]
