[[13, 4], [14, 5], [15, 6], [16, 6], [17, 5], [18, 6], [19, 7], [20, 6], [21, 5], [22, 4], [23, 3], [24, 4], [25, 5], [26, 6]]
[[13, 4], [14, 5], [15, 6], [16, 7], [17, 6], [18, 7], [19, 6], [20, 5], [21, 4], [22, 3], [23, 4], [24, 4], [25, 5], [26, 6]]
[[13, 4], [14, 5], [15, 6], [16, 7], [17, 7], [18, 8], [19, 7], [20, 7], [21, 7], [22, 6], [23, 6], [24, 7], [25, 7], [26, 6]]
[[13, 4], [14, 4], [15, 4], [16, 5], [17, 5], [18, 5], [19, 6], [20, 7], [21, 6], [22, 5], [23, 6], [24, 7], [25, 6], [26, 6]]
[[13, 4], [14, 5], [15, 6], [16, 6], [17, 5], [18, 6], [19, 7], [20, 6], [21, 5], [22, 4], [23, 3], [24, 4], [25, 5], [26, 6]]
[[13, 4], [14, 5], [15, 6], [16, 5], [17, 5], [18, 4], [19, 5], [20, 5], [21, 5], [22, 5], [23, 6], [24, 6], [25, 6], [26, 6]]
[[13, 4], [14, 5], [15, 6], [16, 6], [17, 5], [18, 4], [19, 4], [20, 3], [21, 3], [22, 3], [23, 4], [24, 5], [25, 5], [26, 6]]
[[13, 4], [14, 5], [15, 6], [16, 7], [17, 6], [18, 6], [19, 6], [20, 6], [21, 7], [22, 6], [23, 5], [24, 6], [25, 5], [26, 6]]
[[13, 4], [14, 5], [15, 6], [16, 7], [17, 7], [18, 6], [19, 6], [20, 5], [21, 4], [22, 4], [23, 5], [24, 4], [25, 5], [26, 6]]
[[13, 4], [14, 5], [15, 6], [16, 7], [17, 8], [17, 9], [18, 8], [19, 7], [20, 7], [21, 7], [22, 6], [23, 7], [24, 7], [25, 7], [26, 6]]
[[13, 4], [14, 5], [15, 6], [16, 7], [17, 7], [18, 6], [18, 5], [19, 4], [20, 5], [21, 6], [22, 6], [23, 7], [24, 6], [25, 7], [26, 6]]
[[13, 4], [14, 5], [15, 6], [16, 7], [17, 6], [18, 5], [19, 4], [20, 4], [21, 4], [22, 5], [23, 6], [24, 6], [25, 5], [26, 5], [26, 6]]
[[13, 4], [14, 5], [15, 6], [16, 6], [16, 5], [17, 6], [18, 6], [19, 6], [20, 7], [21, 6], [22, 6], [23, 5], [24, 4], [23, 4], [24, 5], [25, 6], [26, 6]]
[[13, 4], [14, 5], [15, 6], [16, 7], [17, 6], [17, 7], [18, 7], [19, 8], [20, 9], [20, 8], [21, 8], [22, 8], [23, 7], [23, 6], [24, 6], [25, 7], [26, 6]]
[[13, 4], [13, 5], [14, 6], [14, 7], [15, 6], [15, 7], [16, 7], [17, 8], [18, 8], [18, 7], [19, 6], [20, 7], [21, 8], [22, 8], [23, 8], [24, 8], [25, 7], [26, 6]]
[[13, 4], [14, 5], [15, 6], [15, 7], [16, 6], [17, 7], [16, 6], [17, 7], [18, 6], [19, 6], [20, 6], [21, 7], [22, 8], [23, 7], [23, 8], [24, 9], [25, 8], [25, 7], [26, 6]]
[[13, 4], [14, 5], [15, 6], [16, 7], [17, 8], [18, 7], [18, 6], [19, 7], [19, 6], [20, 6], [21, 6], [20, 5], [21, 6], [20, 7], [21, 6], [21, 7], [22, 8], [23, 7], [24, 8], [24, 7], [25, 7], [26, 6]]
[[13, 4], [12, 5], [13, 5], [14, 5], [14, 6], [13, 7], [14, 6], [15, 7], [16, 6], [17, 6], [16, 7], [17, 7], [18, 6], [19, 7], [18, 6], [19, 6], [20, 6], [19, 7], [20, 8], [20, 9], [21, 9], [22, 9], [23, 9], [24, 8], [25, 7], [24, 8], [25, 7], [26, 7], [26, 6]]
[[13, 4], [14, 3], [15, 2], [16, 1], [17, 1], [18, 2], [17, 3], [17, 4], [16, 5], [17, 5], [18, 6], [19, 6], [19, 5], [19, 4], [20, 4], [21, 5], [22, 5], [21, 4], [21, 3], [21, 2], [22, 3], [23, 3], [22, 4], [23, 5], [23, 4], [23, 5], [24, 5], [24, 6], [25, 7], [25, 6], [25, 7], [26, 6]]
[[13, 4], [14, 5], [13, 4], [13, 5], [12, 5], [12, 6], [11, 7], [11, 8], [12, 7], [13, 8], [14, 8], [14, 7], [14, 6], [15, 7], [16, 8], [17, 9], [18, 8], [17, 7], [16, 6], [17, 7], [17, 6], [17, 5], [17, 4], [17, 3], [17, 4], [18, 4], [19, 3], [20, 2], [21, 1], [21, 0], [22, 1], [23, 2], [24, 3], [25, 3], [25, 4], [26, 4], [25, 5], [26, 6]]
