[[25, 10], [24, 9], [23, 10], [22, 10], [21, 10], [20, 10], [19, 10], [18, 9], [17, 10]]
[[25, 10], [24, 11], [23, 10], [22, 9], [21, 10], [20, 10], [19, 10], [18, 9], [17, 10]]
[[25, 10], [24, 9], [23, 9], [22, 10], [21, 11], [20, 10], [19, 11], [18, 11], [17, 10]]
[[25, 10], [24, 9], [23, 9], [22, 9], [21, 9], [20, 9], [19, 8], [18, 9], [17, 10]]
[[25, 10], [24, 9], [23, 10], [22, 10], [21, 10], [20, 10], [19, 10], [18, 9], [17, 10]]
[[25, 10], [24, 11], [23, 12], [22, 13], [21, 12], [20, 11], [19, 10], [18, 9], [17, 10]]
[[25, 10], [24, 11], [23, 10], [22, 10], [21, 10], [20, 10], [19, 11], [18, 10], [17, 10]]
[[25, 10], [24, 9], [23, 10], [22, 10], [21, 9], [20, 9], [19, 8], [18, 9], [17, 10]]
[[25, 10], [24, 9], [23, 10], [22, 9], [21, 10], [20, 10], [19, 11], [18, 11], [17, 10]]
[[25, 10], [24, 9], [23, 10], [22, 10], [21, 9], [20, 10], [19, 10], [18, 10], [17, 10]]
[[25, 10], [24, 9], [23, 8], [22, 9], [21, 10], [20, 9], [19, 10], [18, 11], [17, 10]]
[[25, 10], [24, 9], [23, 10], [22, 9], [21, 9], [20, 10], [19, 11], [18, 11], [17, 10]]
[[25, 10], [24, 9], [23, 8], [22, 8], [21, 9], [20, 10], [19, 10], [18, 10], [17, 10]]
[[25, 10], [24, 9], [23, 10], [22, 10], [21, 9], [20, 8], [19, 8], [18, 9], [17, 10]]
[[25, 10], [24, 11], [23, 11], [22, 10], [21, 10], [20, 11], [19, 11], [18, 10], [17, 10]]
[[25, 10], [24, 9], [23, 9], [22, 10], [21, 11], [21, 10], [20, 9], [19, 8], [18, 9], [17, 10]]
[[25, 10], [24, 9], [23, 9], [22, 10], [21, 11], [20, 12], [19, 11], [18, 10], [17, 9], [17, 10]]
[[25, 10], [24, 9], [23, 9], [22, 10], [22, 9], [21, 10], [20, 9], [19, 10], [18, 9], [17, 10]]
[[25, 10], [24, 11], [23, 11], [22, 10], [21, 11], [20, 10], [20, 9], [19, 10], [18, 11], [17, 10]]
[[25, 10], [26, 10], [26, 9], [27, 9], [27, 8], [26, 9], [27, 9], [26, 8], [25, 8], [26, 8], [26, 7], [25, 6], [26, 7], [25, 6], [26, 5], [25, 4], [26, 3], [27, 3], [27, 2], [28, 1], [27, 2], [28, 1], [29, 2], [28, 1], [27, 0], [27, 1], [27, 0], [28, 1], [27, 2], [26, 2], [25, 1], [24, 0], [23, 0], [22, 1], [21, 1], [21, 2], [20, 3], [20, 4], [19, 4], [20, 5], [21, 6], [22, 6], [23, 5], [22, 4], [21, 4], [21, 5], [20, 4], [19, 5], [19, 6], [18, 7], [19, 7], [18, 8], [17, 8], [16, 9], [17, 9], [17, 10]]
