[[20, 7], [21, 8], [22, 9], [22, 10], [23, 11], [22, 12], [21, 13], [21, 14], [22, 15], [23, 16]]
[[20, 7], [21, 8], [22, 9], [22, 10], [23, 11], [22, 12], [21, 13], [21, 14], [22, 15], [23, 16]]
[[20, 7], [21, 8], [22, 9], [22, 10], [23, 11], [22, 12], [23, 13], [24, 14], [24, 15], [23, 16]]
[[20, 7], [21, 8], [22, 9], [23, 10], [24, 11], [23, 12], [23, 13], [24, 14], [24, 15], [23, 16]]
[[20, 7], [21, 8], [22, 9], [22, 10], [22, 11], [22, 12], [23, 13], [23, 14], [24, 15], [23, 16]]
[[20, 7], [20, 8], [21, 9], [22, 10], [21, 11], [21, 12], [22, 13], [23, 14], [22, 15], [23, 16]]
[[20, 7], [21, 8], [22, 9], [22, 10], [23, 11], [22, 12], [21, 13], [21, 14], [22, 15], [23, 16]]
[[20, 7], [20, 8], [21, 9], [22, 10], [21, 11], [22, 12], [23, 13], [23, 14], [22, 15], [23, 16]]
[[20, 7], [20, 8], [21, 9], [22, 10], [21, 11], [22, 12], [23, 13], [23, 14], [22, 15], [23, 16]]
[[20, 7], [21, 8], [22, 9], [22, 10], [23, 11], [22, 12], [21, 13], [21, 14], [22, 15], [23, 16]]
[[20, 7], [21, 8], [22, 9], [22, 10], [23, 11], [23, 12], [23, 13], [23, 14], [22, 15], [23, 16]]
[[20, 7], [21, 8], [22, 9], [23, 10], [23, 11], [23, 12], [23, 13], [23, 14], [24, 15], [23, 16]]
[[20, 7], [20, 8], [21, 9], [22, 10], [21, 11], [21, 12], [22, 13], [23, 14], [22, 15], [23, 16]]
[[20, 7], [20, 8], [20, 9], [19, 10], [18, 11], [19, 10], [20, 11], [20, 12], [21, 12], [21, 13], [22, 13], [21, 14], [22, 15], [23, 16], [22, 16], [23, 16]]
[[20, 7], [20, 8], [21, 8], [22, 9], [21, 9], [22, 10], [23, 10], [22, 11], [21, 11], [21, 12], [22, 13], [21, 14], [22, 15], [23, 16], [23, 17], [23, 16]]
[[20, 7], [21, 8], [22, 9], [22, 10], [23, 11], [22, 10], [22, 11], [23, 12], [23, 13], [24, 12], [23, 13], [24, 14], [23, 13], [23, 14], [24, 14], [25, 15], [24, 15], [23, 16]]
[[20, 7], [20, 6], [19, 6], [19, 7], [20, 8], [21, 8], [21, 7], [21, 6], [22, 5], [21, 5], [21, 4], [22, 5], [21, 6], [22, 6], [23, 5], [24, 6], [23, 7], [22, 8], [23, 8], [23, 9], [23, 10], [24, 11], [23, 11], [22, 10], [21, 11], [21, 12], [22, 11], [23, 12], [24, 12], [25, 12], [26, 12], [26, 11], [25, 12], [24, 11], [23, 12], [23, 13], [24, 14], [25, 15], [24, 15], [23, 16]]
[[20, 7], [20, 6], [19, 6], [19, 5], [18, 5], [17, 5], [16, 5], [15, 6], [15, 5], [16, 6], [15, 6], [15, 7], [14, 6], [14, 5], [13, 6], [14, 5], [15, 6], [16, 5], [16, 6], [17, 7], [18, 8], [17, 9], [18, 10], [17, 11], [16, 11], [16, 10], [17, 10], [17, 11], [18, 10], [19, 9], [18, 9], [18, 10], [17, 11], [17, 12], [16, 13], [17, 12], [17, 11], [18, 11], [17, 12], [17, 11], [18, 11], [17, 10], [18, 11], [19, 11], [20, 12], [21, 12], [22, 11], [21, 11], [22, 11], [23, 12], [23, 11], [24, 11], [25, 11], [26, 10], [26, 9], [27, 10], [28, 11], [29, 11], [28, 12], [28, 13], [27, 14], [28, 13], [27, 13], [28, 14], [29, 15], [28, 16], [28, 17], [27, 18], [28, 19], [27, 18], [26, 18], [27, 17], [26, 16], [25, 17], [26, 16], [26, 17], [27, 16], [28, 15], [27, 14], [26, 15], [25, 15], [24, 15], [23, 16]]
[[20, 7], [21, 8], [22, 9], [23, 8], [22, 7], [23, 7], [23, 6], [24, 6], [24, 7], [25, 6], [24, 5], [23, 4], [23, 5], [24, 4], [24, 3], [25, 2], [24, 2], [25, 3], [25, 4], [26, 5], [27, 4], [27, 3], [28, 3], [29, 2], [29, 3], [28, 2], [27, 1], [28, 1], [28, 0], [27, 0], [26, 0], [26, 1], [25, 0], [25, 1], [24, 0], [24, 1], [23, 2], [22, 1], [22, 2], [23, 3], [22, 3], [21, 4], [21, 5], [20, 4], [21, 3], [21, 2], [21, 1], [20, 1], [19, 0], [19, 1], [18, 0], [17, 0], [16, 0], [17, 1], [16, 1], [16, 2], [15, 1], [14, 0], [13, 1], [12, 1], [13, 0], [12, 0], [11, 1], [10, 2], [9, 3], [8, 4], [9, 5], [10, 6], [10, 5], [9, 4], [10, 4], [11, 3], [11, 4], [11, 5], [12, 5], [12, 6], [12, 7], [11, 6], [10, 7], [10, 8], [11, 7], [11, 8], [11, 9], [10, 9], [9, 8], [8, 8], [9, 7], [8, 6], [8, 5], [7, 6], [6, 5], [5, 4], [6, 3], [5, 3], [4, 2], [4, 3], [3, 2], [3, 1], [2, 0], [1, 1], [2, 2], [1, 2], [0, 3], [1, 3], [0, 2], [0, 1], [1, 0], [2, 1], [3, 0], [4, 1], [5, 1], [5, 0], [6, 1], [7, 0], [8, 1], [9, 1], [9, 0], [10, 1], [11, 2], [12, 3], [12, 4], [13, 5], [14, 5], [15, 5], [16, 5], [16, 4], [17, 4], [18, 4], [19, 5], [18, 5], [19, 6], [19, 7], [20, 6], [21, 6], [22, 6], [21, 7], [22, 8], [23, 9], [24, 8], [25, 8], [26, 9], [26, 10], [26, 11], [27, 11], [27, 10], [28, 10], [29, 10], [28, 11], [27, 12], [27, 13], [28, 12], [28, 13], [29, 12], [29, 13], [29, 14], [29, 15], [28, 15], [27, 16], [26, 17], [27, 18], [27, 19], [28, 19], [29, 18], [28, 18], [27, 17], [28, 16], [27, 15], [26, 15], [25, 15], [24, 14], [25, 14], [26, 13], [25, 12], [25, 11], [24, 10], [23, 10], [22, 10], [21, 11], [20, 11], [21, 12], [21, 13], [20, 14], [19, 15], [19, 14], [19, 13], [20, 13], [20, 12], [19, 12], [18, 11], [19, 10], [18, 9], [19, 8], [20, 8], [21, 9], [22, 9], [22, 8], [23, 7], [24, 8], [25, 8], [26, 9], [27, 9], [28, 10], [27, 11], [27, 12], [26, 11], [27, 10], [26, 10], [25, 11], [25, 12], [26, 13], [25, 14], [25, 13], [26, 12], [27, 13], [28, 12], [29, 12], [29, 13], [28, 14], [27, 15], [28, 15], [29, 14], [29, 15], [29, 16], [28, 16], [27, 17], [26, 18], [27, 18], [27, 19], [28, 18], [29, 18], [28, 17], [27, 16], [26, 16], [26, 17], [25, 17], [24, 18], [24, 19], [25, 18], [24, 17], [23, 18], [22, 17], [23, 16]]
