[[18, 11], [17, 12], [16, 12], [15, 12], [14, 11], [13, 10], [12, 10], [11, 9], [10, 8]]
[[18, 11], [17, 11], [16, 12], [15, 11], [14, 11], [13, 10], [12, 10], [11, 9], [10, 8]]
[[18, 11], [17, 10], [16, 10], [15, 11], [14, 10], [13, 10], [12, 9], [11, 8], [10, 8]]
[[18, 11], [17, 11], [16, 12], [15, 11], [14, 11], [13, 11], [12, 10], [11, 9], [10, 8]]
[[18, 11], [17, 12], [16, 12], [15, 12], [14, 11], [13, 10], [12, 10], [11, 9], [10, 8]]
[[18, 11], [17, 12], [16, 12], [15, 12], [14, 11], [13, 10], [12, 9], [11, 8], [10, 8]]
[[18, 11], [17, 11], [16, 10], [15, 10], [14, 11], [13, 10], [12, 10], [11, 9], [10, 8]]
[[18, 11], [17, 11], [16, 10], [15, 11], [14, 12], [13, 11], [12, 10], [11, 9], [10, 8]]
[[18, 11], [17, 11], [16, 12], [15, 11], [14, 10], [13, 10], [12, 9], [11, 9], [10, 8]]
[[18, 11], [17, 11], [16, 10], [15, 10], [14, 10], [13, 10], [12, 10], [11, 9], [10, 8]]
[[18, 11], [17, 10], [16, 9], [15, 10], [14, 10], [13, 11], [12, 10], [11, 9], [10, 8]]
[[18, 11], [17, 11], [16, 10], [15, 10], [14, 11], [13, 10], [12, 9], [11, 8], [10, 8]]
[[18, 11], [17, 11], [16, 12], [15, 11], [14, 12], [13, 11], [12, 10], [11, 9], [10, 8]]
[[18, 11], [17, 11], [16, 12], [15, 11], [14, 12], [13, 11], [12, 10], [11, 9], [10, 8]]
[[18, 11], [17, 10], [16, 10], [15, 11], [14, 10], [13, 11], [12, 10], [11, 9], [10, 8]]
[[18, 11], [17, 10], [16, 10], [15, 9], [14, 8], [13, 8], [12, 9], [11, 8], [10, 8]]
[[18, 11], [17, 12], [16, 12], [15, 11], [15, 10], [14, 9], [13, 10], [12, 10], [11, 9], [10, 8]]
[[18, 11], [17, 11], [16, 12], [15, 13], [15, 12], [14, 11], [13, 11], [12, 11], [12, 10], [11, 9], [10, 8]]
[[18, 11], [17, 11], [16, 12], [15, 12], [14, 12], [14, 11], [14, 10], [13, 10], [12, 9], [11, 10], [11, 9], [10, 8]]
[[18, 11], [19, 11], [20, 10], [21, 11], [22, 12], [22, 13], [21, 13], [20, 12], [20, 11], [19, 10], [18, 10], [19, 9], [18, 8], [17, 9], [16, 10], [15, 9], [14, 9], [13, 10], [13, 11], [12, 10], [12, 11], [11, 12], [12, 11], [13, 11], [14, 10], [14, 9], [14, 8], [15, 8], [14, 7], [13, 8], [12, 9], [12, 10], [11, 9], [10, 8]]
