[[7, 2], [8, 2], [9, 2], [10, 2], [11, 2], [12, 1], [13, 2], [14, 3], [15, 2], [16, 2], [17, 3], [18, 3], [19, 3], [20, 4], [21, 3], [22, 4]]
[[7, 2], [8, 2], [9, 1], [10, 0], [11, 0], [12, 1], [13, 2], [14, 1], [15, 1], [16, 1], [17, 2], [18, 3], [19, 3], [20, 4], [21, 4], [22, 4]]
[[7, 2], [8, 3], [9, 2], [10, 1], [11, 0], [12, 1], [13, 1], [14, 2], [15, 2], [16, 1], [17, 2], [18, 3], [19, 4], [20, 3], [21, 4], [22, 4]]
[[7, 2], [8, 2], [9, 1], [10, 1], [11, 2], [12, 3], [13, 4], [14, 3], [15, 4], [16, 4], [17, 5], [18, 4], [19, 5], [20, 4], [21, 3], [22, 4]]
[[7, 2], [8, 2], [9, 2], [10, 2], [11, 3], [12, 3], [13, 3], [14, 3], [15, 2], [16, 3], [17, 2], [18, 2], [19, 3], [20, 4], [21, 5], [22, 4]]
[[7, 2], [8, 1], [9, 1], [10, 1], [11, 2], [12, 1], [13, 0], [14, 1], [15, 1], [16, 2], [17, 3], [18, 4], [19, 5], [20, 5], [21, 4], [22, 4]]
[[7, 2], [8, 3], [9, 2], [10, 2], [11, 2], [12, 3], [13, 3], [14, 2], [15, 3], [16, 2], [17, 2], [18, 1], [19, 2], [20, 3], [21, 3], [22, 4]]
[[7, 2], [8, 1], [9, 1], [10, 2], [11, 2], [12, 3], [13, 2], [14, 2], [15, 2], [16, 3], [17, 4], [18, 3], [19, 4], [20, 3], [21, 3], [22, 4]]
[[7, 2], [8, 2], [9, 2], [10, 2], [11, 2], [12, 1], [13, 2], [14, 3], [15, 2], [16, 2], [17, 3], [18, 3], [19, 3], [20, 4], [21, 3], [22, 4]]
[[7, 2], [8, 2], [9, 1], [10, 2], [11, 3], [12, 4], [13, 4], [14, 5], [15, 5], [16, 4], [17, 5], [18, 5], [19, 5], [20, 4], [21, 3], [22, 4]]
[[7, 2], [8, 2], [9, 2], [10, 1], [11, 0], [12, 1], [13, 2], [14, 3], [15, 4], [16, 3], [17, 4], [18, 3], [19, 4], [20, 4], [21, 5], [22, 4]]
[[7, 2], [8, 2], [9, 1], [10, 0], [11, 1], [12, 1], [13, 2], [14, 2], [15, 2], [16, 2], [17, 1], [18, 2], [19, 3], [20, 4], [21, 3], [22, 4]]
[[7, 2], [8, 1], [9, 1], [10, 1], [11, 2], [12, 3], [13, 4], [14, 4], [15, 3], [16, 3], [17, 3], [18, 4], [19, 4], [20, 3], [21, 4], [22, 4]]
[[7, 2], [8, 1], [9, 1], [10, 2], [11, 1], [12, 1], [13, 1], [14, 1], [15, 1], [16, 1], [16, 0], [15, 1], [16, 2], [17, 1], [18, 1], [19, 1], [20, 1], [20, 2], [21, 3], [22, 4]]
[[7, 2], [8, 2], [9, 1], [10, 1], [10, 0], [11, 1], [12, 1], [13, 2], [14, 2], [14, 3], [13, 3], [13, 2], [14, 2], [15, 1], [15, 2], [16, 1], [17, 1], [18, 0], [17, 1], [18, 2], [19, 1], [19, 2], [20, 3], [21, 4], [22, 5], [21, 5], [22, 5], [23, 6], [22, 5], [22, 4]]
[[7, 2], [8, 2], [9, 1], [10, 1], [11, 0], [11, 1], [12, 1], [13, 2], [14, 2], [15, 1], [16, 0], [17, 0], [18, 1], [18, 0], [18, 1], [19, 2], [19, 1], [19, 2], [18, 2], [17, 3], [18, 4], [17, 4], [16, 3], [17, 3], [18, 3], [17, 4], [18, 4], [19, 4], [19, 3], [20, 4], [21, 3], [22, 4]]
[[7, 2], [7, 3], [7, 2], [7, 3], [8, 3], [9, 2], [10, 1], [11, 2], [12, 1], [13, 1], [12, 1], [13, 1], [14, 1], [15, 1], [15, 2], [15, 1], [15, 2], [16, 3], [17, 3], [17, 2], [16, 2], [17, 1], [18, 2], [19, 3], [19, 4], [18, 3], [18, 4], [19, 5], [20, 4], [21, 5], [22, 5], [21, 5], [22, 4]]
[[7, 2], [8, 1], [9, 1], [10, 2], [9, 3], [9, 4], [10, 4], [10, 5], [11, 6], [11, 7], [12, 8], [11, 9], [10, 8], [9, 7], [9, 8], [10, 9], [11, 9], [12, 9], [13, 9], [14, 8], [15, 8], [15, 9], [15, 10], [14, 11], [15, 12], [16, 11], [17, 10], [17, 11], [18, 10], [18, 9], [19, 8], [20, 7], [20, 6], [20, 5], [20, 4], [20, 5], [20, 4], [19, 5], [18, 4], [19, 4], [20, 3], [21, 3], [22, 4]]
[[7, 2], [8, 1], [9, 2], [9, 1], [10, 2], [11, 1], [11, 2], [12, 1], [13, 1], [14, 2], [15, 2], [16, 1], [17, 1], [16, 2], [17, 1], [16, 2], [16, 3], [15, 2], [16, 1], [15, 2], [14, 3], [14, 2], [14, 3], [14, 4], [13, 5], [14, 5], [13, 5], [14, 4], [15, 5], [15, 6], [16, 5], [15, 6], [16, 7], [17, 7], [16, 6], [16, 5], [16, 4], [15, 3], [16, 4], [17, 4], [18, 4], [19, 5], [19, 4], [19, 3], [20, 2], [20, 3], [19, 4], [18, 3], [18, 2], [19, 1], [19, 0], [20, 1], [19, 1], [18, 1], [17, 1], [17, 2], [16, 2], [15, 2], [16, 2], [16, 3], [17, 3], [18, 4], [19, 5], [18, 5], [18, 4], [19, 3], [19, 4], [20, 4], [21, 3], [22, 2], [22, 3], [22, 4]]
[[7, 2], [8, 3], [9, 2], [8, 3], [7, 2], [6, 1], [5, 0], [5, 1], [4, 1], [3, 2], [2, 1], [1, 2], [2, 2], [1, 3], [1, 4], [0, 5], [1, 5], [1, 6], [2, 5], [1, 5], [2, 4], [3, 4], [3, 3], [4, 2], [5, 1], [5, 2], [6, 1], [7, 1], [8, 0], [9, 1], [9, 2], [9, 1], [10, 0], [10, 1], [11, 0], [12, 1], [13, 2], [14, 3], [15, 2], [14, 3], [13, 3], [13, 4], [13, 5], [14, 5], [14, 6], [15, 7], [16, 7], [15, 8], [15, 7], [14, 8], [15, 7], [14, 6], [13, 7], [12, 7], [13, 6], [12, 7], [12, 6], [11, 5], [12, 4], [13, 5], [13, 4], [13, 5], [12, 4], [11, 3], [11, 4], [12, 3], [13, 3], [14, 4], [15, 3], [16, 2], [15, 2], [16, 1], [16, 0], [16, 1], [17, 0], [18, 1], [19, 0], [19, 1], [20, 2], [20, 3], [20, 4], [21, 5], [21, 4], [22, 4]]
