[[7, 4], [8, 5], [9, 6], [10, 6], [11, 5], [12, 6], [13, 7], [14, 6], [15, 5], [16, 6], [17, 5], [18, 6], [19, 5], [20, 6], [21, 7], [22, 8]]
[[7, 4], [8, 5], [9, 4], [10, 5], [11, 6], [12, 5], [13, 5], [14, 5], [15, 5], [16, 6], [17, 5], [18, 5], [19, 6], [20, 6], [21, 7], [22, 8]]
[[7, 4], [8, 5], [9, 5], [10, 5], [11, 5], [12, 6], [13, 7], [14, 6], [15, 5], [16, 6], [17, 6], [18, 6], [19, 6], [20, 7], [21, 7], [22, 8]]
[[7, 4], [8, 3], [9, 3], [10, 3], [11, 3], [12, 3], [13, 4], [14, 5], [15, 5], [16, 4], [17, 5], [18, 6], [19, 7], [20, 8], [21, 7], [22, 8]]
[[7, 4], [8, 5], [9, 6], [10, 6], [11, 5], [12, 6], [13, 7], [14, 6], [15, 5], [16, 6], [17, 5], [18, 6], [19, 5], [20, 6], [21, 7], [22, 8]]
[[7, 4], [8, 3], [9, 4], [10, 4], [11, 4], [12, 4], [13, 5], [14, 6], [15, 5], [16, 6], [17, 6], [18, 6], [19, 7], [20, 7], [21, 7], [22, 8]]
[[7, 4], [8, 5], [9, 6], [10, 6], [11, 5], [12, 4], [13, 4], [14, 5], [15, 5], [16, 6], [17, 6], [18, 6], [19, 7], [20, 7], [21, 8], [22, 8]]
[[7, 4], [8, 5], [9, 5], [10, 6], [11, 6], [12, 6], [13, 5], [14, 5], [15, 5], [16, 6], [17, 6], [18, 5], [19, 6], [20, 6], [21, 7], [22, 8]]
[[7, 4], [8, 5], [9, 4], [10, 5], [11, 5], [12, 4], [13, 5], [14, 6], [15, 7], [16, 8], [17, 7], [18, 7], [19, 8], [20, 9], [21, 8], [22, 8]]
[[7, 4], [8, 4], [9, 4], [10, 4], [11, 5], [12, 5], [13, 6], [14, 6], [15, 5], [16, 6], [17, 7], [18, 8], [19, 8], [20, 9], [21, 9], [22, 8]]
[[7, 4], [8, 4], [9, 5], [10, 4], [11, 4], [12, 5], [13, 6], [13, 5], [14, 6], [14, 5], [15, 5], [16, 5], [17, 5], [18, 5], [19, 5], [20, 6], [21, 7], [22, 8]]
[[7, 4], [8, 4], [9, 5], [10, 5], [11, 4], [12, 5], [13, 6], [14, 5], [13, 5], [14, 6], [15, 5], [16, 4], [17, 5], [18, 4], [19, 5], [20, 6], [21, 7], [22, 8]]
[[7, 4], [8, 5], [9, 5], [10, 6], [11, 6], [12, 5], [12, 4], [13, 5], [13, 4], [14, 5], [15, 5], [16, 4], [17, 5], [18, 5], [19, 5], [20, 6], [21, 7], [22, 8]]
[[7, 4], [8, 3], [9, 2], [9, 3], [10, 3], [11, 3], [11, 4], [12, 4], [13, 4], [14, 5], [14, 6], [15, 5], [16, 6], [17, 7], [16, 7], [17, 8], [18, 7], [19, 6], [19, 7], [20, 6], [21, 7], [22, 8]]
[[7, 4], [8, 3], [7, 3], [8, 4], [9, 3], [10, 2], [9, 1], [10, 2], [9, 2], [10, 2], [11, 2], [12, 2], [13, 3], [13, 2], [14, 2], [15, 3], [16, 4], [17, 4], [18, 4], [17, 4], [18, 5], [18, 6], [18, 7], [19, 7], [20, 8], [19, 7], [20, 7], [21, 8], [22, 8]]
[[7, 4], [8, 4], [9, 5], [9, 4], [8, 4], [8, 3], [9, 2], [10, 2], [10, 3], [10, 2], [11, 3], [12, 3], [13, 4], [14, 4], [14, 3], [15, 2], [16, 1], [16, 0], [15, 1], [16, 0], [16, 1], [17, 1], [18, 2], [18, 3], [19, 2], [20, 3], [21, 3], [22, 4], [23, 5], [24, 6], [23, 5], [23, 6], [22, 7], [22, 8]]
[[7, 4], [7, 3], [8, 2], [7, 3], [6, 2], [5, 2], [4, 3], [5, 2], [6, 2], [6, 1], [7, 1], [8, 2], [8, 1], [8, 0], [9, 1], [8, 1], [9, 2], [10, 2], [11, 1], [10, 1], [11, 0], [10, 1], [11, 2], [11, 3], [12, 4], [13, 4], [14, 4], [15, 3], [16, 4], [15, 5], [16, 6], [16, 7], [17, 8], [18, 7], [18, 6], [18, 7], [17, 8], [16, 9], [17, 9], [18, 10], [18, 11], [18, 12], [17, 12], [17, 11], [17, 10], [16, 9], [17, 8], [18, 7], [18, 8], [19, 7], [20, 8], [21, 7], [21, 8], [22, 8], [23, 9], [22, 8]]
[[7, 4], [6, 4], [7, 5], [8, 4], [9, 4], [10, 3], [9, 2], [10, 2], [11, 3], [11, 4], [11, 5], [11, 6], [12, 5], [13, 6], [14, 5], [14, 4], [15, 5], [14, 5], [14, 4], [13, 4], [12, 4], [11, 5], [10, 4], [11, 4], [10, 5], [9, 5], [8, 4], [7, 3], [8, 2], [8, 3], [9, 3], [9, 4], [10, 3], [11, 3], [10, 2], [10, 1], [11, 1], [12, 2], [11, 2], [12, 3], [13, 3], [13, 2], [12, 1], [13, 0], [14, 0], [15, 0], [14, 1], [14, 2], [15, 3], [16, 2], [15, 2], [15, 1], [16, 1], [16, 0], [17, 1], [17, 0], [18, 1], [18, 0], [19, 0], [19, 1], [18, 2], [19, 2], [20, 3], [21, 3], [20, 4], [21, 5], [21, 4], [20, 5], [19, 6], [20, 7], [19, 7], [20, 8], [21, 8], [21, 7], [21, 6], [22, 7], [22, 6], [23, 6], [23, 7], [23, 8], [22, 9], [21, 10], [20, 10], [21, 9], [22, 8]]
