[[9, 13], [10, 12], [9, 11], [8, 10], [7, 9], [8, 8]]
[[9, 13], [8, 12], [9, 11], [8, 10], [7, 9], [8, 8]]
[[9, 13], [8, 12], [7, 11], [6, 10], [7, 9], [8, 8]]
[[9, 13], [10, 12], [9, 11], [8, 10], [7, 9], [8, 8]]
[[9, 13], [9, 12], [9, 11], [9, 10], [8, 9], [8, 8]]
[[9, 13], [10, 12], [9, 11], [9, 10], [8, 9], [8, 8]]
[[9, 13], [10, 12], [10, 11], [9, 10], [8, 9], [8, 8]]
[[9, 13], [9, 12], [9, 11], [8, 10], [8, 9], [8, 8]]
[[9, 13], [9, 12], [10, 11], [9, 10], [8, 9], [8, 8]]
[[9, 13], [9, 12], [9, 11], [9, 10], [8, 9], [8, 8]]
[[9, 13], [10, 13], [9, 12], [9, 11], [8, 10], [7, 9], [8, 8]]
[[9, 13], [10, 12], [11, 11], [10, 11], [10, 10], [9, 11], [9, 10], [8, 9], [7, 10], [7, 9], [8, 8]]
[[9, 13], [8, 12], [9, 12], [10, 13], [11, 13], [12, 12], [13, 13], [14, 12], [14, 11], [14, 10], [15, 11], [16, 12], [15, 13], [15, 12], [16, 11], [15, 10], [14, 11], [15, 10], [14, 11], [13, 11], [13, 10], [12, 9], [11, 9], [10, 9], [9, 10], [10, 10], [10, 11], [11, 11], [10, 10], [10, 9], [10, 8], [9, 8], [8, 7], [7, 8], [7, 9], [7, 8], [7, 9], [8, 8]]
