[[26, 12], [25, 13], [24, 14], [23, 15], [22, 16], [21, 17], [20, 18]]
[[26, 12], [25, 13], [24, 14], [23, 15], [22, 16], [21, 17], [20, 18]]
[[26, 12], [25, 13], [24, 14], [23, 15], [22, 16], [21, 17], [20, 18]]
[[26, 12], [25, 13], [24, 14], [23, 15], [22, 16], [21, 17], [20, 18]]
[[26, 12], [25, 13], [24, 14], [23, 15], [22, 16], [21, 17], [20, 18]]
[[26, 12], [25, 13], [24, 14], [23, 15], [22, 16], [21, 17], [20, 18]]
[[26, 12], [25, 13], [24, 14], [23, 15], [22, 16], [21, 17], [20, 18]]
[[26, 12], [25, 13], [24, 14], [23, 15], [22, 16], [21, 17], [20, 18]]
[[26, 12], [25, 13], [24, 14], [23, 15], [22, 16], [21, 17], [20, 18]]
[[26, 12], [25, 13], [24, 14], [23, 15], [22, 16], [21, 17], [20, 18]]
[[26, 12], [25, 13], [24, 14], [23, 15], [22, 16], [21, 17], [20, 18]]
[[26, 12], [25, 13], [24, 14], [23, 15], [22, 16], [21, 17], [20, 18]]
[[26, 12], [25, 13], [24, 14], [23, 15], [22, 16], [21, 17], [20, 18]]
[[26, 12], [25, 13], [24, 14], [23, 15], [22, 16], [21, 17], [20, 18]]
[[26, 12], [25, 13], [24, 14], [23, 15], [22, 16], [21, 17], [20, 18]]
[[26, 12], [25, 13], [24, 14], [23, 15], [22, 16], [21, 17], [20, 18]]
[[26, 12], [25, 13], [24, 14], [23, 14], [22, 15], [22, 16], [21, 17], [20, 18]]
[[26, 12], [25, 12], [24, 13], [23, 14], [22, 15], [21, 16], [20, 17], [20, 18]]
[[26, 12], [25, 13], [24, 12], [23, 13], [22, 14], [23, 13], [22, 14], [23, 15], [22, 16], [22, 17], [21, 17], [20, 18]]
[[26, 12], [25, 13], [24, 12], [23, 12], [22, 13], [23, 13], [22, 13], [22, 14], [22, 15], [22, 16], [21, 17], [20, 18]]
