[[22, 12], [21, 13], [20, 13], [19, 14], [18, 14], [17, 15], [16, 15], [15, 16], [14, 17], [13, 17]]
[[22, 12], [21, 13], [20, 13], [19, 14], [18, 15], [17, 15], [16, 16], [15, 17], [14, 17], [13, 17]]
[[22, 12], [21, 13], [20, 14], [19, 14], [18, 15], [17, 15], [16, 16], [15, 17], [14, 17], [13, 17]]
[[22, 12], [21, 13], [20, 13], [19, 14], [18, 14], [17, 15], [16, 15], [15, 16], [14, 17], [13, 17]]
[[22, 12], [21, 11], [20, 12], [19, 12], [18, 13], [17, 14], [16, 15], [15, 16], [14, 16], [13, 17]]
[[22, 12], [21, 13], [20, 14], [19, 15], [18, 16], [17, 17], [16, 17], [15, 16], [14, 16], [13, 17]]
[[22, 12], [21, 12], [20, 13], [19, 14], [18, 14], [17, 15], [16, 16], [15, 16], [14, 16], [13, 17]]
[[22, 12], [21, 13], [20, 14], [19, 14], [18, 15], [17, 15], [16, 16], [15, 16], [14, 17], [13, 17]]
[[22, 12], [21, 12], [20, 13], [19, 14], [18, 15], [17, 14], [16, 15], [15, 16], [14, 17], [13, 17]]
[[22, 12], [21, 13], [20, 13], [19, 14], [18, 13], [17, 14], [17, 15], [16, 16], [15, 17], [14, 17], [13, 17]]
[[22, 12], [21, 13], [20, 14], [19, 14], [18, 15], [17, 15], [16, 15], [15, 16], [15, 17], [14, 17], [13, 18], [13, 17]]
[[22, 12], [22, 13], [21, 14], [21, 15], [20, 16], [19, 17], [18, 17], [17, 18], [16, 18], [15, 19], [16, 19], [16, 18], [15, 19], [14, 18], [14, 17], [13, 17]]
[[22, 12], [21, 13], [21, 14], [20, 14], [20, 13], [21, 14], [21, 13], [21, 12], [20, 13], [19, 12], [18, 12], [17, 11], [16, 10], [15, 10], [14, 11], [13, 11], [14, 12], [13, 12], [12, 12], [13, 11], [12, 11], [11, 12], [12, 13], [12, 14], [11, 15], [10, 14], [9, 15], [9, 14], [8, 14], [7, 15], [6, 14], [5, 15], [4, 14], [3, 13], [3, 12], [2, 11], [3, 11], [4, 11], [5, 12], [6, 13], [7, 14], [8, 13], [9, 14], [9, 15], [9, 16], [10, 16], [11, 16], [11, 17], [12, 18], [11, 17], [11, 18], [12, 18], [13, 18], [14, 18], [15, 18], [14, 17], [13, 17]]
[[22, 12], [23, 12], [22, 13], [21, 13], [20, 13], [19, 12], [18, 13], [19, 14], [20, 14], [21, 14], [21, 15], [20, 16], [19, 15], [18, 14], [17, 14], [17, 13], [16, 14], [15, 14], [14, 13], [14, 12], [15, 12], [16, 12], [16, 11], [17, 11], [17, 10], [18, 9], [17, 8], [16, 9], [15, 10], [14, 9], [15, 8], [16, 8], [15, 7], [16, 7], [17, 7], [16, 6], [17, 6], [18, 5], [19, 5], [18, 4], [18, 3], [19, 4], [19, 3], [18, 2], [19, 1], [20, 2], [21, 3], [22, 4], [23, 4], [24, 5], [25, 6], [26, 6], [26, 5], [27, 4], [27, 3], [26, 2], [27, 1], [26, 1], [27, 0], [26, 0], [25, 1], [25, 2], [24, 1], [24, 2], [24, 3], [23, 3], [24, 4], [25, 5], [25, 4], [25, 3], [26, 4], [27, 5], [28, 4], [28, 3], [29, 3], [29, 4], [29, 5], [29, 6], [28, 7], [27, 8], [26, 7], [25, 7], [24, 6], [24, 7], [24, 8], [25, 9], [26, 10], [25, 10], [24, 10], [23, 11], [22, 10], [23, 10], [23, 9], [22, 9], [21, 10], [22, 11], [21, 12], [20, 12], [21, 11], [20, 11], [20, 10], [20, 9], [21, 8], [22, 8], [23, 8], [24, 9], [25, 8], [26, 9], [27, 10], [26, 11], [27, 11], [28, 10], [28, 9], [29, 9], [29, 10], [29, 11], [28, 12], [27, 12], [26, 12], [25, 12], [26, 13], [27, 13], [28, 13], [28, 14], [27, 15], [26, 16], [25, 16], [24, 15], [24, 14], [23, 14], [22, 15], [21, 16], [20, 17], [20, 18], [21, 18], [22, 18], [21, 19], [20, 19], [19, 19], [19, 18], [18, 17], [17, 17], [16, 16], [15, 17], [14, 16], [14, 17], [15, 16], [16, 17], [16, 18], [17, 18], [17, 19], [16, 19], [15, 18], [14, 18], [13, 18], [12, 18], [12, 17], [13, 16], [12, 16], [13, 17]]
