[[18, 10], [19, 11], [20, 12], [21, 12], [22, 11], [23, 11], [24, 12], [25, 11], [26, 12]]
[[18, 10], [19, 11], [20, 11], [21, 11], [22, 12], [23, 12], [24, 11], [25, 11], [26, 12]]
[[18, 10], [19, 11], [20, 12], [21, 11], [22, 12], [23, 13], [24, 12], [25, 11], [26, 12]]
[[18, 10], [19, 11], [20, 11], [21, 11], [22, 11], [23, 10], [24, 10], [25, 11], [26, 12]]
[[18, 10], [19, 10], [20, 11], [21, 11], [22, 12], [23, 13], [24, 12], [25, 13], [26, 12]]
[[18, 10], [19, 11], [20, 10], [21, 11], [22, 11], [23, 11], [24, 12], [25, 13], [26, 12]]
[[18, 10], [19, 11], [20, 12], [21, 12], [22, 11], [23, 11], [24, 12], [25, 11], [26, 12]]
[[18, 10], [19, 11], [20, 10], [21, 10], [22, 10], [23, 9], [24, 10], [25, 11], [26, 12]]
[[18, 10], [19, 11], [20, 12], [21, 11], [22, 10], [23, 11], [24, 11], [25, 11], [26, 12]]
[[18, 10], [19, 10], [20, 10], [21, 11], [22, 11], [23, 10], [24, 10], [25, 11], [26, 12]]
[[18, 10], [19, 11], [20, 11], [21, 10], [22, 10], [23, 11], [24, 12], [25, 13], [26, 12]]
[[18, 10], [19, 9], [20, 9], [21, 10], [22, 10], [23, 10], [24, 11], [25, 11], [26, 12]]
[[18, 10], [19, 11], [20, 10], [21, 11], [22, 10], [23, 11], [24, 12], [25, 13], [26, 12]]
[[18, 10], [19, 10], [20, 10], [21, 11], [22, 11], [23, 11], [24, 11], [25, 11], [26, 12]]
[[18, 10], [19, 11], [20, 10], [21, 9], [22, 9], [23, 10], [24, 10], [25, 11], [26, 12]]
[[18, 10], [19, 10], [20, 9], [21, 9], [22, 10], [23, 9], [24, 10], [25, 11], [26, 12]]
[[18, 10], [19, 11], [20, 11], [21, 10], [22, 11], [23, 11], [23, 10], [24, 10], [25, 11], [26, 12]]
[[18, 10], [19, 10], [20, 9], [21, 10], [22, 11], [23, 12], [24, 13], [25, 14], [26, 15], [26, 16], [27, 17], [26, 16], [27, 17], [28, 16], [27, 15], [28, 16], [29, 15], [29, 14], [28, 13], [27, 14], [27, 13], [26, 14], [27, 13], [26, 12]]
[[18, 10], [19, 9], [20, 9], [20, 10], [20, 11], [21, 10], [21, 11], [22, 11], [23, 12], [23, 13], [24, 14], [25, 14], [26, 15], [26, 14], [27, 15], [28, 16], [29, 17], [29, 18], [28, 17], [27, 17], [26, 16], [25, 15], [26, 15], [27, 14], [27, 13], [26, 12]]
[[18, 10], [19, 11], [20, 12], [21, 12], [22, 11], [23, 10], [24, 9], [24, 10], [24, 11], [25, 11], [26, 10], [27, 10], [27, 9], [27, 8], [28, 7], [29, 8], [28, 8], [28, 9], [29, 9], [28, 10], [28, 11], [29, 12], [29, 13], [28, 13], [27, 13], [26, 12]]
