[[18, 9], [19, 9], [20, 8], [21, 9], [22, 8], [23, 9], [24, 8], [25, 7]]
[[18, 9], [19, 8], [20, 8], [21, 7], [22, 7], [23, 8], [24, 7], [25, 7]]
[[18, 9], [19, 9], [20, 8], [21, 9], [22, 8], [23, 8], [24, 7], [25, 7]]
[[18, 9], [19, 9], [20, 8], [21, 9], [22, 8], [23, 8], [24, 7], [25, 7]]
[[18, 9], [19, 8], [20, 8], [21, 7], [22, 8], [23, 8], [24, 7], [25, 7]]
[[18, 9], [19, 8], [20, 8], [21, 7], [22, 7], [23, 8], [24, 7], [25, 7]]
[[18, 9], [19, 8], [20, 8], [21, 7], [22, 8], [23, 8], [24, 7], [25, 7]]
[[18, 9], [19, 8], [20, 8], [21, 9], [22, 8], [23, 8], [24, 7], [25, 7]]
[[18, 9], [19, 9], [20, 8], [21, 9], [22, 8], [23, 9], [24, 8], [25, 7]]
[[18, 9], [19, 8], [20, 7], [21, 7], [22, 7], [23, 6], [24, 6], [25, 7]]
[[18, 9], [19, 9], [20, 8], [21, 7], [22, 7], [23, 8], [24, 9], [25, 8], [25, 9], [24, 8], [25, 8], [25, 7]]
[[18, 9], [19, 9], [20, 8], [21, 9], [22, 10], [21, 9], [22, 8], [22, 7], [23, 6], [24, 7], [25, 8], [25, 7]]
[[18, 9], [19, 8], [20, 8], [20, 7], [20, 6], [21, 6], [21, 7], [22, 7], [22, 8], [23, 9], [24, 10], [24, 9], [24, 8], [25, 7]]
[[18, 9], [18, 8], [18, 9], [19, 9], [20, 8], [21, 7], [22, 7], [23, 8], [24, 9], [25, 10], [24, 11], [23, 10], [23, 11], [22, 10], [23, 11], [24, 12], [25, 13], [25, 12], [26, 11], [27, 11], [28, 10], [28, 9], [29, 9], [29, 8], [28, 9], [27, 8], [26, 7], [26, 8], [25, 8], [25, 7], [25, 6], [24, 6], [23, 6], [24, 7], [23, 6], [22, 5], [23, 5], [22, 4], [22, 3], [21, 3], [20, 2], [19, 1], [20, 0], [21, 0], [22, 0], [23, 0], [24, 1], [25, 2], [25, 3], [26, 4], [27, 3], [27, 2], [27, 3], [26, 2], [26, 3], [27, 4], [26, 3], [26, 4], [25, 3], [26, 4], [27, 5], [27, 6], [28, 6], [27, 6], [26, 6], [25, 7]]
[[18, 9], [19, 8], [20, 8], [21, 9], [20, 8], [21, 9], [22, 10], [23, 11], [24, 10], [25, 11], [25, 12], [24, 12], [24, 13], [25, 13], [25, 12], [24, 11], [24, 10], [23, 10], [24, 9], [25, 8], [26, 8], [26, 7], [25, 6], [26, 5], [27, 5], [28, 4], [28, 3], [28, 2], [28, 1], [27, 0], [27, 1], [26, 2], [27, 1], [27, 2], [27, 3], [26, 2], [27, 3], [27, 4], [26, 3], [25, 3], [24, 4], [23, 3], [22, 4], [21, 3], [21, 2], [20, 1], [19, 2], [19, 1], [19, 2], [19, 3], [18, 3], [17, 4], [18, 3], [19, 4], [20, 3], [21, 4], [22, 5], [23, 5], [22, 4], [22, 5], [22, 6], [23, 5], [24, 6], [24, 5], [23, 5], [24, 5], [23, 6], [22, 7], [23, 6], [24, 6], [25, 6], [24, 7], [25, 7]]
[[18, 9], [19, 9], [19, 8], [19, 7], [20, 6], [21, 5], [22, 5], [23, 5], [22, 4], [21, 4], [22, 3], [21, 2], [20, 1], [21, 0], [22, 0], [22, 1], [23, 2], [22, 3], [21, 3], [20, 3], [19, 2], [18, 3], [17, 3], [16, 4], [15, 5], [16, 5], [15, 5], [15, 6], [16, 7], [16, 8], [17, 8], [18, 9], [18, 8], [18, 7], [19, 6], [20, 5], [19, 5], [20, 5], [21, 5], [22, 6], [23, 5], [24, 5], [23, 6], [24, 6], [25, 5], [26, 5], [25, 4], [25, 3], [24, 4], [25, 5], [25, 6], [26, 7], [27, 8], [28, 9], [29, 9], [28, 10], [28, 11], [28, 12], [27, 11], [27, 10], [26, 11], [26, 12], [25, 13], [26, 12], [25, 13], [26, 14], [27, 15], [26, 14], [25, 13], [25, 14], [26, 15], [25, 16], [24, 15], [23, 15], [22, 14], [23, 15], [24, 16], [23, 15], [22, 15], [21, 14], [20, 15], [19, 14], [20, 13], [21, 13], [22, 13], [21, 14], [22, 14], [21, 14], [21, 13], [22, 12], [21, 11], [22, 10], [23, 9], [24, 10], [25, 11], [24, 12], [24, 11], [25, 10], [25, 9], [25, 8], [25, 7]]
[[18, 9], [19, 9], [18, 9], [18, 10], [17, 10], [18, 11], [18, 12], [18, 13], [18, 14], [17, 13], [16, 12], [15, 12], [14, 13], [13, 14], [13, 13], [12, 14], [12, 15], [12, 16], [11, 16], [10, 16], [9, 17], [8, 17], [7, 16], [7, 17], [8, 18], [9, 18], [8, 19], [9, 19], [10, 18], [11, 19], [12, 19], [13, 18], [13, 17], [12, 17], [13, 17], [12, 17], [13, 17], [12, 17], [13, 17], [14, 18], [15, 19], [16, 19], [15, 18], [16, 18], [16, 19], [17, 18], [16, 17], [16, 16], [17, 15], [18, 14], [19, 15], [20, 15], [19, 16], [20, 16], [20, 17], [20, 16], [20, 17], [20, 18], [20, 19], [19, 19], [18, 18], [17, 18], [17, 17], [16, 16], [15, 15], [14, 15], [15, 14], [14, 13], [13, 12], [13, 11], [12, 11], [13, 11], [12, 10], [13, 9], [13, 8], [14, 9], [15, 8], [16, 7], [15, 7], [15, 6], [16, 6], [15, 5], [14, 6], [14, 5], [13, 4], [14, 3], [14, 4], [13, 5], [12, 6], [11, 5], [10, 4], [9, 4], [10, 3], [11, 3], [11, 2], [12, 1], [13, 2], [14, 3], [15, 4], [15, 3], [16, 3], [16, 4], [17, 3], [18, 2], [19, 2], [20, 3], [21, 4], [22, 4], [23, 4], [24, 3], [25, 4], [25, 3], [26, 3], [26, 2], [25, 2], [24, 1], [23, 2], [22, 2], [22, 1], [21, 2], [20, 2], [19, 2], [20, 1], [19, 2], [18, 1], [19, 0], [18, 0], [17, 1], [17, 0], [18, 1], [18, 2], [18, 3], [19, 4], [20, 5], [21, 4], [22, 3], [22, 4], [23, 5], [22, 6], [21, 6], [21, 7], [20, 7], [21, 7], [21, 6], [20, 6], [21, 7], [22, 7], [23, 8], [24, 7], [25, 7]]
