[[23, 4], [22, 4], [21, 4], [20, 5], [19, 5], [18, 4], [17, 4], [16, 5], [15, 6], [14, 6], [13, 7]]
[[23, 4], [22, 4], [21, 4], [20, 4], [19, 5], [18, 5], [17, 5], [16, 4], [15, 5], [14, 6], [13, 7]]
[[23, 4], [22, 4], [21, 3], [20, 3], [19, 4], [18, 4], [17, 4], [16, 5], [15, 6], [14, 7], [13, 7]]
[[23, 4], [22, 5], [21, 4], [20, 4], [19, 4], [18, 4], [17, 3], [16, 4], [15, 5], [14, 6], [13, 7]]
[[23, 4], [22, 4], [21, 4], [20, 5], [19, 6], [18, 6], [17, 7], [16, 7], [15, 6], [14, 6], [13, 7]]
[[23, 4], [22, 5], [21, 4], [20, 3], [19, 3], [18, 3], [17, 3], [16, 4], [15, 5], [14, 6], [13, 7]]
[[23, 4], [22, 5], [21, 4], [20, 5], [19, 4], [18, 5], [17, 4], [16, 4], [15, 5], [14, 6], [13, 7]]
[[23, 4], [22, 4], [21, 3], [20, 3], [19, 3], [18, 3], [17, 3], [16, 4], [15, 5], [14, 6], [13, 7]]
[[23, 4], [22, 4], [21, 4], [20, 5], [19, 5], [18, 4], [17, 4], [16, 5], [15, 6], [14, 6], [13, 7]]
[[23, 4], [22, 5], [21, 6], [20, 7], [19, 8], [18, 9], [17, 8], [16, 7], [15, 7], [14, 8], [13, 7]]
[[23, 4], [22, 5], [21, 6], [20, 7], [19, 7], [18, 6], [17, 7], [16, 6], [15, 6], [14, 7], [13, 7]]
[[23, 4], [22, 5], [21, 6], [20, 5], [19, 5], [18, 5], [17, 5], [16, 4], [15, 5], [14, 6], [13, 7]]
[[23, 4], [22, 5], [21, 4], [20, 5], [19, 4], [18, 5], [18, 6], [17, 7], [16, 7], [15, 7], [14, 8], [13, 7]]
[[23, 4], [22, 4], [22, 5], [21, 6], [20, 6], [19, 5], [18, 4], [17, 5], [16, 6], [15, 7], [14, 8], [13, 7]]
[[23, 4], [22, 5], [21, 6], [20, 7], [20, 6], [19, 6], [18, 5], [17, 5], [16, 5], [15, 6], [14, 7], [13, 7]]
[[23, 4], [22, 5], [21, 6], [20, 7], [20, 6], [19, 6], [18, 5], [17, 5], [16, 5], [15, 4], [14, 5], [14, 6], [13, 5], [12, 6], [13, 6], [14, 6], [13, 7]]
[[23, 4], [22, 5], [22, 4], [21, 4], [20, 5], [19, 4], [18, 5], [17, 5], [16, 5], [15, 5], [15, 4], [15, 5], [16, 5], [15, 5], [14, 6], [14, 7], [13, 7]]
[[23, 4], [22, 4], [21, 4], [20, 4], [20, 5], [19, 5], [18, 4], [17, 3], [16, 4], [17, 5], [17, 4], [16, 5], [15, 6], [14, 5], [14, 6], [15, 7], [14, 8], [15, 9], [15, 10], [14, 9], [13, 10], [12, 11], [11, 12], [10, 13], [10, 14], [11, 14], [11, 13], [12, 13], [13, 13], [12, 12], [13, 12], [13, 11], [12, 10], [12, 9], [12, 8], [13, 7]]
[[23, 4], [24, 5], [25, 6], [26, 7], [25, 7], [24, 7], [23, 7], [24, 6], [24, 7], [25, 7], [25, 8], [24, 7], [23, 7], [22, 7], [23, 7], [22, 7], [21, 6], [20, 6], [20, 5], [20, 4], [20, 3], [21, 2], [20, 2], [20, 1], [20, 2], [19, 1], [18, 2], [18, 3], [17, 3], [18, 3], [19, 4], [20, 3], [21, 3], [21, 4], [20, 4], [19, 4], [20, 5], [19, 4], [18, 5], [18, 6], [19, 6], [19, 7], [19, 8], [18, 7], [17, 7], [17, 8], [16, 7], [15, 6], [16, 7], [16, 8], [17, 7], [16, 8], [15, 9], [14, 8], [14, 7], [13, 7]]
[[23, 4], [22, 4], [23, 5], [24, 6], [25, 5], [26, 5], [27, 4], [28, 3], [28, 4], [29, 3], [29, 2], [29, 1], [28, 2], [27, 3], [27, 2], [26, 1], [27, 1], [26, 2], [25, 1], [24, 2], [25, 2], [24, 1], [23, 2], [23, 3], [22, 2], [21, 1], [21, 0], [22, 1], [21, 2], [20, 2], [19, 3], [19, 4], [18, 3], [17, 2], [17, 3], [16, 4], [15, 4], [15, 3], [15, 2], [16, 2], [15, 1], [14, 0], [15, 0], [14, 1], [13, 1], [12, 1], [11, 1], [10, 0], [10, 1], [10, 2], [9, 1], [8, 0], [7, 1], [8, 2], [9, 3], [10, 3], [11, 3], [10, 4], [11, 5], [12, 6], [13, 7]]
