[[6, 8], [5, 9], [6, 10], [7, 11], [8, 12], [8, 13], [7, 14], [8, 15], [8, 16]]
[[6, 8], [6, 9], [6, 10], [7, 11], [6, 12], [7, 13], [7, 14], [8, 15], [8, 16]]
[[6, 8], [6, 9], [7, 10], [8, 11], [9, 12], [8, 13], [7, 14], [8, 15], [8, 16]]
[[6, 8], [6, 9], [7, 10], [8, 11], [9, 12], [8, 13], [9, 14], [8, 15], [8, 16]]
[[6, 8], [7, 9], [7, 10], [8, 11], [9, 12], [8, 13], [7, 14], [8, 15], [8, 16]]
[[6, 8], [7, 9], [7, 10], [8, 11], [8, 12], [9, 13], [9, 14], [9, 15], [8, 16]]
[[6, 8], [7, 9], [8, 10], [8, 11], [9, 12], [9, 13], [10, 14], [9, 15], [8, 16]]
[[6, 8], [6, 9], [7, 10], [8, 11], [9, 12], [8, 13], [9, 14], [8, 15], [8, 16]]
[[6, 8], [5, 9], [6, 10], [7, 11], [8, 12], [8, 13], [7, 14], [8, 15], [8, 16]]
[[6, 8], [6, 9], [7, 10], [8, 11], [9, 12], [8, 13], [7, 14], [8, 15], [8, 16]]
[[6, 8], [7, 9], [7, 10], [8, 11], [8, 12], [9, 13], [9, 14], [8, 15], [8, 16]]
[[6, 8], [7, 9], [7, 10], [8, 11], [9, 12], [8, 13], [7, 14], [8, 15], [8, 16]]
[[6, 8], [7, 9], [6, 10], [7, 11], [8, 11], [9, 12], [10, 13], [9, 14], [8, 15], [8, 16]]
[[6, 8], [5, 8], [6, 9], [7, 10], [8, 11], [8, 12], [9, 13], [10, 13], [9, 14], [9, 15], [8, 16]]
[[6, 8], [7, 9], [7, 10], [7, 11], [8, 12], [8, 13], [7, 14], [8, 15], [9, 14], [9, 15], [8, 16]]
[[6, 8], [7, 8], [8, 9], [9, 10], [8, 11], [9, 12], [10, 13], [9, 14], [10, 15], [10, 16], [9, 15], [8, 16]]
[[6, 8], [5, 8], [6, 8], [7, 9], [8, 8], [9, 7], [8, 8], [9, 7], [10, 6], [11, 7], [11, 8], [11, 9], [10, 10], [11, 11], [10, 12], [9, 12], [8, 13], [9, 13], [9, 14], [9, 15], [8, 16]]
[[6, 8], [5, 8], [6, 9], [7, 10], [6, 10], [6, 11], [6, 12], [5, 13], [4, 14], [3, 15], [3, 16], [2, 16], [2, 17], [1, 18], [0, 17], [1, 16], [0, 16], [1, 17], [0, 18], [1, 19], [2, 18], [3, 18], [4, 18], [4, 19], [5, 19], [5, 18], [6, 19], [7, 19], [6, 18], [7, 17], [6, 17], [7, 18], [7, 17], [8, 17], [8, 16]]
[[6, 8], [7, 8], [7, 7], [8, 6], [7, 7], [6, 8], [6, 9], [7, 10], [8, 11], [7, 10], [7, 9], [7, 10], [6, 11], [6, 12], [7, 11], [6, 10], [7, 9], [7, 10], [6, 9], [5, 10], [6, 11], [5, 10], [4, 10], [3, 11], [2, 11], [1, 12], [2, 13], [1, 14], [0, 13], [1, 14], [1, 15], [2, 14], [3, 15], [2, 15], [1, 15], [0, 15], [0, 16], [1, 16], [0, 17], [1, 17], [2, 17], [2, 18], [1, 18], [2, 17], [3, 16], [4, 17], [5, 16], [6, 16], [7, 17], [8, 17], [8, 18], [9, 18], [8, 17], [8, 16]]
