[[6, 14], [7, 13], [8, 13], [9, 12], [10, 12], [11, 11], [12, 12], [13, 11], [14, 11], [15, 10], [16, 11], [17, 12]]
[[6, 14], [7, 14], [8, 14], [9, 13], [10, 14], [11, 14], [12, 14], [13, 13], [14, 12], [15, 12], [16, 12], [17, 12]]
[[6, 14], [7, 13], [8, 12], [9, 13], [10, 12], [11, 12], [12, 12], [13, 11], [14, 10], [15, 10], [16, 11], [17, 12]]
[[6, 14], [7, 13], [8, 14], [9, 14], [10, 14], [11, 14], [12, 14], [13, 13], [14, 13], [15, 13], [16, 12], [17, 12]]
[[6, 14], [7, 14], [8, 15], [9, 14], [10, 15], [11, 14], [12, 14], [13, 15], [14, 14], [15, 13], [16, 12], [17, 12]]
[[6, 14], [7, 14], [8, 13], [9, 14], [10, 15], [11, 14], [12, 14], [13, 13], [14, 12], [15, 12], [16, 12], [17, 12]]
[[6, 14], [7, 13], [8, 13], [9, 12], [10, 12], [11, 11], [12, 12], [13, 11], [14, 11], [15, 10], [16, 11], [17, 12]]
[[6, 14], [7, 14], [8, 15], [9, 15], [10, 14], [11, 15], [12, 14], [13, 13], [14, 12], [15, 12], [16, 12], [17, 12]]
[[6, 14], [7, 14], [8, 14], [9, 13], [10, 13], [11, 12], [12, 12], [13, 13], [14, 12], [15, 13], [16, 12], [17, 12]]
[[6, 14], [7, 13], [8, 14], [9, 14], [10, 13], [11, 14], [12, 14], [13, 13], [14, 12], [15, 13], [16, 12], [17, 12]]
[[6, 14], [7, 13], [8, 13], [9, 14], [10, 14], [11, 14], [12, 14], [13, 13], [14, 12], [15, 11], [16, 11], [17, 12]]
[[6, 14], [7, 13], [8, 13], [9, 14], [10, 13], [11, 14], [12, 14], [13, 14], [14, 14], [15, 13], [16, 12], [17, 12]]
[[6, 14], [7, 14], [8, 13], [9, 13], [10, 14], [11, 15], [12, 14], [13, 14], [14, 14], [15, 13], [16, 12], [17, 12]]
[[6, 14], [7, 13], [8, 13], [9, 14], [10, 14], [11, 14], [12, 14], [13, 14], [14, 13], [15, 12], [16, 11], [17, 12]]
[[6, 14], [7, 13], [8, 13], [9, 14], [10, 15], [11, 14], [12, 14], [13, 14], [14, 14], [15, 13], [16, 12], [17, 12]]
[[6, 14], [5, 13], [6, 13], [7, 14], [8, 14], [9, 13], [10, 14], [10, 15], [11, 14], [11, 15], [12, 14], [13, 13], [13, 14], [14, 13], [15, 13], [16, 12], [17, 12]]
[[6, 14], [6, 13], [7, 13], [7, 14], [7, 15], [8, 14], [9, 14], [10, 15], [9, 15], [10, 15], [11, 15], [12, 16], [13, 15], [14, 14], [15, 15], [16, 14], [17, 13], [17, 12]]
[[6, 14], [7, 13], [7, 12], [8, 12], [9, 12], [9, 13], [10, 13], [10, 12], [10, 11], [11, 11], [12, 10], [13, 11], [13, 12], [14, 13], [15, 14], [15, 13], [16, 12], [17, 12]]
[[6, 14], [7, 14], [7, 13], [8, 13], [9, 12], [8, 13], [9, 13], [10, 13], [10, 14], [11, 15], [10, 15], [11, 15], [11, 16], [11, 15], [10, 15], [11, 15], [12, 16], [13, 17], [13, 16], [13, 15], [14, 16], [15, 15], [16, 14], [17, 13], [17, 12]]
[[6, 14], [7, 13], [7, 12], [8, 12], [9, 12], [9, 13], [10, 13], [10, 12], [11, 12], [11, 11], [10, 10], [9, 11], [8, 11], [8, 10], [8, 9], [7, 10], [6, 11], [5, 10], [5, 9], [4, 8], [5, 7], [5, 8], [6, 9], [6, 8], [7, 7], [6, 6], [7, 6], [7, 5], [8, 5], [9, 6], [10, 5], [11, 5], [10, 6], [11, 7], [12, 8], [11, 8], [10, 8], [10, 9], [11, 10], [11, 9], [12, 9], [12, 10], [13, 10], [14, 10], [15, 11], [16, 11], [17, 12]]
