[[16, 14], [15, 13], [14, 12], [14, 11], [13, 10], [12, 9], [12, 8], [11, 7], [11, 6], [10, 5], [9, 4], [8, 3], [7, 2], [7, 1], [7, 0]]
[[16, 14], [15, 13], [14, 12], [13, 11], [13, 10], [12, 9], [11, 8], [11, 7], [11, 6], [10, 5], [9, 4], [8, 3], [7, 2], [7, 1], [7, 0]]
[[16, 14], [15, 13], [14, 12], [13, 11], [12, 10], [12, 9], [11, 8], [10, 7], [9, 6], [8, 5], [7, 4], [7, 3], [6, 2], [6, 1], [7, 0]]
[[16, 14], [15, 13], [15, 12], [14, 11], [13, 10], [12, 9], [11, 8], [10, 7], [9, 6], [8, 5], [7, 4], [8, 3], [7, 2], [6, 1], [7, 0]]
[[16, 14], [15, 13], [14, 12], [13, 11], [13, 10], [12, 9], [13, 8], [12, 7], [11, 6], [10, 5], [9, 4], [8, 3], [8, 2], [7, 1], [7, 0]]
[[16, 14], [15, 13], [14, 12], [13, 11], [12, 10], [12, 9], [11, 8], [11, 7], [10, 6], [9, 5], [9, 4], [8, 3], [7, 2], [7, 1], [7, 0]]
[[16, 14], [15, 13], [15, 12], [14, 11], [13, 10], [12, 9], [11, 8], [12, 7], [11, 6], [10, 5], [9, 4], [8, 3], [7, 2], [6, 1], [7, 0]]
[[16, 14], [15, 13], [14, 12], [13, 11], [13, 10], [12, 9], [12, 8], [11, 7], [10, 6], [9, 5], [9, 4], [8, 3], [8, 2], [7, 1], [7, 0]]
[[16, 14], [15, 13], [15, 12], [14, 11], [13, 10], [14, 9], [13, 8], [12, 7], [11, 6], [10, 5], [9, 4], [8, 3], [8, 2], [7, 1], [7, 0]]
[[16, 14], [15, 13], [14, 12], [14, 11], [13, 10], [12, 9], [12, 8], [11, 7], [11, 6], [10, 5], [9, 4], [8, 3], [7, 2], [7, 1], [7, 0]]
[[16, 14], [15, 13], [14, 12], [13, 11], [12, 10], [11, 10], [10, 9], [10, 8], [9, 7], [8, 6], [8, 5], [7, 4], [6, 3], [5, 2], [6, 1], [7, 0]]
[[16, 14], [15, 13], [14, 12], [13, 12], [12, 11], [11, 10], [10, 9], [9, 8], [8, 7], [7, 6], [6, 5], [7, 4], [8, 3], [7, 2], [7, 1], [7, 0]]
[[16, 14], [15, 14], [14, 13], [13, 12], [12, 11], [11, 10], [10, 9], [9, 8], [8, 7], [7, 6], [7, 5], [6, 4], [5, 3], [6, 2], [6, 1], [7, 0]]
[[16, 14], [15, 13], [14, 12], [13, 12], [12, 11], [11, 10], [10, 9], [9, 8], [8, 7], [8, 6], [7, 5], [6, 4], [7, 3], [6, 2], [7, 1], [7, 0]]
[[16, 14], [15, 13], [14, 13], [13, 12], [12, 11], [11, 10], [10, 9], [9, 8], [9, 7], [8, 6], [9, 5], [9, 4], [8, 3], [7, 2], [7, 1], [7, 0]]
[[16, 14], [15, 13], [14, 12], [13, 12], [12, 11], [12, 10], [12, 9], [13, 8], [12, 7], [11, 6], [10, 5], [9, 4], [8, 3], [7, 2], [6, 1], [7, 0]]
[[16, 14], [15, 13], [14, 12], [13, 12], [12, 11], [11, 10], [10, 9], [9, 8], [9, 7], [8, 6], [7, 5], [7, 4], [8, 3], [7, 2], [7, 1], [7, 0]]
[[16, 14], [15, 13], [14, 12], [13, 12], [12, 11], [11, 10], [10, 9], [10, 8], [9, 7], [9, 6], [9, 5], [9, 4], [8, 3], [7, 2], [6, 1], [7, 0]]
[[16, 14], [15, 13], [14, 13], [13, 12], [12, 11], [11, 10], [10, 9], [10, 8], [9, 7], [8, 6], [8, 5], [7, 4], [6, 3], [5, 2], [6, 1], [7, 0]]
[[16, 14], [15, 13], [14, 12], [13, 11], [12, 11], [11, 10], [10, 9], [9, 8], [8, 7], [9, 6], [8, 5], [9, 4], [8, 3], [8, 2], [7, 1], [7, 0]]
