[[1, 5], [2, 4], [3, 5], [4, 4], [5, 3], [6, 3], [7, 2], [8, 2], [9, 3], [10, 3], [11, 3], [12, 4], [13, 5], [14, 6], [15, 6], [16, 7]]
[[1, 5], [2, 4], [3, 3], [4, 2], [5, 1], [6, 2], [7, 3], [8, 2], [9, 2], [10, 3], [11, 4], [12, 5], [13, 5], [14, 6], [15, 6], [16, 7]]
[[1, 5], [2, 4], [3, 5], [4, 4], [5, 3], [6, 3], [7, 4], [8, 3], [9, 2], [10, 3], [11, 4], [12, 4], [13, 5], [14, 6], [15, 6], [16, 7]]
[[1, 5], [2, 4], [3, 5], [4, 4], [5, 3], [6, 3], [7, 2], [8, 2], [9, 3], [10, 3], [11, 3], [12, 4], [13, 5], [14, 6], [15, 6], [16, 7]]
[[1, 5], [2, 4], [3, 3], [4, 2], [5, 3], [6, 4], [7, 4], [8, 3], [9, 3], [10, 3], [11, 4], [12, 4], [13, 5], [14, 6], [15, 6], [16, 7]]
[[1, 5], [2, 4], [3, 3], [4, 4], [5, 3], [6, 3], [7, 4], [8, 3], [9, 4], [10, 5], [11, 4], [12, 4], [13, 5], [14, 6], [15, 7], [16, 7]]
[[1, 5], [2, 4], [3, 3], [4, 2], [5, 2], [6, 3], [7, 4], [8, 3], [9, 2], [10, 3], [11, 4], [12, 4], [13, 5], [14, 6], [15, 6], [16, 7]]
[[1, 5], [2, 4], [3, 3], [4, 2], [5, 2], [6, 3], [7, 3], [8, 2], [9, 2], [10, 3], [11, 4], [12, 4], [13, 5], [14, 6], [15, 6], [16, 7]]
[[1, 5], [2, 4], [3, 3], [4, 2], [5, 2], [6, 3], [7, 2], [8, 2], [9, 3], [10, 3], [11, 3], [12, 4], [13, 5], [14, 6], [15, 7], [16, 7]]
[[1, 5], [2, 4], [3, 3], [4, 2], [5, 1], [6, 2], [7, 3], [8, 4], [9, 4], [10, 5], [11, 4], [12, 4], [13, 5], [14, 6], [15, 6], [16, 7]]
[[1, 5], [2, 4], [3, 3], [4, 2], [5, 2], [6, 1], [7, 2], [8, 2], [9, 3], [10, 3], [11, 4], [12, 5], [13, 5], [14, 6], [15, 6], [16, 7]]
[[1, 5], [2, 4], [3, 3], [4, 2], [5, 2], [6, 3], [7, 2], [8, 3], [9, 2], [10, 2], [11, 3], [12, 4], [13, 5], [14, 6], [15, 7], [16, 7]]
[[1, 5], [2, 4], [3, 3], [4, 2], [5, 2], [6, 3], [7, 2], [8, 3], [9, 3], [10, 2], [11, 3], [12, 4], [13, 5], [14, 6], [15, 7], [16, 7]]
[[1, 5], [2, 4], [3, 3], [4, 2], [5, 2], [6, 2], [7, 2], [8, 3], [9, 3], [10, 3], [11, 3], [12, 4], [13, 5], [14, 6], [15, 6], [16, 7]]
[[1, 5], [2, 4], [3, 3], [4, 2], [5, 2], [6, 1], [7, 1], [8, 1], [9, 0], [10, 0], [11, 1], [12, 2], [13, 3], [14, 4], [15, 5], [16, 6], [16, 7]]
[[1, 5], [2, 4], [3, 3], [4, 2], [5, 2], [6, 1], [7, 1], [8, 1], [9, 1], [10, 0], [11, 1], [12, 2], [13, 3], [14, 4], [15, 5], [16, 6], [16, 7]]
[[1, 5], [2, 4], [3, 3], [4, 2], [5, 1], [6, 2], [7, 2], [8, 2], [9, 2], [10, 3], [11, 4], [12, 5], [13, 4], [14, 4], [15, 5], [15, 6], [16, 7]]
[[1, 5], [2, 4], [3, 3], [4, 2], [5, 2], [6, 2], [7, 3], [8, 3], [9, 3], [10, 2], [11, 3], [12, 3], [13, 4], [14, 4], [15, 5], [16, 6], [16, 7]]
[[1, 5], [2, 4], [3, 3], [4, 2], [5, 1], [6, 0], [7, 1], [8, 2], [9, 3], [10, 3], [10, 2], [11, 3], [12, 4], [13, 4], [14, 4], [15, 5], [15, 6], [16, 7]]
[[1, 5], [2, 4], [3, 3], [3, 2], [4, 2], [5, 1], [6, 1], [6, 2], [7, 2], [8, 2], [9, 2], [10, 2], [11, 1], [12, 2], [12, 3], [13, 3], [14, 4], [15, 5], [16, 6], [16, 7]]
