[[16, 19], [15, 18], [14, 17], [13, 16], [12, 15], [11, 14], [10, 13], [9, 12], [8, 11], [7, 10], [6, 9], [5, 9]]
[[16, 19], [15, 18], [14, 17], [13, 16], [12, 15], [11, 14], [10, 13], [9, 12], [8, 11], [7, 11], [6, 10], [5, 9]]
[[16, 19], [15, 18], [14, 17], [13, 16], [12, 15], [11, 14], [10, 13], [9, 13], [8, 12], [7, 11], [6, 10], [5, 9]]
[[16, 19], [15, 18], [14, 17], [13, 16], [12, 15], [11, 14], [10, 13], [9, 12], [8, 11], [7, 11], [6, 10], [5, 9]]
[[16, 19], [15, 18], [14, 17], [13, 16], [12, 15], [11, 14], [10, 13], [9, 12], [8, 11], [7, 10], [6, 9], [5, 9]]
[[16, 19], [15, 18], [14, 17], [13, 16], [12, 15], [11, 14], [10, 13], [9, 12], [8, 12], [7, 11], [6, 10], [5, 9]]
[[16, 19], [15, 18], [14, 17], [13, 16], [12, 15], [11, 14], [10, 13], [9, 12], [8, 12], [7, 11], [6, 10], [5, 9]]
[[16, 19], [15, 18], [14, 17], [13, 16], [12, 15], [11, 14], [10, 13], [9, 12], [8, 11], [7, 10], [6, 10], [5, 9]]
[[16, 19], [15, 18], [14, 17], [13, 16], [12, 15], [11, 14], [10, 13], [9, 12], [8, 11], [7, 10], [6, 9], [5, 9]]
[[16, 19], [15, 18], [14, 17], [13, 16], [12, 15], [11, 14], [10, 14], [9, 13], [8, 12], [7, 11], [6, 10], [5, 9]]
[[16, 19], [15, 18], [14, 17], [13, 16], [12, 15], [11, 15], [10, 14], [9, 13], [8, 12], [7, 11], [6, 10], [5, 9]]
[[16, 19], [15, 18], [14, 17], [13, 16], [12, 15], [11, 14], [10, 14], [9, 13], [8, 12], [7, 11], [6, 10], [5, 9]]
[[16, 19], [15, 18], [14, 17], [13, 16], [12, 15], [11, 14], [10, 13], [9, 12], [8, 11], [7, 11], [6, 10], [5, 9]]
[[16, 19], [15, 18], [14, 17], [13, 16], [12, 15], [11, 14], [10, 13], [9, 13], [8, 12], [7, 11], [6, 10], [5, 9]]
[[16, 19], [15, 18], [14, 17], [13, 16], [12, 15], [11, 14], [10, 14], [9, 13], [8, 12], [7, 11], [6, 10], [5, 9]]
[[16, 19], [15, 19], [14, 18], [13, 17], [13, 16], [12, 15], [11, 14], [10, 13], [9, 12], [8, 12], [7, 11], [6, 10], [5, 9]]
[[16, 19], [15, 18], [14, 17], [14, 16], [14, 15], [14, 14], [14, 13], [13, 14], [12, 13], [12, 12], [11, 12], [10, 12], [9, 12], [8, 11], [7, 10], [6, 9], [5, 9]]
[[16, 19], [15, 18], [15, 19], [14, 18], [13, 17], [12, 16], [11, 15], [10, 14], [9, 13], [9, 12], [8, 11], [8, 12], [9, 11], [9, 10], [8, 10], [7, 11], [6, 10], [5, 9]]
[[16, 19], [15, 18], [14, 18], [13, 17], [13, 16], [13, 15], [12, 14], [12, 13], [11, 12], [12, 11], [12, 10], [11, 9], [10, 8], [9, 7], [8, 7], [7, 6], [7, 7], [6, 8], [5, 9]]
[[16, 19], [15, 18], [14, 18], [14, 17], [14, 16], [13, 15], [14, 14], [14, 13], [13, 12], [12, 11], [11, 10], [11, 9], [10, 10], [10, 9], [10, 8], [9, 7], [8, 7], [7, 7], [7, 8], [6, 8], [5, 9]]
