[[15, 17], [14, 18], [13, 18], [12, 19], [11, 18], [10, 19], [9, 19], [8, 18], [7, 19], [6, 18], [5, 19]]
[[15, 17], [14, 18], [13, 18], [12, 18], [11, 18], [10, 17], [9, 17], [8, 17], [7, 18], [6, 19], [5, 19]]
[[15, 17], [14, 18], [13, 18], [12, 19], [11, 18], [10, 18], [9, 18], [8, 18], [7, 18], [6, 18], [5, 19]]
[[15, 17], [14, 18], [13, 19], [12, 19], [11, 18], [10, 17], [9, 16], [8, 17], [7, 18], [6, 18], [5, 19]]
[[15, 17], [14, 18], [13, 19], [12, 19], [11, 18], [10, 18], [9, 19], [8, 18], [7, 19], [6, 19], [5, 19]]
[[15, 17], [14, 18], [13, 18], [12, 19], [11, 19], [10, 18], [9, 17], [8, 17], [7, 18], [6, 19], [5, 19]]
[[15, 17], [14, 18], [13, 18], [12, 18], [11, 18], [10, 17], [9, 16], [8, 17], [7, 18], [6, 19], [5, 19]]
[[15, 17], [14, 18], [13, 18], [12, 18], [11, 18], [10, 19], [9, 18], [8, 17], [7, 18], [6, 19], [5, 19]]
[[15, 17], [14, 18], [13, 18], [12, 19], [11, 18], [10, 19], [9, 19], [8, 18], [7, 19], [6, 18], [5, 19]]
[[15, 17], [14, 18], [13, 18], [12, 18], [11, 18], [10, 17], [9, 18], [8, 19], [7, 18], [6, 19], [5, 19]]
[[15, 17], [14, 18], [13, 19], [12, 18], [11, 18], [10, 18], [9, 19], [8, 19], [7, 19], [6, 18], [5, 19]]
[[15, 17], [14, 18], [13, 19], [12, 19], [11, 18], [10, 19], [9, 19], [8, 19], [7, 19], [6, 18], [5, 19]]
[[15, 17], [14, 18], [13, 19], [12, 18], [11, 18], [10, 19], [9, 19], [8, 19], [7, 19], [6, 18], [5, 19]]
[[15, 17], [14, 18], [13, 19], [12, 19], [11, 18], [10, 17], [9, 18], [8, 19], [7, 18], [6, 19], [5, 19]]
[[15, 17], [14, 18], [13, 19], [12, 18], [11, 18], [10, 18], [9, 19], [8, 18], [7, 17], [6, 18], [5, 19]]
[[15, 17], [14, 18], [13, 19], [12, 18], [11, 18], [10, 18], [9, 17], [8, 17], [7, 18], [6, 19], [5, 19]]
[[15, 17], [14, 18], [13, 19], [12, 18], [11, 18], [10, 17], [9, 17], [8, 18], [7, 19], [6, 18], [5, 19]]
[[15, 17], [14, 18], [13, 19], [12, 19], [11, 19], [10, 18], [9, 19], [8, 19], [7, 18], [6, 19], [6, 18], [5, 19]]
[[15, 17], [14, 18], [13, 19], [12, 18], [11, 19], [10, 18], [9, 18], [8, 18], [7, 17], [6, 16], [5, 17], [5, 18], [5, 19]]
[[15, 17], [14, 18], [13, 18], [12, 19], [11, 19], [10, 19], [9, 18], [10, 18], [9, 19], [8, 18], [7, 19], [6, 19], [6, 18], [5, 19]]
