[[6, 7], [7, 8], [8, 9], [9, 10], [10, 11], [11, 12], [12, 13], [13, 14], [12, 15], [13, 16], [14, 17], [15, 18], [16, 19]]
[[6, 7], [7, 8], [8, 9], [9, 10], [10, 11], [10, 12], [11, 13], [12, 14], [12, 15], [13, 16], [14, 17], [15, 18], [16, 19]]
[[6, 7], [7, 8], [8, 9], [8, 10], [9, 11], [10, 12], [11, 13], [12, 14], [12, 15], [13, 16], [14, 17], [15, 18], [16, 19]]
[[6, 7], [7, 8], [8, 9], [9, 10], [10, 11], [11, 12], [12, 13], [13, 14], [12, 15], [13, 16], [14, 17], [15, 18], [16, 19]]
[[6, 7], [7, 8], [8, 9], [9, 10], [9, 11], [10, 12], [11, 13], [12, 14], [12, 15], [13, 16], [14, 17], [15, 18], [16, 19]]
[[6, 7], [7, 8], [8, 9], [9, 10], [10, 11], [10, 12], [11, 13], [12, 14], [12, 15], [13, 16], [14, 17], [15, 18], [16, 19]]
[[6, 7], [7, 8], [8, 9], [9, 10], [10, 11], [11, 12], [12, 13], [13, 14], [14, 15], [13, 16], [14, 17], [15, 18], [16, 19]]
[[6, 7], [7, 8], [8, 9], [9, 10], [10, 11], [11, 12], [12, 13], [12, 14], [12, 15], [13, 16], [14, 17], [15, 18], [16, 19]]
[[6, 7], [7, 8], [8, 9], [9, 10], [10, 11], [11, 12], [12, 13], [12, 14], [12, 15], [13, 16], [14, 17], [15, 18], [16, 19]]
[[6, 7], [7, 8], [8, 9], [9, 10], [10, 11], [11, 12], [12, 13], [12, 14], [12, 15], [13, 16], [14, 17], [15, 18], [16, 19]]
[[6, 7], [7, 8], [6, 9], [7, 10], [8, 11], [9, 12], [10, 13], [10, 14], [11, 15], [12, 15], [13, 16], [14, 17], [15, 18], [16, 19]]
[[6, 7], [7, 8], [6, 9], [7, 10], [7, 11], [8, 12], [9, 13], [10, 14], [11, 15], [12, 16], [13, 16], [14, 17], [15, 18], [16, 19]]
[[6, 7], [7, 8], [7, 9], [7, 10], [8, 11], [9, 12], [10, 13], [10, 14], [11, 15], [12, 15], [13, 16], [14, 17], [15, 18], [16, 19]]
[[6, 7], [7, 8], [7, 9], [7, 10], [8, 10], [9, 11], [10, 12], [11, 13], [12, 14], [12, 15], [13, 16], [14, 17], [15, 18], [16, 19]]
[[6, 7], [6, 8], [6, 9], [7, 10], [8, 11], [9, 12], [10, 13], [10, 14], [11, 15], [12, 16], [13, 16], [14, 17], [15, 18], [16, 19]]
[[6, 7], [6, 8], [6, 9], [7, 10], [7, 11], [8, 12], [9, 13], [10, 14], [11, 15], [12, 16], [13, 17], [14, 18], [15, 18], [16, 19]]
[[6, 7], [7, 8], [6, 9], [7, 10], [8, 11], [9, 12], [10, 13], [10, 14], [11, 15], [12, 16], [13, 17], [14, 18], [15, 18], [16, 19]]
[[6, 7], [7, 8], [8, 8], [9, 9], [10, 10], [9, 10], [10, 10], [11, 11], [12, 12], [13, 13], [13, 14], [12, 15], [13, 16], [14, 17], [15, 18], [16, 19]]
[[6, 7], [7, 8], [8, 8], [7, 9], [7, 10], [8, 11], [8, 12], [9, 11], [10, 12], [11, 12], [11, 13], [12, 14], [13, 14], [12, 15], [13, 16], [14, 17], [15, 18], [16, 19]]
[[6, 7], [7, 7], [8, 8], [8, 9], [7, 10], [8, 11], [8, 12], [9, 13], [10, 12], [11, 11], [11, 12], [12, 13], [13, 14], [14, 15], [14, 16], [15, 17], [16, 18], [16, 19]]
