[[27, 7], [28, 8], [27, 9], [27, 10], [26, 11], [25, 12], [24, 13], [23, 14], [22, 15], [21, 16]]
[[27, 7], [27, 8], [27, 9], [26, 10], [26, 11], [25, 12], [24, 13], [23, 14], [22, 15], [21, 16]]
[[27, 7], [27, 8], [26, 9], [25, 10], [25, 11], [24, 12], [24, 13], [23, 14], [22, 15], [21, 16]]
[[27, 7], [27, 8], [27, 9], [27, 10], [26, 11], [25, 12], [24, 13], [23, 14], [22, 15], [21, 16]]
[[27, 7], [27, 8], [27, 9], [27, 10], [26, 11], [25, 12], [24, 13], [23, 14], [22, 15], [21, 16]]
[[27, 7], [28, 8], [28, 9], [27, 10], [26, 11], [25, 12], [24, 13], [23, 14], [22, 15], [21, 16]]
[[27, 7], [27, 8], [27, 9], [27, 10], [26, 11], [25, 12], [24, 13], [23, 14], [22, 15], [21, 16]]
[[27, 7], [27, 8], [26, 9], [27, 10], [26, 11], [25, 12], [24, 13], [23, 14], [22, 15], [21, 16]]
[[27, 7], [28, 8], [27, 9], [26, 10], [25, 11], [24, 12], [23, 13], [23, 14], [22, 15], [21, 16]]
[[27, 7], [28, 8], [27, 9], [27, 10], [26, 11], [25, 12], [24, 13], [23, 14], [22, 15], [21, 16]]
[[27, 7], [27, 8], [26, 9], [26, 10], [25, 10], [24, 11], [25, 12], [24, 13], [25, 13], [25, 14], [25, 15], [24, 15], [23, 16], [23, 15], [22, 15], [21, 16]]
[[27, 7], [28, 8], [27, 8], [27, 9], [26, 10], [26, 11], [25, 12], [25, 11], [26, 12], [26, 13], [25, 13], [25, 14], [24, 15], [23, 16], [22, 17], [21, 16]]
[[27, 7], [28, 8], [27, 8], [27, 9], [26, 10], [26, 11], [25, 12], [25, 11], [26, 12], [26, 13], [25, 13], [25, 14], [26, 14], [25, 14], [24, 14], [23, 14], [22, 15], [21, 16]]
[[27, 7], [28, 6], [28, 7], [28, 8], [27, 9], [28, 9], [27, 10], [26, 9], [26, 10], [25, 9], [24, 10], [25, 10], [26, 11], [25, 12], [25, 13], [24, 13], [23, 12], [22, 12], [21, 12], [20, 11], [19, 12], [19, 13], [18, 14], [18, 15], [19, 14], [19, 15], [19, 16], [19, 15], [20, 15], [20, 16], [21, 16], [22, 15], [21, 16]]
[[27, 7], [28, 8], [27, 8], [27, 9], [27, 10], [28, 11], [29, 12], [28, 13], [27, 14], [26, 15], [27, 15], [27, 16], [28, 17], [29, 16], [28, 15], [29, 14], [28, 14], [29, 13], [28, 12], [29, 11], [29, 10], [28, 10], [28, 9], [29, 8], [28, 7], [29, 6], [29, 5], [29, 4], [28, 3], [27, 3], [28, 4], [27, 4], [26, 4], [25, 3], [25, 2], [24, 2], [23, 3], [22, 4], [23, 4], [24, 3], [23, 2], [22, 2], [22, 1], [22, 0], [23, 0], [23, 1], [24, 0], [25, 1], [26, 1], [27, 2], [26, 3], [25, 4], [26, 5], [25, 5], [24, 5], [24, 6], [23, 5], [22, 5], [23, 6], [22, 6], [23, 7], [22, 7], [23, 8], [24, 9], [24, 10], [24, 11], [24, 12], [25, 11], [26, 11], [26, 12], [27, 12], [26, 13], [25, 14], [24, 15], [23, 16], [23, 15], [22, 14], [23, 14], [23, 13], [24, 14], [25, 15], [24, 16], [25, 16], [26, 16], [27, 17], [27, 18], [26, 18], [27, 19], [26, 19], [25, 18], [24, 17], [24, 18], [23, 18], [22, 17], [22, 16], [23, 17], [22, 18], [21, 19], [20, 19], [20, 18], [19, 17], [20, 16], [21, 16]]
