[[18, 2], [17, 3], [16, 4], [15, 5], [14, 5], [13, 5], [12, 6], [11, 7], [10, 8], [9, 9], [8, 10], [7, 11], [6, 12], [5, 13]]
[[18, 2], [17, 3], [16, 4], [15, 3], [14, 4], [13, 5], [12, 6], [11, 7], [10, 8], [9, 9], [8, 10], [7, 11], [6, 12], [5, 13]]
[[18, 2], [17, 3], [16, 4], [15, 4], [14, 4], [13, 5], [12, 6], [11, 7], [10, 8], [9, 9], [8, 10], [7, 11], [6, 12], [5, 13]]
[[18, 2], [17, 3], [16, 2], [15, 3], [14, 4], [13, 5], [12, 6], [11, 7], [10, 8], [9, 9], [8, 10], [7, 11], [6, 12], [5, 13]]
[[18, 2], [17, 3], [16, 4], [15, 5], [14, 5], [13, 5], [12, 6], [11, 7], [10, 8], [9, 9], [8, 10], [7, 11], [6, 12], [5, 13]]
[[18, 2], [17, 2], [16, 2], [15, 3], [14, 4], [13, 5], [12, 6], [11, 7], [10, 8], [9, 9], [8, 10], [7, 11], [6, 12], [5, 13]]
[[18, 2], [17, 2], [16, 3], [15, 3], [14, 4], [13, 5], [12, 6], [11, 7], [10, 8], [9, 9], [8, 10], [7, 11], [6, 12], [5, 13]]
[[18, 2], [17, 3], [16, 4], [15, 4], [14, 5], [13, 6], [12, 6], [11, 7], [10, 8], [9, 9], [8, 10], [7, 11], [6, 12], [5, 13]]
[[18, 2], [17, 3], [16, 4], [15, 5], [14, 6], [13, 5], [12, 6], [11, 7], [10, 8], [9, 9], [8, 10], [7, 11], [6, 12], [5, 13]]
[[18, 2], [17, 3], [16, 4], [15, 5], [14, 4], [13, 5], [12, 6], [11, 7], [10, 8], [9, 9], [8, 10], [7, 11], [6, 12], [5, 13]]
[[18, 2], [17, 2], [16, 3], [15, 4], [14, 5], [13, 6], [12, 6], [11, 7], [10, 8], [9, 9], [8, 10], [7, 11], [6, 12], [5, 13]]
[[18, 2], [17, 3], [16, 4], [15, 5], [14, 6], [13, 5], [12, 6], [11, 7], [10, 8], [9, 9], [8, 10], [7, 11], [6, 12], [5, 13]]
[[18, 2], [17, 3], [16, 4], [15, 5], [14, 5], [13, 5], [12, 6], [11, 7], [10, 8], [9, 9], [8, 10], [7, 11], [6, 12], [5, 13]]
[[18, 2], [17, 3], [16, 4], [15, 4], [14, 5], [13, 6], [12, 6], [11, 7], [10, 8], [9, 9], [8, 10], [7, 11], [6, 12], [5, 13]]
[[18, 2], [17, 1], [16, 2], [15, 3], [14, 4], [13, 5], [12, 6], [11, 7], [10, 8], [9, 9], [8, 10], [7, 11], [6, 12], [5, 13]]
[[18, 2], [17, 2], [16, 3], [15, 3], [14, 4], [13, 5], [12, 6], [11, 7], [10, 8], [10, 9], [9, 10], [8, 11], [7, 12], [6, 11], [5, 12], [5, 13]]
[[18, 2], [17, 3], [16, 2], [15, 3], [14, 4], [13, 5], [12, 5], [11, 6], [10, 7], [9, 7], [8, 8], [9, 9], [8, 10], [7, 11], [6, 12], [5, 13]]
[[18, 2], [17, 2], [16, 3], [15, 4], [16, 5], [15, 5], [14, 5], [13, 5], [12, 5], [11, 6], [12, 6], [11, 7], [10, 6], [9, 7], [8, 7], [7, 8], [6, 9], [5, 10], [5, 11], [4, 12], [5, 13]]
[[18, 2], [19, 3], [18, 2], [18, 3], [17, 4], [16, 3], [15, 4], [14, 3], [13, 4], [12, 5], [11, 6], [10, 7], [11, 6], [10, 6], [9, 7], [8, 8], [7, 8], [6, 9], [5, 9], [6, 10], [6, 11], [5, 12], [5, 13]]
[[18, 2], [19, 3], [20, 4], [19, 3], [18, 2], [17, 1], [17, 0], [16, 1], [16, 2], [17, 2], [17, 3], [16, 4], [15, 5], [14, 5], [13, 5], [12, 5], [12, 4], [11, 5], [10, 6], [10, 7], [9, 7], [8, 7], [8, 8], [7, 8], [6, 8], [6, 9], [6, 10], [7, 9], [6, 10], [7, 11], [7, 12], [6, 13], [6, 12], [5, 13]]
