[[6, 13], [5, 12], [5, 11], [4, 10], [3, 9]]
[[6, 13], [5, 12], [4, 11], [3, 10], [3, 9]]
[[6, 13], [6, 12], [5, 11], [4, 10], [3, 9]]
[[6, 13], [5, 12], [5, 11], [4, 10], [3, 9]]
[[6, 13], [5, 12], [5, 11], [4, 10], [3, 9]]
[[6, 13], [5, 12], [5, 11], [4, 10], [3, 9]]
[[6, 13], [5, 12], [5, 11], [4, 10], [3, 9]]
[[6, 13], [5, 12], [4, 11], [3, 10], [3, 9]]
[[6, 13], [5, 12], [4, 11], [3, 10], [3, 9]]
[[6, 13], [5, 12], [5, 11], [4, 10], [3, 9]]
[[6, 13], [5, 12], [4, 11], [3, 10], [3, 9]]
[[6, 13], [5, 12], [5, 11], [4, 10], [3, 9]]
[[6, 13], [5, 12], [4, 11], [4, 10], [3, 9]]
[[6, 13], [5, 12], [4, 12], [4, 11], [3, 10], [3, 9]]
[[6, 13], [5, 12], [4, 12], [4, 11], [3, 10], [3, 9]]
[[6, 13], [5, 12], [4, 12], [3, 12], [4, 11], [3, 10], [3, 9]]
[[6, 13], [5, 12], [6, 12], [6, 11], [6, 10], [5, 10], [4, 11], [3, 10], [3, 9]]
[[6, 13], [6, 14], [5, 14], [5, 15], [5, 16], [6, 15], [7, 14], [8, 15], [8, 16], [9, 17], [10, 17], [9, 17], [8, 18], [7, 18], [6, 18], [5, 18], [6, 17], [6, 18], [5, 18], [6, 18], [5, 17], [6, 16], [6, 15], [5, 14], [6, 14], [7, 14], [6, 13], [5, 12], [6, 11], [6, 10], [7, 9], [6, 10], [5, 11], [4, 11], [3, 10], [2, 10], [3, 9], [4, 8], [3, 7], [2, 6], [2, 5], [1, 6], [2, 7], [1, 7], [1, 8], [0, 7], [1, 8], [1, 9], [0, 8], [0, 9], [1, 10], [2, 11], [3, 12], [4, 13], [3, 14], [4, 15], [4, 16], [3, 16], [4, 17], [3, 18], [3, 17], [4, 18], [3, 19], [2, 18], [1, 19], [0, 18], [0, 17], [1, 16], [1, 17], [2, 17], [3, 16], [2, 15], [2, 14], [3, 13], [4, 13], [5, 12], [4, 11], [4, 10], [3, 9], [4, 8], [3, 9]]
