[[18, 0], [17, 1], [18, 2], [18, 3], [18, 4], [19, 5], [20, 6], [20, 7], [21, 8]]
[[18, 0], [19, 1], [20, 2], [19, 3], [20, 4], [21, 5], [21, 6], [20, 7], [21, 8]]
[[18, 0], [18, 1], [19, 2], [18, 3], [17, 4], [18, 5], [19, 6], [20, 7], [21, 8]]
[[18, 0], [19, 1], [18, 2], [18, 3], [18, 4], [18, 5], [19, 6], [20, 7], [21, 8]]
[[18, 0], [18, 1], [18, 2], [18, 3], [18, 4], [18, 5], [19, 6], [20, 7], [21, 8]]
[[18, 0], [17, 1], [18, 2], [18, 3], [17, 4], [18, 5], [19, 6], [20, 7], [21, 8]]
[[18, 0], [17, 1], [18, 2], [19, 3], [18, 4], [18, 5], [19, 6], [20, 7], [21, 8]]
[[18, 0], [18, 1], [18, 2], [17, 3], [18, 4], [19, 5], [19, 6], [20, 7], [21, 8]]
[[18, 0], [17, 1], [18, 2], [18, 3], [18, 4], [19, 5], [20, 6], [20, 7], [21, 8]]
[[18, 0], [17, 1], [18, 2], [19, 3], [20, 4], [20, 5], [20, 6], [20, 7], [21, 8]]
[[18, 0], [18, 1], [18, 2], [19, 3], [18, 4], [19, 5], [19, 6], [20, 7], [21, 8]]
[[18, 0], [19, 1], [18, 2], [19, 3], [20, 4], [21, 5], [21, 6], [22, 7], [21, 8]]
[[18, 0], [18, 1], [17, 2], [18, 3], [17, 4], [18, 5], [19, 6], [20, 7], [21, 8]]
[[18, 0], [19, 1], [18, 2], [19, 3], [18, 4], [19, 5], [19, 6], [20, 7], [20, 8], [21, 8]]
[[18, 0], [17, 1], [18, 2], [18, 3], [18, 4], [19, 5], [19, 6], [19, 7], [20, 7], [21, 8]]
[[18, 0], [18, 1], [18, 2], [19, 3], [18, 4], [19, 5], [18, 6], [19, 6], [20, 7], [21, 8]]
[[18, 0], [18, 1], [18, 2], [17, 3], [17, 4], [18, 5], [19, 6], [20, 6], [19, 7], [20, 8], [21, 8]]
[[18, 0], [18, 1], [18, 2], [18, 3], [17, 3], [18, 4], [18, 5], [19, 6], [19, 7], [20, 8], [21, 8]]
[[18, 0], [17, 1], [18, 2], [19, 3], [19, 2], [18, 2], [17, 2], [16, 1], [17, 1], [18, 1], [19, 0], [19, 1], [20, 1], [21, 2], [22, 1], [23, 2], [22, 3], [22, 4], [23, 4], [22, 5], [21, 4], [20, 5], [21, 6], [20, 7], [20, 8], [21, 8]]
[[18, 0], [18, 1], [17, 0], [16, 1], [16, 0], [17, 1], [18, 2], [19, 2], [20, 1], [20, 2], [19, 2], [20, 2], [20, 1], [21, 1], [22, 2], [23, 2], [22, 2], [23, 2], [24, 1], [25, 0], [24, 0], [25, 0], [26, 1], [27, 1], [27, 2], [26, 3], [27, 4], [28, 5], [28, 6], [29, 5], [29, 6], [29, 7], [28, 8], [28, 9], [28, 10], [29, 10], [29, 11], [28, 12], [28, 13], [27, 13], [26, 13], [25, 12], [25, 13], [24, 13], [25, 14], [24, 14], [23, 13], [22, 13], [21, 13], [21, 12], [20, 11], [20, 10], [19, 10], [20, 9], [21, 8]]
