[[18, 6], [17, 5], [16, 5], [15, 4], [14, 4], [13, 4], [12, 3], [11, 3], [10, 4], [9, 3], [8, 2], [7, 2], [6, 1], [5, 2], [4, 1], [3, 1], [2, 0]]
[[18, 6], [17, 5], [16, 4], [15, 5], [14, 4], [13, 5], [12, 4], [11, 4], [10, 3], [9, 3], [8, 3], [7, 3], [6, 2], [5, 1], [4, 0], [3, 0], [2, 0]]
[[18, 6], [17, 6], [16, 5], [15, 5], [14, 4], [13, 4], [12, 5], [11, 4], [10, 4], [9, 3], [8, 2], [7, 2], [6, 2], [5, 1], [4, 0], [3, 0], [2, 0]]
[[18, 6], [17, 5], [16, 4], [15, 5], [14, 4], [13, 5], [12, 4], [11, 4], [10, 4], [9, 3], [8, 3], [7, 3], [6, 2], [5, 3], [4, 2], [3, 1], [2, 0]]
[[18, 6], [17, 5], [16, 5], [15, 4], [14, 4], [13, 4], [12, 3], [11, 3], [10, 4], [9, 3], [8, 2], [7, 2], [6, 1], [5, 2], [4, 1], [3, 1], [2, 0]]
[[18, 6], [17, 5], [16, 6], [15, 5], [14, 4], [13, 5], [12, 6], [11, 5], [10, 4], [9, 3], [8, 2], [7, 2], [6, 3], [5, 2], [4, 1], [3, 0], [2, 0]]
[[18, 6], [17, 5], [16, 6], [15, 5], [14, 6], [13, 5], [12, 4], [11, 3], [10, 4], [9, 3], [8, 2], [7, 2], [6, 3], [5, 3], [4, 2], [3, 1], [2, 0]]
[[18, 6], [17, 6], [16, 5], [15, 4], [14, 4], [13, 5], [12, 4], [11, 5], [10, 4], [9, 3], [8, 4], [7, 3], [6, 3], [5, 2], [4, 1], [3, 1], [2, 0]]
[[18, 6], [17, 5], [16, 4], [15, 3], [14, 2], [13, 1], [12, 1], [11, 1], [10, 1], [9, 1], [8, 1], [7, 0], [6, 1], [5, 0], [4, 0], [3, 0], [2, 0]]
[[18, 6], [17, 5], [16, 6], [15, 5], [14, 5], [13, 4], [12, 4], [11, 3], [10, 3], [9, 3], [8, 2], [7, 2], [6, 2], [5, 1], [4, 1], [3, 0], [2, 0]]
[[18, 6], [17, 5], [16, 6], [15, 6], [14, 5], [13, 4], [12, 3], [11, 4], [10, 4], [9, 3], [8, 3], [7, 3], [6, 2], [5, 1], [4, 1], [3, 0], [2, 0]]
[[18, 6], [17, 6], [16, 5], [15, 5], [14, 5], [13, 4], [12, 3], [11, 4], [10, 4], [9, 3], [8, 2], [7, 3], [6, 2], [5, 2], [4, 1], [3, 1], [2, 0]]
[[18, 6], [17, 7], [16, 6], [15, 6], [14, 6], [13, 5], [12, 4], [11, 4], [10, 3], [9, 2], [8, 3], [7, 2], [6, 1], [5, 2], [4, 1], [3, 0], [2, 0]]
[[18, 6], [17, 6], [16, 6], [15, 5], [14, 4], [13, 4], [12, 3], [11, 4], [10, 4], [9, 3], [8, 3], [7, 2], [6, 1], [5, 2], [4, 1], [3, 0], [2, 0]]
[[18, 6], [17, 5], [16, 4], [15, 3], [14, 3], [13, 4], [12, 3], [11, 4], [10, 4], [9, 3], [8, 3], [7, 2], [6, 3], [5, 3], [4, 2], [3, 1], [2, 0]]
[[18, 6], [17, 5], [16, 4], [15, 3], [14, 2], [13, 1], [12, 1], [11, 1], [10, 1], [9, 1], [8, 1], [7, 0], [6, 1], [5, 0], [4, 0], [3, 0], [2, 0]]
[[18, 6], [17, 7], [16, 7], [15, 6], [14, 6], [13, 5], [12, 4], [11, 3], [10, 3], [9, 3], [8, 2], [8, 1], [7, 0], [6, 0], [5, 1], [4, 0], [3, 1], [2, 0]]
[[18, 6], [17, 5], [17, 6], [16, 6], [15, 6], [14, 5], [13, 4], [12, 4], [11, 3], [10, 4], [9, 3], [8, 4], [7, 3], [6, 3], [5, 4], [5, 3], [4, 2], [3, 1], [2, 0]]
[[18, 6], [17, 5], [16, 6], [15, 6], [14, 6], [13, 5], [12, 4], [11, 4], [10, 3], [9, 3], [8, 3], [7, 3], [6, 4], [5, 4], [5, 3], [5, 2], [4, 2], [3, 1], [2, 0]]
[[18, 6], [18, 7], [17, 8], [16, 8], [15, 7], [14, 6], [13, 5], [12, 4], [11, 5], [10, 4], [9, 5], [8, 4], [7, 3], [6, 2], [5, 2], [4, 2], [3, 1], [2, 1], [2, 0]]
