[[29, 18], [29, 17], [28, 16], [27, 16], [26, 15], [25, 14], [24, 13], [23, 13], [22, 12], [21, 11], [20, 11], [19, 10], [18, 9], [17, 10], [16, 9], [15, 8], [14, 7], [13, 6]]
[[29, 18], [29, 17], [28, 16], [27, 15], [26, 14], [25, 14], [24, 13], [23, 12], [22, 11], [21, 10], [20, 9], [19, 9], [18, 8], [17, 7], [16, 6], [15, 6], [14, 5], [13, 6]]
[[29, 18], [29, 17], [28, 16], [27, 16], [26, 15], [25, 14], [24, 13], [23, 13], [22, 12], [21, 11], [20, 11], [19, 10], [18, 9], [17, 10], [16, 9], [15, 8], [14, 7], [13, 6]]
[[29, 18], [29, 17], [28, 16], [27, 15], [26, 14], [25, 13], [24, 13], [23, 12], [22, 11], [21, 10], [20, 9], [19, 9], [18, 8], [17, 7], [16, 6], [15, 5], [14, 5], [13, 6]]
[[29, 18], [29, 17], [28, 16], [27, 15], [26, 14], [25, 13], [24, 12], [23, 11], [22, 10], [21, 11], [20, 10], [19, 10], [18, 9], [17, 8], [16, 9], [15, 8], [14, 7], [13, 6]]
[[29, 18], [29, 17], [28, 16], [27, 15], [26, 14], [25, 13], [24, 12], [23, 11], [22, 10], [21, 10], [20, 10], [19, 9], [18, 9], [17, 10], [16, 9], [15, 8], [14, 7], [13, 6]]
[[29, 18], [29, 17], [28, 16], [27, 15], [26, 14], [25, 13], [24, 12], [23, 11], [22, 10], [21, 9], [20, 8], [19, 7], [18, 7], [17, 8], [16, 8], [15, 8], [14, 7], [13, 6]]
[[29, 18], [29, 17], [28, 16], [27, 15], [26, 14], [25, 13], [24, 12], [23, 11], [22, 11], [21, 10], [20, 9], [19, 9], [18, 8], [17, 7], [16, 6], [15, 7], [14, 7], [13, 6]]
[[29, 18], [29, 17], [28, 16], [27, 16], [26, 15], [25, 14], [24, 14], [23, 13], [22, 12], [21, 11], [20, 11], [19, 10], [18, 9], [17, 10], [16, 9], [15, 8], [14, 7], [13, 6]]
[[29, 18], [29, 17], [28, 16], [27, 15], [26, 14], [25, 13], [24, 12], [23, 11], [22, 10], [21, 9], [20, 8], [19, 8], [18, 7], [17, 7], [16, 8], [15, 7], [14, 7], [13, 6]]
[[29, 18], [29, 17], [28, 16], [27, 15], [26, 14], [25, 13], [24, 12], [23, 11], [22, 10], [21, 9], [20, 8], [19, 7], [18, 7], [17, 8], [16, 7], [15, 7], [14, 7], [13, 6]]
[[29, 18], [29, 17], [28, 16], [27, 15], [26, 14], [25, 13], [24, 12], [23, 13], [22, 12], [21, 11], [20, 10], [19, 10], [18, 9], [17, 8], [16, 8], [15, 7], [14, 7], [13, 6]]
[[29, 18], [29, 17], [28, 16], [27, 15], [26, 14], [25, 13], [24, 12], [23, 11], [22, 10], [21, 9], [20, 8], [19, 8], [18, 7], [17, 7], [16, 6], [15, 7], [14, 6], [13, 6]]
[[29, 18], [29, 17], [28, 16], [27, 15], [26, 14], [25, 13], [24, 12], [23, 12], [22, 11], [21, 10], [20, 10], [19, 9], [18, 8], [17, 8], [16, 8], [15, 7], [14, 7], [13, 6]]
[[29, 18], [29, 17], [28, 16], [27, 15], [26, 14], [25, 13], [24, 12], [23, 11], [22, 10], [21, 10], [20, 10], [19, 10], [18, 9], [17, 8], [16, 8], [15, 7], [14, 7], [13, 6]]
[[29, 18], [29, 17], [28, 16], [27, 16], [27, 15], [26, 14], [25, 13], [24, 12], [23, 11], [22, 11], [21, 10], [20, 9], [19, 9], [18, 8], [17, 7], [16, 8], [15, 7], [14, 6], [13, 6]]
[[29, 18], [29, 17], [28, 16], [27, 15], [26, 14], [25, 13], [25, 12], [24, 11], [23, 10], [22, 10], [22, 9], [21, 8], [20, 7], [19, 6], [18, 5], [17, 4], [16, 4], [15, 5], [14, 5], [13, 6]]
[[29, 18], [28, 18], [27, 17], [26, 16], [26, 15], [27, 14], [26, 13], [25, 13], [24, 12], [24, 11], [24, 10], [23, 9], [22, 8], [23, 7], [22, 6], [21, 5], [20, 6], [19, 7], [18, 7], [17, 7], [16, 6], [15, 6], [14, 7], [13, 6]]
[[29, 18], [29, 17], [29, 16], [28, 16], [27, 16], [26, 17], [26, 16], [27, 15], [26, 14], [25, 14], [24, 13], [24, 12], [24, 11], [23, 10], [22, 9], [21, 8], [20, 8], [19, 8], [18, 9], [17, 8], [16, 8], [15, 7], [14, 6], [13, 6]]
[[29, 18], [29, 17], [28, 16], [27, 15], [26, 14], [25, 13], [24, 12], [23, 12], [22, 11], [22, 10], [22, 9], [21, 8], [20, 9], [21, 8], [20, 8], [19, 8], [20, 7], [21, 6], [20, 6], [19, 7], [18, 7], [18, 8], [17, 7], [16, 7], [15, 7], [14, 7], [13, 6]]
