[[24, 13], [23, 12], [23, 11], [22, 10], [21, 10], [20, 9], [19, 9], [18, 8], [18, 7], [17, 7], [16, 7], [16, 8], [16, 7], [15, 6], [14, 5], [14, 4], [13, 3], [12, 2], [11, 1], [10, 0]]
[[24, 13], [23, 12], [22, 11], [22, 10], [21, 10], [20, 10], [20, 9], [19, 8], [19, 7], [18, 6], [18, 5], [17, 6], [16, 5], [15, 6], [14, 5], [13, 4], [13, 3], [12, 2], [11, 1], [10, 0]]
[[24, 13], [23, 12], [22, 11], [21, 10], [22, 10], [21, 10], [20, 9], [19, 8], [18, 7], [18, 6], [17, 6], [16, 5], [15, 4], [14, 3], [14, 2], [13, 2], [13, 1], [12, 1], [11, 0], [10, 0]]
[[24, 13], [23, 12], [23, 11], [22, 10], [21, 10], [20, 9], [19, 9], [18, 8], [18, 7], [17, 7], [16, 7], [16, 8], [16, 7], [15, 6], [14, 5], [14, 4], [13, 3], [12, 2], [11, 1], [10, 0]]
[[24, 13], [23, 12], [22, 11], [22, 10], [22, 9], [21, 9], [21, 8], [20, 7], [19, 7], [18, 6], [17, 5], [16, 4], [16, 5], [15, 6], [14, 5], [14, 4], [14, 3], [13, 2], [13, 3], [12, 2], [11, 1], [10, 0]]
[[24, 13], [25, 12], [24, 12], [23, 11], [22, 10], [21, 9], [20, 8], [19, 8], [19, 7], [19, 6], [18, 6], [17, 5], [17, 4], [16, 4], [16, 3], [15, 2], [15, 3], [15, 4], [14, 3], [14, 4], [13, 3], [12, 2], [11, 1], [10, 0]]
[[24, 13], [23, 13], [24, 12], [23, 11], [22, 11], [21, 10], [20, 10], [19, 10], [20, 9], [19, 8], [18, 7], [17, 6], [16, 5], [17, 5], [16, 5], [15, 4], [14, 3], [13, 3], [13, 2], [12, 3], [13, 3], [12, 2], [11, 1], [10, 0]]
[[24, 13], [23, 12], [23, 13], [23, 12], [23, 11], [22, 11], [21, 10], [22, 9], [21, 8], [20, 9], [20, 8], [19, 7], [18, 6], [18, 7], [18, 6], [17, 5], [16, 4], [15, 3], [16, 3], [15, 4], [14, 3], [13, 3], [12, 3], [11, 2], [10, 1], [10, 0]]
[[24, 13], [23, 12], [23, 11], [22, 11], [22, 10], [23, 10], [24, 10], [23, 9], [22, 9], [21, 8], [20, 8], [20, 7], [19, 7], [19, 6], [18, 7], [17, 6], [17, 5], [16, 5], [16, 4], [15, 4], [14, 5], [15, 6], [14, 6], [14, 5], [14, 4], [13, 4], [12, 3], [11, 2], [11, 1], [10, 0]]
[[24, 13], [23, 12], [23, 11], [22, 11], [21, 11], [22, 10], [21, 9], [22, 8], [21, 7], [22, 8], [23, 8], [22, 7], [21, 6], [20, 7], [20, 8], [20, 7], [19, 6], [18, 6], [17, 5], [16, 5], [15, 4], [16, 3], [15, 3], [16, 2], [15, 1], [14, 1], [13, 0], [14, 0], [13, 0], [13, 1], [12, 1], [11, 2], [10, 1], [10, 0]]
[[24, 13], [24, 12], [23, 11], [22, 11], [22, 10], [21, 9], [22, 9], [23, 8], [22, 7], [22, 8], [21, 8], [20, 7], [19, 6], [18, 6], [18, 7], [19, 6], [18, 5], [19, 6], [19, 5], [18, 6], [17, 6], [16, 5], [16, 4], [17, 4], [16, 4], [15, 3], [14, 2], [15, 2], [15, 1], [14, 1], [13, 2], [13, 3], [13, 2], [12, 3], [11, 2], [12, 1], [13, 0], [12, 0], [11, 0], [10, 0]]
[[24, 13], [23, 12], [22, 11], [21, 10], [21, 9], [20, 10], [21, 10], [21, 11], [22, 10], [23, 10], [24, 10], [23, 9], [24, 9], [23, 8], [22, 7], [22, 8], [21, 7], [20, 8], [19, 7], [18, 7], [19, 8], [18, 7], [19, 6], [19, 5], [18, 5], [17, 5], [16, 5], [15, 4], [14, 3], [14, 2], [14, 1], [15, 0], [14, 1], [13, 1], [14, 0], [13, 0], [13, 1], [12, 2], [13, 2], [12, 3], [12, 2], [11, 1], [10, 0]]
[[24, 13], [25, 12], [26, 13], [26, 12], [27, 12], [26, 11], [27, 12], [27, 13], [27, 12], [27, 11], [27, 10], [28, 10], [29, 9], [28, 9], [29, 8], [28, 7], [27, 6], [28, 6], [27, 5], [27, 4], [26, 4], [27, 4], [27, 3], [28, 3], [27, 2], [26, 1], [26, 2], [26, 1], [27, 1], [28, 0], [29, 1], [28, 1], [27, 0], [26, 1], [27, 0], [26, 1], [25, 1], [24, 2], [23, 1], [22, 1], [21, 1], [20, 1], [20, 2], [19, 1], [19, 2], [19, 3], [18, 2], [18, 3], [17, 4], [16, 5], [15, 6], [14, 7], [14, 8], [15, 9], [16, 8], [16, 7], [17, 7], [18, 6], [17, 5], [16, 4], [17, 3], [16, 2], [17, 1], [18, 0], [17, 0], [16, 0], [15, 1], [14, 1], [14, 0], [13, 0], [12, 0], [11, 1], [10, 1], [11, 2], [11, 3], [12, 3], [13, 3], [12, 4], [11, 4], [10, 3], [11, 4], [10, 4], [11, 3], [10, 3], [9, 4], [8, 3], [7, 2], [7, 3], [6, 2], [7, 2], [8, 1], [7, 1], [8, 0], [7, 1], [8, 0], [9, 0], [10, 0]]
[[24, 13], [25, 13], [26, 12], [25, 12], [26, 13], [25, 14], [25, 15], [26, 16], [26, 15], [25, 16], [25, 17], [24, 17], [23, 18], [23, 17], [24, 18], [25, 19], [25, 18], [26, 18], [27, 17], [28, 17], [28, 18], [29, 17], [28, 16], [28, 15], [29, 15], [28, 14], [29, 14], [28, 13], [29, 13], [29, 12], [28, 12], [27, 12], [28, 11], [29, 11], [28, 10], [27, 11], [26, 10], [27, 9], [27, 8], [28, 8], [29, 8], [28, 7], [27, 7], [26, 6], [26, 7], [25, 7], [24, 6], [25, 6], [24, 7], [23, 6], [22, 6], [21, 6], [22, 7], [22, 8], [21, 7], [20, 7], [20, 6], [21, 5], [20, 4], [21, 4], [21, 3], [22, 3], [23, 4], [24, 4], [25, 3], [26, 3], [27, 3], [27, 4], [27, 5], [27, 6], [28, 5], [28, 6], [29, 5], [29, 4], [29, 3], [28, 3], [27, 2], [28, 1], [28, 0], [27, 1], [27, 0], [26, 1], [26, 0], [25, 1], [24, 1], [23, 2], [23, 3], [22, 2], [21, 2], [21, 1], [20, 1], [19, 2], [18, 1], [17, 2], [17, 3], [16, 2], [15, 1], [15, 2], [14, 2], [15, 3], [16, 4], [16, 3], [15, 4], [14, 3], [13, 3], [14, 4], [13, 4], [13, 5], [14, 6], [14, 5], [13, 6], [13, 5], [12, 4], [12, 3], [12, 2], [11, 2], [10, 1], [11, 0], [10, 0]]
[[24, 13], [25, 12], [25, 13], [26, 12], [27, 12], [26, 13], [25, 14], [26, 15], [26, 14], [27, 14], [28, 15], [29, 15], [28, 16], [27, 17], [26, 18], [27, 17], [28, 17], [27, 17], [26, 16], [25, 16], [24, 15], [23, 15], [22, 15], [21, 16], [20, 16], [19, 16], [20, 17], [21, 17], [22, 17], [23, 18], [22, 17], [23, 16], [22, 17], [21, 18], [20, 18], [21, 18], [20, 19], [19, 18], [19, 17], [18, 16], [17, 15], [16, 14], [17, 15], [17, 14], [16, 15], [15, 16], [16, 16], [17, 17], [16, 16], [16, 15], [15, 15], [15, 16], [15, 17], [15, 18], [16, 18], [17, 18], [17, 19], [18, 19], [19, 18], [19, 17], [20, 17], [21, 18], [21, 19], [22, 19], [21, 18], [22, 17], [21, 16], [21, 15], [21, 14], [20, 15], [19, 14], [20, 14], [19, 13], [18, 12], [18, 11], [19, 11], [19, 12], [20, 11], [21, 11], [22, 10], [23, 9], [22, 8], [21, 7], [22, 8], [22, 7], [22, 6], [23, 5], [24, 6], [25, 5], [26, 6], [26, 5], [25, 4], [25, 3], [26, 3], [25, 4], [25, 3], [24, 4], [25, 4], [24, 5], [23, 4], [22, 5], [23, 6], [22, 5], [21, 4], [21, 3], [22, 2], [22, 3], [21, 2], [20, 3], [19, 2], [19, 3], [19, 4], [18, 5], [17, 4], [18, 5], [19, 4], [18, 5], [19, 6], [20, 7], [19, 6], [20, 6], [20, 5], [19, 4], [20, 3], [19, 2], [18, 1], [17, 1], [18, 1], [19, 1], [18, 1], [17, 2], [16, 1], [15, 1], [16, 2], [15, 2], [14, 2], [13, 3], [13, 2], [12, 1], [11, 2], [11, 1], [10, 2], [9, 2], [8, 3], [7, 4], [6, 4], [5, 3], [6, 2], [7, 1], [8, 0], [9, 1], [10, 0]]
