[[29, 1], [28, 2], [27, 1], [26, 0], [25, 1], [24, 2], [23, 1], [22, 2], [21, 1], [20, 2], [19, 2], [18, 2], [17, 2], [16, 3], [15, 3], [14, 4], [13, 5], [12, 6], [11, 6], [10, 7], [9, 8], [8, 8], [7, 9], [6, 10], [5, 10]]
[[29, 1], [28, 0], [27, 1], [26, 2], [25, 2], [24, 2], [23, 1], [22, 1], [21, 1], [20, 1], [19, 2], [18, 3], [17, 4], [16, 5], [15, 6], [14, 6], [13, 5], [12, 6], [11, 7], [10, 7], [9, 7], [8, 8], [7, 9], [6, 10], [5, 10]]
[[29, 1], [28, 1], [27, 1], [26, 1], [25, 2], [24, 1], [23, 0], [22, 0], [21, 1], [20, 1], [19, 2], [18, 3], [17, 4], [16, 5], [15, 5], [14, 5], [13, 6], [12, 7], [11, 6], [10, 7], [9, 8], [8, 9], [7, 10], [6, 10], [5, 10]]
[[29, 1], [28, 2], [27, 1], [26, 0], [25, 1], [24, 2], [23, 1], [22, 2], [21, 1], [20, 2], [19, 2], [18, 2], [17, 2], [16, 3], [15, 3], [14, 4], [13, 5], [12, 6], [11, 6], [10, 7], [9, 8], [8, 8], [7, 9], [6, 10], [5, 10]]
[[29, 1], [28, 1], [27, 2], [26, 1], [25, 1], [24, 1], [23, 2], [22, 2], [21, 2], [20, 2], [19, 2], [18, 3], [17, 4], [16, 5], [15, 6], [14, 5], [13, 6], [12, 7], [11, 8], [10, 9], [9, 10], [8, 9], [7, 9], [6, 10], [5, 10]]
[[29, 1], [28, 1], [27, 0], [26, 1], [25, 2], [24, 3], [23, 2], [22, 1], [21, 1], [20, 2], [19, 2], [18, 3], [17, 4], [16, 5], [15, 5], [14, 6], [13, 7], [12, 7], [11, 8], [10, 7], [9, 7], [8, 8], [7, 9], [6, 10], [5, 10]]
[[29, 1], [28, 1], [27, 2], [26, 2], [25, 2], [24, 2], [23, 2], [22, 2], [21, 1], [20, 2], [19, 1], [18, 2], [17, 2], [16, 3], [15, 4], [14, 4], [13, 5], [12, 6], [11, 6], [10, 7], [9, 8], [8, 9], [7, 10], [6, 11], [5, 10]]
[[29, 1], [28, 1], [27, 2], [26, 3], [25, 3], [24, 3], [23, 3], [22, 3], [21, 3], [20, 2], [19, 2], [18, 3], [17, 2], [16, 3], [15, 4], [14, 5], [13, 6], [12, 7], [11, 7], [10, 7], [9, 8], [8, 8], [7, 9], [6, 10], [5, 10]]
[[29, 1], [28, 2], [27, 3], [26, 3], [25, 4], [24, 4], [23, 3], [22, 3], [21, 3], [20, 2], [19, 1], [18, 2], [17, 2], [16, 3], [15, 4], [14, 5], [13, 6], [12, 6], [11, 7], [10, 7], [9, 8], [8, 8], [7, 9], [6, 10], [5, 10]]
[[29, 1], [28, 1], [27, 2], [26, 1], [25, 2], [24, 1], [23, 0], [22, 0], [21, 0], [20, 1], [19, 2], [18, 3], [17, 4], [16, 5], [15, 5], [14, 6], [13, 7], [12, 6], [11, 6], [10, 6], [9, 7], [8, 8], [7, 9], [6, 10], [5, 10]]
[[29, 1], [28, 2], [27, 1], [26, 2], [25, 1], [24, 2], [23, 3], [22, 4], [21, 4], [20, 3], [19, 4], [18, 3], [17, 3], [16, 3], [15, 4], [14, 5], [13, 5], [12, 6], [11, 7], [10, 7], [9, 8], [8, 9], [7, 9], [6, 10], [5, 10]]
[[29, 1], [28, 1], [27, 2], [26, 1], [25, 1], [24, 1], [23, 2], [22, 3], [21, 3], [20, 2], [19, 2], [18, 3], [17, 4], [16, 5], [15, 6], [14, 7], [13, 6], [12, 6], [11, 6], [10, 7], [9, 8], [8, 9], [7, 10], [6, 10], [5, 10]]
[[29, 1], [28, 2], [27, 1], [26, 1], [25, 0], [24, 0], [23, 1], [22, 1], [21, 1], [20, 1], [19, 2], [18, 3], [17, 2], [16, 3], [15, 4], [14, 5], [13, 6], [12, 7], [11, 7], [10, 7], [9, 7], [8, 8], [7, 9], [6, 10], [5, 10]]
[[29, 1], [28, 1], [27, 2], [26, 1], [25, 1], [24, 1], [23, 2], [22, 3], [21, 3], [20, 2], [19, 2], [18, 3], [17, 4], [16, 5], [15, 6], [14, 7], [13, 6], [12, 7], [11, 8], [10, 9], [9, 9], [8, 9], [7, 10], [6, 10], [5, 10]]
[[29, 1], [28, 1], [27, 0], [26, 0], [25, 1], [24, 2], [23, 3], [22, 4], [21, 3], [20, 3], [19, 2], [18, 3], [17, 4], [16, 5], [15, 6], [14, 7], [13, 6], [12, 7], [11, 8], [10, 9], [9, 9], [8, 9], [7, 10], [6, 10], [5, 10]]
[[29, 1], [28, 1], [27, 1], [26, 2], [25, 1], [24, 2], [23, 2], [22, 3], [21, 2], [20, 1], [19, 2], [18, 3], [17, 2], [16, 3], [15, 4], [15, 5], [14, 5], [13, 6], [12, 6], [11, 6], [10, 6], [9, 7], [8, 8], [7, 9], [6, 10], [5, 10]]
[[29, 1], [28, 2], [27, 2], [26, 2], [25, 1], [24, 2], [23, 2], [22, 2], [21, 3], [20, 3], [19, 2], [19, 1], [18, 2], [17, 3], [16, 3], [15, 3], [14, 4], [13, 5], [12, 6], [11, 6], [10, 7], [9, 8], [8, 9], [7, 10], [6, 11], [5, 10]]
[[29, 1], [28, 2], [27, 3], [26, 2], [25, 3], [24, 2], [23, 1], [22, 1], [21, 1], [20, 2], [19, 2], [18, 3], [17, 3], [16, 3], [15, 4], [14, 4], [13, 5], [12, 6], [11, 6], [11, 7], [10, 6], [9, 7], [8, 7], [7, 8], [7, 9], [6, 10], [5, 10]]
[[29, 1], [28, 1], [27, 1], [26, 0], [25, 1], [24, 0], [23, 0], [22, 1], [21, 1], [20, 2], [19, 1], [18, 0], [17, 0], [16, 1], [15, 2], [14, 1], [14, 2], [13, 3], [14, 4], [13, 5], [12, 6], [11, 6], [10, 7], [9, 6], [8, 7], [8, 8], [7, 8], [6, 7], [6, 8], [5, 8], [4, 9], [5, 10]]
[[29, 1], [28, 1], [27, 0], [26, 1], [25, 1], [24, 1], [23, 1], [22, 0], [21, 0], [21, 1], [20, 0], [19, 1], [18, 2], [17, 1], [16, 0], [15, 1], [15, 2], [14, 3], [15, 3], [14, 4], [13, 5], [12, 6], [11, 6], [10, 7], [9, 7], [9, 6], [8, 7], [7, 6], [6, 6], [7, 7], [6, 8], [6, 7], [6, 8], [5, 9], [5, 10]]
