[[11, 8], [12, 7], [13, 7], [14, 8], [15, 8], [16, 7], [17, 8], [18, 8], [19, 9], [20, 10], [21, 10], [22, 11], [23, 11], [24, 11], [25, 11]]
[[11, 8], [12, 8], [13, 7], [14, 7], [15, 8], [16, 9], [17, 8], [18, 8], [19, 8], [20, 9], [21, 9], [22, 10], [23, 11], [24, 12], [25, 11]]
[[11, 8], [12, 9], [13, 8], [14, 8], [15, 8], [16, 8], [17, 9], [18, 10], [19, 11], [20, 10], [21, 11], [22, 12], [23, 11], [24, 11], [25, 11]]
[[11, 8], [12, 7], [13, 7], [14, 8], [15, 8], [16, 7], [17, 7], [18, 8], [19, 9], [20, 8], [21, 9], [22, 10], [23, 11], [24, 11], [25, 11]]
[[11, 8], [12, 7], [13, 7], [14, 8], [15, 8], [16, 7], [17, 8], [18, 8], [19, 9], [20, 10], [21, 10], [22, 11], [23, 11], [24, 11], [25, 11]]
[[11, 8], [12, 8], [13, 7], [14, 7], [15, 7], [16, 8], [17, 9], [18, 10], [19, 11], [20, 10], [21, 11], [22, 11], [23, 12], [24, 11], [25, 11]]
[[11, 8], [12, 9], [13, 8], [14, 8], [15, 8], [16, 9], [17, 8], [18, 9], [19, 10], [20, 10], [21, 11], [22, 12], [23, 11], [24, 12], [25, 11]]
[[11, 8], [12, 8], [13, 8], [14, 7], [15, 8], [16, 7], [17, 7], [18, 8], [19, 8], [20, 9], [21, 10], [22, 11], [23, 11], [24, 12], [25, 11]]
[[11, 8], [12, 8], [13, 8], [14, 7], [15, 7], [16, 8], [17, 8], [18, 9], [19, 9], [20, 10], [21, 11], [22, 11], [23, 11], [24, 12], [25, 11]]
[[11, 8], [12, 9], [13, 9], [14, 8], [15, 8], [16, 8], [17, 9], [18, 10], [19, 9], [20, 10], [21, 11], [22, 12], [23, 12], [24, 11], [25, 11]]
[[11, 8], [12, 9], [13, 8], [14, 7], [15, 8], [16, 7], [17, 7], [18, 8], [19, 8], [20, 9], [21, 9], [22, 10], [23, 11], [24, 12], [25, 11]]
[[11, 8], [12, 8], [13, 9], [14, 8], [15, 8], [16, 8], [17, 9], [18, 10], [19, 10], [20, 10], [21, 11], [22, 12], [23, 11], [24, 12], [25, 11]]
[[11, 8], [12, 7], [13, 7], [14, 8], [15, 7], [16, 8], [17, 9], [18, 9], [19, 10], [20, 10], [21, 11], [22, 12], [23, 12], [24, 11], [25, 11]]
[[11, 8], [11, 7], [12, 7], [13, 8], [14, 7], [14, 8], [15, 8], [16, 8], [16, 9], [17, 9], [18, 8], [19, 9], [20, 8], [21, 9], [22, 10], [23, 11], [24, 12], [25, 11]]
[[11, 8], [12, 9], [12, 8], [13, 7], [14, 7], [14, 8], [15, 8], [16, 9], [17, 10], [18, 9], [19, 9], [20, 9], [20, 10], [21, 10], [20, 9], [21, 9], [22, 10], [23, 11], [24, 11], [25, 11]]
[[11, 8], [11, 9], [12, 10], [13, 9], [14, 8], [15, 7], [16, 6], [17, 6], [16, 6], [17, 7], [18, 8], [17, 9], [18, 10], [18, 9], [19, 8], [20, 9], [21, 8], [22, 8], [23, 7], [24, 8], [25, 9], [25, 10], [25, 11]]
[[11, 8], [11, 9], [12, 10], [12, 11], [13, 12], [13, 13], [14, 12], [15, 12], [15, 11], [16, 12], [17, 12], [18, 13], [18, 12], [19, 12], [20, 13], [20, 12], [19, 11], [19, 10], [20, 11], [21, 11], [22, 10], [21, 10], [22, 11], [23, 11], [24, 12], [24, 11], [25, 10], [25, 11]]
[[11, 8], [12, 9], [13, 10], [13, 11], [12, 12], [13, 11], [14, 12], [15, 11], [16, 10], [17, 9], [16, 8], [16, 9], [17, 8], [18, 9], [18, 10], [17, 9], [18, 10], [19, 11], [18, 12], [19, 12], [20, 12], [19, 13], [18, 14], [19, 14], [20, 13], [21, 14], [22, 15], [23, 15], [24, 14], [25, 14], [26, 13], [25, 12], [25, 11]]
[[11, 8], [11, 7], [10, 8], [9, 7], [9, 6], [10, 6], [11, 5], [12, 4], [13, 3], [13, 4], [14, 4], [15, 5], [16, 5], [16, 4], [16, 3], [17, 4], [18, 3], [17, 3], [18, 2], [18, 1], [19, 1], [20, 2], [20, 1], [21, 2], [20, 3], [20, 4], [19, 4], [19, 5], [20, 5], [21, 6], [20, 6], [19, 7], [19, 8], [20, 8], [20, 9], [20, 10], [19, 9], [20, 10], [21, 10], [20, 11], [21, 11], [22, 12], [22, 11], [23, 11], [24, 12], [24, 11], [25, 10], [25, 11]]
[[11, 8], [12, 9], [12, 10], [13, 9], [13, 8], [14, 7], [14, 6], [13, 5], [13, 4], [14, 3], [14, 2], [15, 3], [16, 4], [15, 5], [15, 6], [16, 5], [17, 6], [17, 5], [17, 4], [18, 5], [19, 4], [19, 3], [18, 2], [17, 3], [16, 3], [15, 2], [16, 2], [16, 1], [15, 0], [14, 1], [14, 0], [13, 0], [12, 1], [12, 2], [13, 3], [12, 3], [11, 2], [10, 3], [9, 4], [10, 4], [11, 5], [10, 6], [11, 7], [10, 7], [9, 7], [9, 6], [10, 5], [9, 5], [8, 5], [7, 4], [6, 5], [5, 6], [6, 6], [7, 7], [8, 6], [8, 7], [7, 8], [6, 9], [7, 9], [8, 9], [8, 8], [9, 8], [10, 8], [11, 9], [12, 8], [13, 7], [14, 8], [15, 7], [16, 6], [16, 7], [15, 8], [16, 8], [17, 8], [18, 8], [19, 7], [20, 8], [21, 8], [22, 9], [23, 8], [24, 8], [25, 7], [26, 7], [27, 7], [28, 7], [28, 8], [27, 9], [27, 10], [26, 11], [25, 10], [24, 11], [23, 11], [22, 12], [23, 13], [24, 13], [25, 13], [26, 12], [25, 12], [24, 12], [25, 11]]
