[[3, 3], [4, 3], [5, 2], [6, 2], [7, 1], [8, 2], [9, 3], [10, 2], [11, 1], [12, 1], [13, 0]]
[[3, 3], [4, 3], [5, 2], [6, 2], [7, 1], [8, 1], [9, 2], [10, 1], [11, 2], [12, 1], [13, 0]]
[[3, 3], [4, 2], [5, 1], [6, 2], [7, 3], [8, 2], [9, 3], [10, 2], [11, 1], [12, 0], [13, 0]]
[[3, 3], [4, 2], [5, 2], [6, 1], [7, 2], [8, 2], [9, 1], [10, 2], [11, 2], [12, 1], [13, 0]]
[[3, 3], [4, 3], [5, 2], [6, 2], [7, 1], [8, 2], [9, 3], [10, 2], [11, 1], [12, 1], [13, 0]]
[[3, 3], [4, 4], [5, 3], [6, 2], [7, 1], [8, 0], [9, 1], [10, 2], [11, 2], [12, 1], [13, 0]]
[[3, 3], [4, 2], [5, 2], [6, 1], [7, 0], [8, 1], [9, 1], [10, 1], [11, 0], [12, 0], [13, 0]]
[[3, 3], [4, 2], [5, 1], [6, 0], [7, 1], [8, 1], [9, 2], [10, 2], [11, 1], [12, 0], [13, 0]]
[[3, 3], [4, 2], [5, 3], [6, 2], [7, 1], [8, 2], [9, 1], [10, 1], [11, 1], [12, 1], [13, 0]]
[[3, 3], [4, 2], [5, 2], [6, 2], [7, 3], [8, 2], [9, 1], [10, 2], [11, 2], [12, 1], [13, 0]]
[[3, 3], [4, 2], [5, 1], [6, 1], [7, 0], [8, 1], [9, 0], [10, 1], [11, 0], [12, 1], [13, 0]]
[[3, 3], [4, 2], [5, 1], [6, 2], [7, 1], [8, 0], [9, 1], [10, 1], [11, 2], [12, 1], [13, 0]]
[[3, 3], [4, 2], [5, 2], [6, 1], [7, 2], [8, 1], [9, 1], [10, 2], [11, 1], [12, 0], [13, 0]]
[[3, 3], [4, 2], [5, 1], [6, 1], [7, 1], [8, 2], [9, 3], [10, 2], [11, 1], [12, 0], [13, 0]]
[[3, 3], [4, 2], [5, 2], [6, 1], [7, 1], [8, 1], [9, 1], [10, 2], [11, 1], [12, 0], [13, 0]]
[[3, 3], [4, 3], [5, 3], [5, 2], [6, 1], [7, 1], [8, 2], [9, 3], [10, 2], [11, 1], [12, 1], [13, 0]]
[[3, 3], [4, 2], [4, 1], [5, 1], [6, 1], [7, 0], [8, 0], [9, 1], [10, 1], [11, 2], [12, 1], [13, 0]]
[[3, 3], [4, 2], [5, 1], [6, 1], [7, 1], [8, 1], [9, 1], [10, 2], [10, 1], [11, 0], [12, 1], [13, 0]]
[[3, 3], [4, 3], [5, 3], [6, 2], [7, 2], [8, 1], [7, 1], [8, 1], [9, 0], [9, 1], [10, 1], [11, 1], [12, 0], [13, 0]]
[[3, 3], [4, 3], [5, 3], [6, 2], [7, 2], [8, 1], [7, 1], [8, 1], [9, 0], [9, 1], [10, 1], [11, 1], [12, 0], [13, 0]]
