[[15, 15], [14, 16], [13, 17], [12, 17], [11, 17], [10, 18], [9, 17], [8, 18], [7, 19], [6, 18], [5, 19], [4, 19], [3, 18], [2, 19]]
[[15, 15], [14, 16], [13, 17], [12, 17], [11, 17], [10, 18], [9, 19], [8, 18], [7, 17], [6, 16], [5, 16], [4, 17], [3, 18], [2, 19]]
[[15, 15], [14, 16], [13, 17], [12, 18], [11, 19], [10, 18], [9, 18], [8, 18], [7, 17], [6, 18], [5, 19], [4, 19], [3, 19], [2, 19]]
[[15, 15], [14, 16], [13, 17], [12, 18], [11, 19], [10, 18], [9, 18], [8, 18], [7, 17], [6, 17], [5, 18], [4, 18], [3, 18], [2, 19]]
[[15, 15], [14, 14], [13, 15], [12, 15], [11, 14], [10, 15], [9, 16], [8, 16], [7, 16], [6, 16], [5, 17], [4, 18], [3, 18], [2, 19]]
[[15, 15], [14, 16], [13, 17], [12, 17], [11, 17], [10, 18], [9, 17], [8, 18], [7, 19], [6, 18], [5, 18], [4, 19], [3, 19], [2, 19]]
[[15, 15], [14, 16], [13, 17], [12, 16], [11, 16], [10, 16], [9, 17], [8, 18], [7, 19], [6, 18], [5, 19], [4, 19], [3, 19], [2, 19]]
[[15, 15], [14, 16], [13, 17], [12, 17], [11, 17], [10, 18], [9, 17], [8, 18], [7, 19], [6, 18], [5, 19], [4, 19], [3, 18], [2, 19]]
[[15, 15], [14, 16], [13, 17], [12, 16], [11, 15], [10, 15], [9, 15], [8, 16], [7, 16], [6, 17], [5, 17], [4, 18], [3, 19], [2, 19]]
[[15, 15], [14, 14], [13, 15], [12, 15], [11, 14], [10, 15], [9, 15], [8, 15], [7, 16], [6, 17], [5, 18], [4, 18], [3, 18], [2, 19]]
[[15, 15], [14, 16], [13, 16], [12, 16], [11, 17], [10, 16], [9, 16], [8, 17], [8, 16], [7, 17], [6, 18], [5, 18], [4, 18], [3, 18], [2, 19]]
[[15, 15], [14, 16], [13, 17], [12, 18], [11, 18], [10, 18], [9, 19], [8, 18], [8, 17], [7, 16], [6, 15], [5, 16], [4, 17], [3, 17], [3, 18], [2, 19]]
[[15, 15], [14, 16], [13, 17], [12, 18], [11, 19], [10, 18], [9, 17], [8, 16], [7, 17], [6, 17], [5, 18], [4, 19], [3, 19], [2, 19], [3, 18], [2, 19]]
[[15, 15], [14, 14], [13, 14], [13, 13], [12, 14], [11, 14], [10, 13], [9, 13], [8, 14], [7, 15], [6, 16], [5, 17], [4, 17], [3, 18], [3, 19], [2, 19]]
[[15, 15], [14, 16], [14, 15], [13, 15], [12, 16], [12, 17], [11, 17], [10, 18], [9, 17], [9, 18], [8, 18], [7, 19], [6, 19], [5, 19], [4, 19], [3, 18], [2, 19]]
[[15, 15], [14, 14], [13, 14], [13, 13], [12, 14], [11, 14], [10, 14], [9, 14], [8, 14], [7, 15], [6, 16], [6, 17], [5, 17], [4, 17], [3, 18], [2, 19], [3, 19], [2, 19]]
[[15, 15], [14, 16], [13, 17], [12, 16], [11, 15], [10, 16], [9, 17], [8, 18], [9, 18], [9, 19], [8, 18], [7, 17], [6, 17], [5, 17], [4, 18], [5, 18], [4, 18], [3, 18], [2, 19]]
[[15, 15], [15, 16], [14, 17], [14, 18], [15, 18], [16, 18], [15, 17], [14, 16], [13, 16], [13, 17], [12, 18], [13, 17], [12, 17], [11, 18], [10, 18], [11, 18], [11, 19], [10, 18], [9, 17], [8, 17], [8, 18], [7, 17], [6, 18], [5, 18], [4, 19], [5, 18], [4, 19], [3, 18], [2, 19]]
[[15, 15], [16, 15], [16, 14], [16, 13], [16, 12], [15, 12], [16, 11], [17, 12], [18, 12], [19, 11], [20, 11], [21, 11], [21, 12], [21, 13], [21, 14], [22, 14], [23, 14], [24, 14], [23, 15], [22, 15], [23, 16], [22, 16], [21, 17], [21, 18], [20, 17], [19, 18], [20, 19], [20, 18], [19, 17], [18, 16], [18, 17], [17, 16], [16, 16], [17, 17], [16, 17], [15, 17], [14, 18], [14, 17], [15, 18], [16, 18], [15, 19], [14, 19], [13, 18], [12, 17], [11, 17], [11, 16], [12, 16], [13, 17], [12, 18], [11, 18], [11, 19], [10, 18], [9, 18], [8, 17], [8, 16], [7, 17], [6, 16], [5, 15], [6, 14], [7, 13], [6, 13], [5, 12], [6, 12], [5, 13], [4, 14], [3, 14], [4, 13], [5, 14], [6, 15], [5, 16], [4, 15], [3, 15], [2, 16], [2, 17], [3, 16], [3, 17], [4, 18], [4, 17], [5, 18], [6, 17], [7, 16], [8, 17], [8, 18], [7, 19], [6, 18], [6, 19], [5, 19], [4, 19], [3, 19], [2, 19]]
