[[16, 16], [15, 15], [14, 14], [13, 15], [12, 14], [11, 13], [10, 13], [9, 12], [8, 12], [7, 11], [6, 12], [5, 11], [4, 10], [3, 11], [2, 10]]
[[16, 16], [15, 15], [14, 14], [13, 13], [12, 13], [11, 12], [10, 12], [9, 13], [8, 14], [7, 13], [6, 13], [5, 12], [4, 11], [3, 11], [2, 10]]
[[16, 16], [15, 15], [14, 14], [13, 15], [12, 14], [11, 13], [10, 13], [9, 12], [8, 12], [7, 11], [6, 12], [5, 11], [4, 10], [3, 11], [2, 10]]
[[16, 16], [15, 15], [14, 16], [13, 15], [12, 14], [11, 14], [10, 13], [9, 13], [8, 13], [7, 12], [6, 12], [5, 11], [4, 10], [3, 11], [2, 10]]
[[16, 16], [15, 15], [14, 14], [13, 15], [12, 14], [11, 13], [10, 13], [9, 13], [8, 12], [7, 11], [6, 12], [5, 11], [4, 11], [3, 11], [2, 10]]
[[16, 16], [15, 15], [14, 14], [13, 15], [12, 14], [11, 14], [10, 13], [9, 13], [8, 13], [7, 12], [6, 11], [5, 12], [4, 12], [3, 11], [2, 10]]
[[16, 16], [15, 15], [14, 14], [13, 13], [12, 14], [11, 14], [10, 13], [9, 14], [8, 14], [7, 14], [6, 14], [5, 13], [4, 12], [3, 11], [2, 10]]
[[16, 16], [15, 15], [14, 14], [13, 15], [12, 14], [11, 14], [10, 13], [9, 14], [8, 13], [7, 12], [6, 13], [5, 12], [4, 11], [3, 11], [2, 10]]
[[16, 16], [15, 15], [14, 14], [13, 13], [12, 13], [11, 12], [10, 12], [9, 12], [8, 12], [7, 11], [6, 10], [5, 11], [4, 10], [3, 11], [2, 10]]
[[16, 16], [15, 15], [14, 14], [13, 13], [12, 13], [11, 13], [10, 13], [9, 13], [8, 12], [7, 11], [6, 10], [5, 10], [4, 11], [3, 11], [2, 10]]
[[16, 16], [15, 15], [14, 16], [13, 15], [12, 14], [11, 13], [10, 12], [9, 12], [8, 11], [7, 11], [6, 10], [5, 11], [4, 12], [3, 11], [2, 10]]
[[16, 16], [15, 15], [14, 14], [13, 13], [12, 12], [11, 11], [10, 11], [9, 12], [8, 11], [7, 11], [6, 10], [5, 11], [4, 10], [3, 11], [2, 10]]
[[16, 16], [15, 15], [14, 16], [13, 15], [12, 14], [11, 14], [10, 14], [9, 13], [8, 12], [7, 11], [6, 10], [5, 10], [4, 10], [3, 11], [2, 10]]
[[16, 16], [15, 15], [14, 16], [13, 15], [12, 15], [11, 14], [10, 14], [9, 13], [8, 13], [7, 12], [6, 13], [5, 13], [4, 12], [3, 11], [2, 10]]
[[16, 16], [15, 15], [14, 14], [13, 13], [12, 13], [11, 12], [10, 12], [9, 12], [9, 11], [8, 12], [7, 12], [6, 12], [5, 11], [4, 12], [3, 11], [2, 10]]
[[16, 16], [15, 15], [14, 14], [14, 13], [13, 13], [12, 12], [11, 12], [10, 12], [9, 12], [8, 13], [7, 13], [6, 14], [5, 13], [4, 12], [3, 11], [2, 10]]
[[16, 16], [15, 15], [14, 14], [13, 13], [12, 13], [11, 13], [11, 12], [10, 11], [9, 11], [8, 10], [7, 9], [6, 10], [5, 10], [4, 10], [3, 9], [2, 10]]
[[16, 16], [15, 17], [14, 16], [13, 15], [12, 14], [11, 13], [10, 12], [9, 13], [8, 14], [7, 13], [6, 13], [5, 12], [4, 12], [3, 11], [2, 11], [2, 10]]
[[16, 16], [15, 15], [14, 14], [13, 15], [12, 14], [12, 13], [11, 13], [10, 12], [10, 11], [9, 10], [8, 10], [7, 10], [6, 11], [5, 12], [5, 11], [4, 11], [3, 11], [2, 10]]
[[16, 16], [15, 15], [14, 14], [13, 15], [12, 16], [11, 15], [12, 14], [11, 14], [11, 13], [11, 12], [10, 11], [9, 11], [8, 11], [7, 10], [6, 11], [5, 12], [6, 11], [5, 10], [4, 11], [3, 11], [2, 10]]
