[[22, 10], [23, 11], [24, 12], [24, 13], [25, 14], [26, 14], [27, 15], [28, 16], [27, 15], [28, 16], [29, 17]]
[[22, 10], [23, 11], [24, 10], [25, 10], [26, 11], [27, 12], [28, 13], [28, 14], [27, 15], [28, 16], [29, 17]]
[[22, 10], [23, 11], [24, 12], [24, 13], [25, 14], [26, 14], [27, 15], [28, 16], [27, 15], [28, 16], [29, 17]]
[[22, 10], [23, 10], [24, 10], [25, 11], [26, 11], [27, 12], [28, 13], [28, 14], [27, 15], [28, 16], [29, 17]]
[[22, 10], [23, 11], [24, 12], [25, 13], [26, 13], [25, 14], [26, 13], [26, 14], [27, 15], [28, 16], [29, 17]]
[[22, 10], [23, 10], [24, 10], [25, 11], [26, 11], [26, 12], [27, 12], [26, 13], [27, 14], [27, 15], [28, 16], [29, 17]]
[[22, 10], [23, 11], [24, 12], [25, 12], [26, 12], [27, 11], [28, 12], [28, 13], [29, 13], [28, 14], [27, 15], [28, 16], [29, 17]]
[[22, 10], [23, 11], [24, 12], [25, 11], [24, 12], [25, 13], [24, 14], [23, 14], [24, 15], [25, 16], [26, 16], [27, 17], [28, 17], [27, 16], [28, 16], [28, 17], [28, 16], [29, 17]]
[[22, 10], [23, 10], [24, 10], [25, 10], [26, 11], [27, 12], [26, 13], [27, 14], [26, 15], [27, 16], [26, 17], [26, 18], [25, 19], [26, 19], [27, 18], [28, 19], [29, 19], [28, 18], [29, 17]]
[[22, 10], [23, 11], [24, 10], [25, 10], [26, 11], [26, 10], [26, 11], [25, 12], [26, 13], [26, 14], [27, 15], [28, 16], [27, 16], [28, 17], [29, 18], [28, 18], [28, 17], [28, 18], [29, 17]]
[[22, 10], [23, 11], [23, 10], [24, 10], [25, 10], [26, 11], [26, 12], [26, 13], [26, 14], [25, 15], [26, 15], [25, 15], [25, 16], [26, 16], [26, 17], [26, 16], [27, 17], [28, 16], [29, 17], [29, 18], [28, 18], [29, 17]]
[[22, 10], [23, 10], [22, 11], [21, 12], [20, 13], [19, 13], [18, 13], [17, 14], [17, 15], [17, 16], [16, 15], [15, 15], [14, 16], [13, 17], [14, 17], [15, 18], [15, 17], [15, 18], [14, 18], [15, 18], [14, 18], [13, 18], [12, 19], [12, 18], [11, 17], [11, 16], [12, 15], [12, 14], [11, 13], [10, 14], [10, 15], [9, 16], [10, 17], [11, 17], [11, 18], [10, 17], [9, 16], [8, 16], [7, 16], [6, 16], [6, 17], [7, 16], [6, 16], [7, 16], [6, 15], [6, 14], [5, 13], [5, 12], [4, 13], [3, 14], [2, 14], [1, 13], [2, 14], [3, 13], [2, 12], [3, 11], [4, 10], [5, 9], [4, 9], [3, 10], [3, 11], [2, 10], [1, 9], [1, 8], [2, 7], [3, 6], [4, 6], [5, 6], [4, 6], [5, 6], [6, 6], [6, 7], [6, 8], [6, 7], [5, 8], [4, 7], [3, 6], [2, 6], [2, 5], [1, 4], [0, 4], [1, 3], [0, 2], [1, 1], [2, 1], [1, 0], [2, 1], [3, 1], [4, 0], [3, 0], [4, 0], [5, 1], [6, 0], [5, 1], [6, 2], [7, 1], [6, 2], [6, 3], [7, 4], [7, 3], [6, 2], [7, 2], [8, 3], [9, 2], [9, 1], [8, 2], [8, 1], [9, 0], [8, 1], [9, 2], [10, 3], [11, 3], [11, 4], [12, 3], [11, 2], [10, 2], [11, 1], [12, 0], [13, 0], [12, 0], [13, 1], [14, 2], [15, 1], [14, 0], [13, 0], [13, 1], [12, 2], [13, 3], [12, 3], [12, 4], [11, 5], [10, 6], [9, 6], [8, 5], [8, 4], [9, 5], [9, 6], [8, 7], [8, 6], [9, 6], [10, 7], [9, 6], [10, 7], [10, 8], [11, 8], [11, 9], [12, 10], [13, 9], [12, 9], [13, 10], [12, 11], [12, 12], [11, 13], [12, 12], [13, 11], [14, 10], [14, 11], [13, 11], [13, 12], [14, 13], [15, 14], [16, 15], [15, 15], [14, 15], [15, 15], [14, 14], [13, 15], [12, 14], [11, 13], [11, 12], [10, 11], [9, 12], [8, 12], [9, 11], [9, 10], [10, 9], [10, 10], [11, 10], [10, 9], [10, 8], [10, 7], [10, 6], [11, 5], [12, 5], [13, 5], [14, 4], [13, 3], [13, 2], [14, 3], [15, 2], [16, 2], [17, 3], [18, 2], [17, 3], [18, 4], [19, 5], [19, 4], [18, 5], [18, 6], [19, 6], [20, 5], [20, 4], [21, 3], [20, 3], [20, 2], [19, 2], [18, 1], [18, 2], [18, 1], [19, 1], [19, 0], [20, 1], [21, 0], [21, 1], [22, 2], [23, 1], [23, 2], [23, 1], [24, 0], [25, 1], [24, 0], [25, 1], [26, 1], [25, 2], [26, 3], [25, 2], [26, 2], [25, 2], [24, 2], [25, 3], [26, 3], [25, 4], [25, 5], [26, 6], [27, 5], [28, 6], [29, 7], [29, 8], [28, 8], [27, 9], [27, 10], [27, 11], [26, 10], [27, 9], [28, 8], [28, 9], [28, 8], [28, 9], [27, 10], [26, 11], [26, 12], [25, 12], [25, 13], [26, 14], [26, 15], [26, 16], [26, 17], [26, 18], [25, 18], [24, 19], [23, 18], [22, 19], [21, 18], [21, 19], [20, 19], [21, 18], [20, 17], [19, 16], [19, 15], [20, 15], [21, 15], [22, 16], [23, 17], [24, 16], [25, 16], [26, 17], [27, 17], [27, 16], [28, 17], [29, 16], [29, 17]]
