[[26, 4], [25, 4], [24, 3], [23, 4], [22, 4], [21, 4]]
[[26, 4], [25, 4], [24, 3], [23, 4], [22, 5], [21, 4]]
[[26, 4], [25, 3], [24, 3], [23, 4], [22, 3], [21, 4]]
[[26, 4], [25, 4], [24, 3], [23, 2], [22, 3], [21, 4]]
[[26, 4], [25, 4], [24, 3], [23, 4], [22, 4], [21, 4]]
[[26, 4], [25, 4], [24, 3], [23, 4], [22, 5], [21, 4]]
[[26, 4], [25, 4], [24, 3], [23, 4], [22, 5], [21, 4]]
[[26, 4], [25, 4], [24, 3], [23, 4], [22, 5], [21, 4]]
[[26, 4], [25, 3], [24, 3], [23, 4], [22, 5], [21, 4]]
[[26, 4], [25, 4], [24, 3], [23, 4], [22, 5], [21, 4]]
[[26, 4], [25, 3], [24, 3], [23, 4], [22, 4], [21, 4]]
[[26, 4], [25, 4], [24, 3], [23, 2], [22, 3], [21, 4]]
[[26, 4], [25, 4], [24, 3], [23, 4], [22, 5], [21, 4]]
[[26, 4], [25, 4], [24, 3], [23, 4], [22, 3], [21, 4]]
[[26, 4], [25, 3], [24, 3], [23, 4], [22, 5], [21, 4]]
[[26, 4], [25, 4], [24, 3], [23, 4], [22, 3], [21, 4]]
[[26, 4], [26, 3], [25, 4], [24, 3], [23, 4], [22, 5], [23, 6], [22, 5], [21, 4]]
[[26, 4], [27, 4], [28, 3], [28, 2], [29, 2], [28, 1], [27, 0], [26, 1], [25, 2], [26, 2], [25, 1], [25, 0], [24, 1], [23, 1], [22, 0], [22, 1], [23, 2], [22, 1], [21, 2], [21, 3], [21, 2], [20, 3], [19, 4], [20, 4], [19, 5], [18, 6], [17, 5], [17, 4], [18, 3], [19, 3], [20, 4], [21, 4]]
[[26, 4], [27, 4], [28, 4], [29, 3], [28, 4], [28, 3], [28, 2], [29, 1], [28, 2], [27, 1], [28, 1], [28, 2], [27, 1], [26, 0], [25, 1], [26, 2], [27, 1], [26, 1], [26, 2], [25, 1], [24, 1], [23, 2], [22, 2], [21, 2], [21, 1], [21, 0], [22, 1], [22, 2], [22, 1], [21, 2], [21, 3], [21, 4]]
[[26, 4], [26, 3], [25, 3], [24, 3], [25, 2], [24, 1], [23, 2], [23, 1], [22, 2], [21, 3], [22, 3], [23, 4], [23, 5], [22, 6], [21, 5], [22, 5], [21, 6], [20, 6], [21, 7], [20, 7], [20, 8], [19, 9], [19, 8], [18, 7], [18, 8], [17, 8], [16, 7], [17, 7], [17, 6], [18, 6], [19, 7], [19, 6], [19, 5], [18, 4], [17, 3], [16, 2], [17, 2], [17, 1], [18, 2], [18, 1], [19, 0], [19, 1], [20, 0], [21, 1], [21, 0], [22, 1], [21, 2], [20, 2], [20, 1], [19, 2], [20, 3], [21, 4]]
