[[29, 10], [28, 11], [27, 12], [26, 13], [25, 14], [24, 14], [23, 14], [22, 13], [21, 12], [20, 12], [19, 11], [18, 11], [17, 12], [16, 12], [15, 11], [14, 12], [13, 11], [12, 11], [11, 10], [10, 9], [9, 10], [8, 9], [7, 8], [6, 9], [5, 10], [4, 10], [3, 11], [2, 11], [1, 10]]
[[29, 10], [28, 11], [27, 12], [26, 13], [25, 13], [24, 14], [23, 13], [22, 14], [21, 14], [20, 15], [19, 14], [18, 14], [17, 13], [16, 12], [15, 11], [14, 10], [13, 10], [12, 9], [11, 9], [10, 9], [9, 8], [8, 7], [7, 7], [6, 6], [5, 7], [4, 8], [3, 9], [2, 10], [1, 10]]
[[29, 10], [28, 11], [27, 12], [26, 12], [25, 13], [24, 14], [23, 14], [22, 13], [21, 13], [20, 14], [19, 14], [18, 13], [17, 12], [16, 12], [15, 11], [14, 10], [13, 11], [12, 10], [11, 9], [10, 10], [9, 10], [8, 11], [7, 10], [6, 11], [5, 10], [4, 11], [3, 11], [2, 10], [1, 10]]
[[29, 10], [28, 11], [27, 12], [26, 11], [25, 12], [24, 11], [23, 11], [22, 11], [21, 11], [20, 10], [19, 10], [18, 11], [17, 12], [16, 11], [15, 11], [14, 10], [13, 9], [12, 9], [11, 8], [10, 9], [9, 8], [8, 8], [7, 9], [6, 9], [5, 8], [4, 9], [3, 10], [2, 11], [1, 10]]
[[29, 10], [28, 11], [27, 12], [26, 12], [25, 11], [24, 12], [23, 13], [22, 14], [21, 15], [20, 14], [19, 15], [18, 14], [17, 13], [16, 12], [15, 11], [14, 12], [13, 11], [12, 11], [11, 10], [10, 10], [9, 9], [8, 9], [7, 8], [6, 8], [5, 9], [4, 10], [3, 11], [2, 10], [1, 10]]
[[29, 10], [28, 10], [27, 11], [26, 12], [25, 13], [24, 13], [23, 14], [22, 13], [21, 13], [20, 12], [19, 11], [18, 10], [17, 11], [16, 12], [15, 12], [14, 13], [13, 13], [12, 12], [11, 12], [10, 12], [9, 11], [8, 11], [7, 12], [6, 11], [5, 12], [4, 12], [3, 11], [2, 10], [1, 10]]
[[29, 10], [28, 11], [27, 12], [26, 12], [25, 11], [24, 12], [23, 13], [22, 12], [21, 12], [20, 11], [19, 10], [18, 9], [17, 9], [16, 10], [15, 9], [14, 8], [13, 9], [12, 8], [11, 8], [10, 8], [9, 8], [8, 9], [7, 9], [6, 10], [5, 11], [4, 11], [3, 10], [2, 11], [1, 10]]
[[29, 10], [28, 10], [27, 11], [26, 12], [25, 13], [24, 13], [23, 14], [22, 13], [21, 13], [20, 12], [19, 11], [18, 10], [17, 11], [16, 12], [15, 12], [14, 13], [13, 13], [12, 12], [11, 12], [10, 12], [9, 11], [8, 11], [7, 12], [6, 11], [5, 12], [4, 11], [3, 11], [2, 11], [1, 10]]
[[29, 10], [28, 10], [27, 10], [26, 11], [25, 11], [24, 10], [23, 9], [22, 10], [21, 11], [20, 11], [19, 12], [18, 12], [17, 11], [16, 10], [15, 11], [14, 12], [13, 13], [12, 12], [11, 12], [10, 13], [9, 12], [8, 11], [7, 12], [6, 12], [5, 12], [4, 13], [3, 12], [2, 11], [1, 10]]
[[29, 10], [28, 11], [27, 12], [26, 13], [25, 14], [24, 14], [23, 14], [22, 13], [21, 12], [20, 12], [19, 11], [18, 11], [17, 12], [16, 12], [15, 11], [14, 12], [13, 11], [12, 11], [11, 10], [10, 10], [9, 11], [8, 12], [7, 12], [6, 12], [5, 11], [4, 10], [3, 11], [2, 10], [1, 10]]
[[29, 10], [28, 11], [27, 12], [26, 13], [25, 13], [24, 13], [23, 13], [22, 13], [21, 13], [20, 12], [19, 12], [18, 13], [17, 13], [16, 13], [15, 14], [14, 13], [13, 12], [12, 11], [11, 11], [10, 10], [9, 10], [8, 11], [7, 12], [6, 11], [5, 11], [4, 10], [3, 9], [2, 10], [1, 10]]
[[29, 10], [28, 9], [27, 10], [26, 11], [25, 12], [24, 13], [23, 14], [22, 13], [21, 12], [20, 12], [19, 13], [18, 13], [17, 12], [16, 11], [15, 11], [14, 12], [13, 11], [12, 11], [11, 10], [10, 11], [9, 11], [8, 11], [7, 12], [6, 11], [5, 10], [4, 11], [3, 10], [2, 10], [1, 10]]
[[29, 10], [28, 11], [27, 12], [26, 12], [25, 12], [24, 12], [23, 11], [22, 12], [21, 11], [20, 11], [19, 12], [18, 12], [17, 13], [16, 12], [15, 11], [14, 12], [13, 11], [12, 12], [11, 13], [10, 13], [9, 13], [8, 12], [7, 12], [6, 12], [5, 12], [4, 13], [3, 12], [2, 11], [1, 10]]
[[29, 10], [28, 11], [27, 12], [26, 13], [25, 14], [24, 14], [23, 13], [22, 14], [21, 13], [20, 14], [19, 13], [18, 12], [17, 12], [16, 13], [15, 14], [14, 13], [13, 12], [12, 11], [11, 11], [10, 12], [9, 13], [8, 13], [7, 12], [6, 13], [5, 12], [4, 12], [3, 11], [2, 11], [1, 10]]
[[29, 10], [28, 11], [27, 12], [26, 12], [25, 13], [24, 13], [23, 14], [22, 13], [21, 12], [20, 11], [19, 11], [18, 10], [17, 9], [16, 10], [15, 10], [14, 10], [13, 11], [12, 11], [11, 10], [10, 10], [9, 9], [8, 8], [7, 9], [6, 9], [5, 10], [4, 10], [3, 11], [2, 11], [1, 10]]
[[29, 10], [28, 11], [27, 12], [26, 13], [25, 14], [24, 13], [23, 13], [22, 14], [21, 14], [20, 14], [19, 13], [18, 12], [17, 13], [16, 12], [15, 12], [14, 12], [13, 11], [12, 12], [11, 12], [10, 11], [9, 11], [8, 11], [7, 10], [6, 10], [5, 11], [4, 11], [3, 12], [2, 11], [1, 10]]
[[29, 10], [28, 11], [27, 12], [26, 13], [25, 14], [24, 14], [23, 14], [22, 13], [21, 12], [20, 12], [19, 11], [18, 11], [17, 12], [16, 12], [15, 11], [14, 12], [13, 11], [12, 11], [11, 10], [10, 9], [9, 10], [8, 9], [7, 8], [6, 9], [5, 10], [4, 10], [3, 11], [2, 11], [1, 10]]
[[29, 10], [28, 11], [27, 11], [26, 12], [25, 11], [24, 10], [23, 10], [22, 10], [22, 11], [21, 12], [20, 11], [19, 12], [18, 11], [17, 10], [16, 11], [15, 11], [14, 12], [13, 12], [12, 11], [11, 11], [10, 11], [9, 12], [8, 13], [7, 12], [6, 11], [5, 10], [4, 9], [3, 10], [2, 10], [1, 10]]
[[29, 10], [28, 11], [27, 12], [26, 12], [25, 13], [24, 12], [23, 11], [23, 10], [22, 10], [21, 11], [20, 12], [19, 11], [18, 10], [17, 11], [16, 12], [15, 12], [14, 12], [13, 11], [12, 10], [11, 9], [10, 9], [9, 9], [8, 8], [7, 9], [6, 9], [5, 9], [4, 9], [3, 10], [2, 11], [1, 10]]
[[29, 10], [28, 11], [27, 12], [26, 13], [25, 14], [24, 14], [23, 13], [22, 14], [21, 15], [20, 14], [19, 13], [18, 14], [18, 13], [17, 12], [16, 11], [16, 12], [15, 12], [14, 12], [13, 13], [12, 12], [11, 12], [10, 11], [9, 12], [8, 11], [7, 12], [6, 12], [5, 11], [4, 10], [3, 10], [2, 11], [1, 10]]
