[[15, 9], [14, 8], [13, 8], [12, 7], [11, 6], [10, 5]]
[[15, 9], [14, 8], [13, 7], [12, 7], [11, 6], [10, 5]]
[[15, 9], [14, 8], [13, 8], [12, 7], [11, 6], [10, 5]]
[[15, 9], [14, 8], [13, 7], [12, 6], [11, 6], [10, 5]]
[[15, 9], [14, 8], [13, 7], [12, 6], [11, 6], [10, 5]]
[[15, 9], [14, 8], [13, 7], [12, 7], [11, 6], [10, 5]]
[[15, 9], [14, 9], [13, 8], [12, 7], [11, 6], [10, 5]]
[[15, 9], [14, 8], [13, 8], [12, 7], [11, 6], [10, 5]]
[[15, 9], [14, 8], [13, 8], [12, 7], [11, 6], [10, 5]]
[[15, 9], [14, 9], [14, 8], [13, 7], [12, 6], [11, 5], [10, 5]]
[[15, 9], [16, 9], [15, 8], [16, 7], [16, 8], [16, 7], [15, 6], [14, 7], [14, 6], [13, 5], [12, 6], [11, 6], [10, 5]]
[[15, 9], [16, 9], [17, 9], [18, 8], [18, 7], [17, 6], [18, 5], [18, 4], [19, 3], [19, 4], [19, 5], [20, 4], [20, 3], [19, 3], [18, 2], [17, 3], [16, 3], [15, 3], [15, 4], [16, 5], [17, 5], [16, 6], [16, 7], [15, 6], [14, 6], [13, 5], [14, 6], [15, 7], [16, 6], [16, 7], [15, 6], [14, 5], [13, 4], [12, 5], [11, 6], [10, 5]]
[[15, 9], [16, 9], [15, 8], [14, 7], [13, 7], [14, 6], [14, 7], [13, 8], [13, 7], [12, 6], [11, 5], [10, 4], [9, 4], [8, 4], [7, 3], [6, 4], [6, 3], [5, 2], [4, 3], [3, 3], [3, 4], [2, 4], [1, 4], [0, 4], [0, 5], [1, 6], [2, 7], [2, 8], [3, 8], [3, 9], [3, 10], [4, 9], [5, 8], [6, 9], [6, 10], [7, 9], [7, 8], [7, 7], [8, 6], [9, 7], [9, 8], [9, 7], [10, 6], [9, 5], [10, 5]]
