[[6, 13], [7, 14], [8, 13], [9, 12], [10, 13], [11, 14], [12, 13], [13, 14], [14, 14], [15, 14], [16, 15], [17, 16], [18, 16], [19, 16], [20, 16], [21, 17], [22, 16], [23, 15], [24, 14]]
[[6, 13], [7, 13], [8, 13], [9, 12], [10, 13], [11, 14], [12, 15], [13, 16], [14, 15], [15, 15], [16, 15], [17, 15], [18, 16], [19, 17], [20, 18], [21, 17], [22, 16], [23, 15], [24, 14]]
[[6, 13], [7, 14], [8, 14], [9, 13], [10, 13], [11, 14], [12, 15], [13, 15], [14, 15], [15, 16], [16, 17], [17, 17], [18, 16], [19, 17], [20, 16], [21, 16], [22, 15], [23, 14], [24, 14]]
[[6, 13], [7, 12], [8, 12], [9, 13], [10, 13], [11, 14], [12, 15], [13, 16], [14, 17], [15, 17], [16, 17], [17, 16], [18, 16], [19, 17], [20, 16], [21, 15], [22, 15], [23, 15], [24, 14]]
[[6, 13], [7, 14], [8, 13], [9, 12], [10, 13], [11, 14], [12, 13], [13, 14], [14, 14], [15, 14], [16, 15], [17, 16], [18, 16], [19, 16], [20, 16], [21, 17], [22, 16], [23, 15], [24, 14]]
[[6, 13], [7, 13], [8, 14], [9, 13], [10, 13], [11, 13], [12, 13], [13, 14], [14, 15], [15, 14], [16, 14], [17, 14], [18, 15], [19, 15], [20, 14], [21, 14], [22, 15], [23, 15], [24, 14]]
[[6, 13], [7, 13], [8, 13], [9, 12], [10, 13], [11, 14], [12, 13], [13, 14], [14, 14], [15, 15], [16, 15], [17, 15], [18, 16], [19, 15], [20, 15], [21, 16], [22, 15], [23, 14], [24, 14]]
[[6, 13], [7, 12], [8, 13], [9, 12], [10, 13], [11, 14], [12, 15], [13, 15], [14, 15], [15, 16], [16, 15], [17, 15], [18, 15], [19, 15], [20, 14], [21, 14], [22, 15], [23, 15], [24, 14]]
[[6, 13], [7, 13], [8, 12], [9, 13], [10, 13], [11, 14], [12, 15], [13, 16], [14, 17], [15, 18], [16, 19], [17, 18], [18, 18], [19, 17], [20, 16], [21, 16], [22, 15], [23, 14], [24, 14]]
[[6, 13], [7, 13], [8, 14], [9, 13], [10, 13], [11, 14], [12, 15], [13, 16], [14, 15], [15, 15], [16, 14], [17, 15], [18, 15], [19, 16], [20, 16], [21, 16], [22, 15], [23, 15], [24, 14]]
[[6, 13], [7, 12], [8, 13], [9, 12], [10, 13], [11, 14], [12, 15], [13, 15], [14, 15], [15, 15], [16, 14], [17, 15], [18, 15], [19, 15], [20, 15], [21, 16], [22, 15], [23, 14], [24, 14]]
[[6, 13], [7, 12], [8, 12], [9, 13], [10, 13], [11, 14], [12, 15], [13, 15], [14, 15], [15, 15], [16, 14], [17, 15], [18, 16], [19, 15], [20, 16], [21, 16], [22, 16], [23, 15], [24, 14]]
[[6, 13], [7, 14], [8, 13], [9, 13], [10, 13], [11, 14], [12, 15], [13, 16], [14, 17], [15, 16], [16, 17], [17, 17], [18, 18], [19, 17], [20, 16], [21, 17], [22, 16], [23, 15], [24, 14]]
[[6, 13], [7, 12], [8, 12], [9, 13], [10, 13], [11, 12], [12, 13], [13, 14], [14, 14], [15, 15], [16, 15], [17, 15], [18, 16], [19, 16], [20, 15], [21, 14], [22, 13], [23, 13], [24, 14]]
[[6, 13], [7, 13], [8, 13], [9, 12], [10, 13], [11, 14], [12, 15], [13, 15], [14, 15], [15, 16], [16, 15], [17, 15], [18, 15], [19, 15], [20, 14], [21, 14], [22, 15], [23, 15], [24, 14]]
[[6, 13], [7, 13], [8, 12], [9, 12], [10, 13], [11, 14], [12, 15], [13, 15], [13, 16], [14, 17], [15, 17], [16, 18], [17, 19], [18, 18], [19, 17], [20, 16], [21, 16], [22, 15], [23, 14], [24, 14]]
[[6, 13], [7, 12], [8, 13], [9, 12], [10, 13], [11, 14], [11, 15], [12, 16], [13, 17], [14, 18], [14, 17], [15, 17], [16, 18], [17, 19], [18, 18], [19, 17], [19, 16], [20, 16], [21, 15], [22, 15], [23, 14], [24, 14]]
[[6, 13], [7, 14], [8, 13], [9, 13], [10, 13], [11, 14], [12, 15], [12, 16], [13, 16], [14, 15], [15, 16], [15, 17], [16, 17], [17, 16], [18, 16], [19, 17], [19, 16], [20, 15], [20, 14], [21, 15], [22, 15], [23, 14], [24, 15], [24, 14]]
[[6, 13], [7, 13], [8, 14], [9, 13], [10, 13], [11, 14], [12, 15], [13, 16], [13, 17], [14, 18], [15, 18], [16, 17], [17, 18], [17, 19], [18, 18], [19, 17], [20, 18], [19, 18], [18, 19], [19, 19], [20, 19], [21, 19], [21, 18], [22, 17], [23, 16], [24, 16], [23, 17], [22, 16], [23, 15], [24, 14]]
[[6, 13], [5, 13], [4, 13], [3, 14], [2, 14], [3, 15], [4, 14], [5, 13], [6, 14], [6, 15], [7, 14], [6, 15], [7, 16], [7, 17], [8, 16], [8, 15], [8, 14], [8, 13], [7, 12], [7, 13], [8, 14], [7, 14], [6, 13], [5, 13], [4, 12], [4, 11], [3, 10], [3, 9], [3, 8], [3, 9], [3, 8], [2, 8], [1, 7], [1, 6], [2, 6], [3, 5], [3, 4], [2, 3], [3, 4], [4, 4], [3, 5], [4, 4], [5, 4], [6, 4], [7, 4], [8, 3], [9, 2], [10, 3], [11, 3], [12, 3], [12, 4], [13, 4], [13, 5], [14, 5], [15, 5], [14, 5], [13, 6], [12, 7], [12, 8], [11, 9], [11, 10], [12, 11], [11, 10], [10, 9], [9, 9], [9, 10], [10, 9], [9, 8], [9, 7], [8, 8], [9, 8], [10, 9], [11, 10], [12, 9], [13, 9], [13, 8], [12, 8], [12, 9], [11, 10], [12, 10], [13, 10], [14, 10], [15, 11], [16, 11], [17, 10], [16, 11], [17, 12], [16, 13], [16, 14], [16, 15], [16, 14], [15, 15], [16, 15], [15, 16], [15, 17], [16, 17], [15, 18], [16, 18], [17, 18], [17, 19], [17, 18], [18, 18], [17, 18], [17, 17], [17, 16], [18, 16], [19, 16], [20, 15], [21, 16], [22, 17], [23, 16], [22, 15], [23, 14], [22, 15], [23, 16], [24, 16], [25, 17], [26, 16], [27, 17], [27, 18], [26, 17], [26, 18], [26, 17], [27, 17], [28, 17], [29, 16], [29, 15], [28, 14], [28, 13], [29, 12], [28, 13], [27, 13], [26, 12], [25, 12], [26, 13], [26, 14], [26, 13], [25, 13], [25, 12], [25, 13], [24, 14]]
