[[2, 10], [3, 9], [4, 8], [5, 9], [6, 8], [7, 8], [8, 8], [9, 8], [10, 7], [11, 7], [12, 6], [13, 7], [14, 6], [15, 5], [16, 6], [17, 5], [18, 4], [19, 3], [20, 2], [21, 1], [22, 0]]
[[2, 10], [3, 11], [4, 10], [5, 9], [6, 9], [7, 8], [8, 7], [9, 8], [10, 7], [11, 6], [12, 6], [13, 5], [14, 6], [15, 5], [16, 6], [17, 5], [18, 4], [19, 3], [20, 2], [21, 1], [22, 0]]
[[2, 10], [3, 9], [4, 10], [5, 9], [6, 8], [7, 8], [8, 8], [9, 8], [10, 7], [11, 7], [12, 6], [13, 7], [14, 6], [15, 5], [16, 6], [17, 5], [18, 4], [19, 3], [20, 2], [21, 1], [22, 0]]
[[2, 10], [3, 9], [4, 8], [5, 7], [6, 7], [7, 7], [8, 8], [9, 7], [10, 8], [11, 7], [12, 6], [13, 7], [14, 7], [15, 6], [16, 6], [17, 5], [18, 4], [19, 3], [20, 2], [21, 1], [22, 0]]
[[2, 10], [3, 10], [4, 9], [5, 10], [6, 9], [7, 10], [8, 10], [9, 9], [10, 8], [11, 7], [12, 8], [13, 7], [14, 7], [15, 6], [16, 6], [17, 5], [18, 4], [19, 3], [20, 2], [21, 1], [22, 0]]
[[2, 10], [3, 9], [4, 8], [5, 9], [6, 8], [7, 8], [8, 8], [9, 8], [10, 7], [11, 7], [12, 6], [13, 7], [14, 6], [15, 5], [16, 6], [17, 5], [18, 4], [19, 3], [20, 2], [21, 1], [22, 0]]
[[2, 10], [3, 9], [4, 9], [5, 8], [6, 7], [7, 8], [8, 7], [9, 7], [10, 7], [11, 7], [12, 7], [13, 6], [14, 6], [15, 5], [16, 4], [17, 4], [18, 3], [19, 2], [20, 1], [21, 0], [22, 0]]
[[2, 10], [3, 9], [4, 9], [5, 8], [6, 7], [7, 8], [8, 7], [9, 8], [10, 8], [11, 7], [12, 6], [13, 5], [14, 4], [15, 4], [16, 3], [17, 2], [18, 2], [19, 2], [20, 1], [21, 0], [22, 0]]
[[2, 10], [3, 9], [4, 8], [5, 7], [6, 6], [7, 7], [8, 8], [9, 7], [10, 6], [11, 7], [12, 8], [13, 7], [14, 6], [15, 7], [16, 6], [17, 5], [18, 4], [19, 3], [20, 2], [21, 1], [22, 0]]
[[2, 10], [3, 9], [4, 8], [5, 7], [6, 6], [7, 7], [8, 6], [9, 6], [10, 7], [11, 6], [12, 5], [13, 6], [14, 5], [15, 6], [16, 6], [17, 5], [18, 4], [19, 3], [20, 2], [21, 1], [22, 0]]
[[2, 10], [2, 9], [3, 8], [4, 7], [5, 6], [6, 5], [7, 4], [6, 3], [7, 3], [8, 2], [9, 2], [10, 1], [11, 1], [11, 0], [12, 0], [13, 1], [14, 2], [15, 2], [16, 1], [17, 2], [18, 1], [19, 0], [20, 0], [21, 0], [22, 0]]
[[2, 10], [3, 10], [4, 9], [5, 9], [6, 8], [7, 8], [8, 7], [9, 6], [10, 6], [10, 7], [11, 7], [12, 6], [13, 5], [14, 4], [15, 5], [14, 4], [15, 3], [16, 3], [17, 4], [18, 3], [19, 3], [20, 2], [20, 1], [20, 0], [21, 0], [22, 0]]
[[2, 10], [3, 9], [4, 8], [4, 7], [5, 6], [6, 5], [5, 4], [6, 3], [7, 3], [8, 2], [8, 1], [9, 1], [10, 0], [11, 0], [10, 0], [11, 0], [12, 0], [12, 1], [13, 1], [14, 0], [15, 0], [16, 1], [17, 2], [18, 1], [19, 2], [20, 2], [20, 1], [21, 1], [22, 0]]
[[2, 10], [3, 9], [2, 8], [3, 8], [4, 8], [5, 7], [6, 6], [6, 5], [7, 4], [6, 4], [7, 4], [8, 3], [9, 2], [9, 1], [10, 1], [10, 0], [11, 1], [12, 0], [13, 0], [14, 0], [15, 1], [16, 2], [15, 1], [16, 1], [17, 2], [18, 1], [19, 0], [20, 1], [20, 0], [21, 0], [22, 0]]
[[2, 10], [3, 10], [3, 9], [4, 8], [5, 7], [6, 6], [6, 5], [6, 6], [5, 6], [6, 6], [7, 5], [8, 4], [9, 3], [9, 2], [9, 1], [10, 0], [11, 1], [11, 0], [11, 1], [12, 1], [12, 0], [13, 1], [14, 0], [15, 1], [16, 0], [17, 0], [18, 1], [19, 0], [18, 1], [19, 0], [20, 0], [21, 0], [21, 1], [22, 0]]
[[2, 10], [1, 9], [1, 10], [2, 9], [3, 8], [4, 9], [4, 8], [5, 7], [6, 6], [6, 5], [7, 5], [7, 4], [7, 3], [8, 2], [9, 1], [10, 0], [11, 1], [10, 1], [11, 0], [10, 1], [11, 0], [12, 0], [13, 1], [14, 0], [15, 0], [16, 1], [17, 0], [16, 1], [17, 2], [18, 1], [19, 2], [20, 1], [21, 1], [21, 0], [22, 0]]
[[2, 10], [1, 10], [2, 9], [3, 8], [4, 7], [5, 8], [5, 7], [6, 6], [5, 5], [6, 4], [7, 4], [8, 4], [8, 3], [8, 2], [9, 1], [10, 0], [11, 0], [11, 1], [12, 1], [11, 2], [12, 1], [13, 1], [14, 2], [15, 3], [15, 2], [16, 1], [17, 2], [17, 3], [18, 4], [18, 3], [17, 2], [18, 2], [19, 3], [20, 4], [20, 5], [20, 4], [20, 5], [19, 5], [19, 4], [18, 3], [19, 4], [18, 3], [19, 2], [18, 2], [18, 1], [19, 0], [20, 0], [21, 0], [21, 1], [22, 0]]
[[2, 10], [3, 10], [4, 10], [4, 9], [3, 8], [2, 8], [3, 9], [3, 8], [4, 9], [5, 10], [5, 9], [6, 9], [6, 10], [5, 9], [5, 8], [6, 8], [7, 7], [8, 8], [9, 7], [8, 7], [8, 6], [9, 5], [9, 4], [10, 3], [9, 2], [10, 3], [11, 2], [12, 3], [13, 3], [14, 3], [14, 2], [15, 1], [14, 0], [15, 1], [15, 0], [15, 1], [16, 2], [17, 2], [16, 3], [17, 4], [18, 3], [19, 2], [18, 3], [19, 3], [19, 4], [20, 3], [20, 2], [21, 3], [20, 3], [21, 2], [20, 2], [21, 2], [21, 1], [22, 0]]
[[2, 10], [2, 9], [3, 8], [4, 8], [4, 9], [5, 9], [4, 8], [5, 7], [6, 7], [5, 8], [4, 9], [5, 10], [6, 9], [7, 10], [7, 11], [8, 12], [7, 11], [6, 10], [7, 9], [7, 8], [6, 8], [7, 7], [8, 7], [9, 6], [9, 5], [10, 5], [9, 5], [8, 4], [9, 4], [10, 3], [11, 2], [12, 3], [13, 3], [14, 3], [14, 2], [15, 1], [14, 0], [15, 1], [15, 0], [15, 1], [16, 2], [17, 2], [16, 3], [17, 4], [18, 3], [19, 2], [18, 3], [19, 3], [20, 4], [20, 5], [21, 5], [22, 4], [21, 3], [21, 4], [22, 3], [22, 2], [23, 3], [24, 2], [24, 1], [23, 1], [23, 0], [22, 0]]
[[2, 10], [3, 11], [3, 12], [4, 12], [4, 13], [3, 13], [3, 12], [4, 12], [5, 11], [5, 10], [4, 9], [3, 10], [4, 9], [3, 9], [4, 8], [3, 7], [2, 6], [2, 5], [3, 6], [3, 7], [4, 7], [4, 8], [5, 7], [6, 6], [7, 5], [6, 4], [5, 3], [5, 2], [6, 3], [7, 2], [8, 3], [9, 4], [8, 4], [7, 3], [6, 4], [7, 4], [7, 5], [6, 6], [5, 6], [6, 5], [5, 4], [4, 5], [4, 4], [3, 4], [4, 3], [3, 3], [2, 4], [3, 5], [3, 6], [4, 7], [5, 8], [5, 9], [6, 9], [6, 10], [7, 11], [8, 12], [8, 13], [7, 12], [8, 11], [9, 10], [10, 11], [10, 10], [11, 11], [12, 11], [13, 12], [12, 12], [12, 13], [13, 14], [12, 14], [11, 15], [11, 16], [12, 15], [13, 15], [14, 16], [15, 15], [16, 14], [16, 13], [17, 13], [17, 12], [18, 12], [18, 13], [19, 13], [18, 14], [17, 15], [16, 15], [15, 14], [14, 13], [13, 13], [14, 14], [15, 13], [16, 12], [17, 11], [18, 10], [18, 9], [19, 9], [20, 9], [20, 8], [21, 8], [21, 7], [21, 6], [22, 6], [23, 6], [23, 5], [24, 5], [24, 4], [25, 5], [26, 5], [25, 6], [25, 7], [24, 8], [23, 8], [24, 7], [24, 6], [23, 7], [22, 7], [22, 8], [23, 9], [24, 9], [25, 9], [25, 10], [26, 11], [27, 12], [26, 12], [27, 13], [27, 14], [28, 13], [29, 12], [29, 11], [28, 12], [29, 13], [29, 14], [28, 14], [29, 15], [29, 16], [28, 17], [29, 18], [29, 19], [28, 18], [27, 19], [26, 18], [27, 17], [28, 16], [27, 15], [26, 15], [25, 14], [25, 13], [25, 12], [25, 11], [26, 10], [27, 11], [27, 10], [27, 9], [28, 10], [29, 9], [29, 8], [28, 7], [28, 6], [29, 6], [28, 5], [27, 4], [27, 5], [28, 4], [28, 3], [29, 3], [29, 2], [29, 1], [29, 0], [28, 0], [27, 0], [26, 1], [25, 1], [25, 0], [24, 0], [23, 1], [24, 1], [25, 2], [26, 3], [27, 2], [26, 2], [25, 3], [24, 3], [24, 2], [23, 3], [22, 3], [22, 2], [21, 1], [21, 2], [21, 3], [20, 2], [20, 3], [19, 2], [18, 2], [19, 3], [19, 4], [20, 4], [19, 5], [18, 4], [18, 3], [17, 2], [18, 1], [19, 0], [20, 0], [20, 1], [21, 0], [22, 0]]
