[[7, 16], [8, 15], [9, 14], [10, 13], [11, 12], [12, 11], [12, 10], [12, 9], [12, 8], [13, 7], [14, 6], [15, 5], [16, 5], [17, 4], [18, 3]]
[[7, 16], [8, 15], [9, 14], [9, 13], [9, 12], [10, 11], [11, 10], [11, 9], [12, 8], [13, 7], [14, 6], [15, 5], [16, 5], [17, 4], [18, 3]]
[[7, 16], [8, 15], [9, 14], [10, 14], [11, 13], [12, 12], [13, 11], [14, 10], [14, 9], [15, 8], [16, 7], [17, 6], [17, 5], [18, 4], [18, 3]]
[[7, 16], [8, 15], [9, 14], [10, 13], [11, 12], [12, 11], [12, 10], [12, 9], [12, 8], [13, 7], [14, 6], [15, 5], [16, 5], [17, 4], [18, 3]]
[[7, 16], [8, 15], [9, 14], [10, 13], [11, 12], [10, 11], [11, 10], [12, 9], [12, 8], [13, 7], [14, 6], [15, 5], [16, 5], [17, 4], [18, 3]]
[[7, 16], [8, 15], [9, 14], [10, 13], [11, 12], [10, 11], [11, 10], [11, 9], [12, 8], [13, 7], [14, 6], [15, 5], [16, 5], [17, 4], [18, 3]]
[[7, 16], [8, 15], [9, 15], [10, 14], [11, 13], [12, 12], [13, 11], [14, 10], [15, 9], [15, 8], [16, 7], [16, 6], [17, 5], [17, 4], [18, 3]]
[[7, 16], [8, 15], [9, 14], [9, 13], [9, 12], [10, 11], [11, 10], [12, 9], [12, 8], [13, 7], [14, 6], [15, 5], [16, 5], [17, 4], [18, 3]]
[[7, 16], [7, 15], [8, 14], [9, 13], [10, 12], [10, 11], [11, 10], [11, 9], [12, 8], [13, 7], [14, 6], [15, 5], [16, 5], [17, 4], [18, 3]]
[[7, 16], [8, 15], [9, 14], [10, 13], [11, 13], [12, 12], [13, 11], [14, 10], [15, 9], [16, 9], [17, 8], [18, 7], [18, 6], [17, 5], [17, 4], [18, 3]]
[[7, 16], [8, 15], [9, 14], [10, 13], [11, 12], [12, 12], [12, 11], [12, 10], [13, 9], [14, 8], [13, 7], [14, 6], [15, 5], [16, 5], [17, 4], [18, 3]]
[[7, 16], [8, 15], [9, 14], [10, 13], [11, 13], [12, 12], [12, 11], [12, 10], [12, 9], [12, 8], [13, 7], [14, 6], [15, 5], [16, 5], [17, 4], [18, 3]]
[[7, 16], [8, 15], [9, 14], [10, 14], [11, 13], [12, 12], [13, 12], [14, 11], [14, 10], [14, 9], [15, 8], [16, 7], [17, 6], [16, 5], [17, 4], [18, 3]]
[[7, 16], [8, 15], [9, 14], [10, 14], [11, 13], [12, 12], [13, 11], [12, 10], [11, 9], [12, 8], [13, 7], [14, 6], [15, 5], [16, 5], [17, 4], [18, 3]]
[[7, 16], [8, 15], [9, 14], [10, 14], [10, 13], [11, 12], [12, 11], [11, 10], [11, 9], [12, 8], [13, 7], [14, 6], [15, 5], [16, 5], [17, 4], [18, 3]]
[[7, 16], [8, 15], [9, 14], [10, 13], [11, 12], [11, 13], [12, 13], [13, 12], [14, 11], [14, 10], [15, 9], [16, 9], [17, 8], [18, 7], [17, 6], [16, 5], [17, 4], [18, 3]]
[[7, 16], [8, 16], [9, 15], [10, 15], [11, 14], [12, 14], [13, 13], [12, 12], [11, 12], [12, 11], [11, 10], [12, 9], [12, 8], [13, 7], [14, 6], [15, 5], [16, 5], [17, 5], [17, 4], [18, 3]]
[[7, 16], [8, 15], [8, 16], [9, 15], [10, 14], [11, 13], [12, 12], [12, 13], [13, 12], [14, 11], [15, 11], [15, 10], [15, 9], [15, 8], [16, 7], [17, 7], [17, 6], [16, 5], [17, 4], [18, 3]]
[[7, 16], [8, 15], [8, 14], [9, 13], [10, 13], [11, 12], [12, 11], [12, 12], [13, 13], [12, 12], [13, 11], [14, 10], [15, 10], [16, 10], [16, 9], [17, 8], [16, 7], [16, 6], [17, 5], [16, 6], [16, 7], [17, 6], [17, 5], [17, 4], [18, 3]]
[[7, 16], [8, 15], [8, 14], [9, 14], [10, 13], [11, 14], [12, 14], [11, 13], [12, 12], [12, 13], [11, 12], [11, 13], [12, 12], [13, 12], [14, 11], [15, 10], [14, 9], [15, 8], [16, 7], [16, 6], [15, 5], [16, 6], [17, 5], [18, 4], [18, 3]]
