[[15, 17], [15, 16], [16, 15], [17, 14], [18, 13], [19, 12], [20, 11], [21, 10], [22, 9], [23, 8]]
[[15, 17], [15, 16], [16, 15], [17, 14], [18, 13], [19, 12], [20, 11], [21, 10], [22, 9], [23, 8]]
[[15, 17], [15, 16], [16, 15], [17, 14], [18, 13], [19, 12], [20, 11], [21, 10], [22, 9], [23, 8]]
[[15, 17], [15, 16], [16, 15], [17, 14], [18, 13], [19, 12], [20, 11], [21, 10], [22, 9], [23, 8]]
[[15, 17], [15, 16], [16, 15], [17, 14], [18, 13], [19, 12], [20, 11], [21, 10], [22, 9], [23, 8]]
[[15, 17], [15, 16], [16, 15], [17, 14], [18, 13], [19, 12], [20, 11], [21, 10], [22, 9], [23, 8]]
[[15, 17], [15, 16], [16, 15], [17, 14], [18, 13], [19, 12], [20, 11], [21, 10], [22, 9], [23, 8]]
[[15, 17], [15, 16], [16, 15], [17, 14], [18, 13], [19, 12], [20, 11], [21, 10], [22, 9], [23, 8]]
[[15, 17], [15, 16], [16, 15], [17, 14], [18, 13], [19, 12], [20, 11], [21, 10], [22, 9], [23, 8]]
[[15, 17], [15, 16], [16, 15], [17, 14], [18, 13], [19, 12], [20, 11], [21, 10], [22, 9], [23, 8]]
[[15, 17], [15, 16], [16, 15], [17, 14], [18, 13], [19, 12], [20, 11], [21, 10], [22, 9], [23, 8]]
[[15, 17], [15, 16], [16, 15], [17, 14], [18, 13], [19, 12], [20, 11], [21, 10], [22, 9], [23, 8]]
[[15, 17], [15, 16], [16, 15], [17, 14], [18, 13], [19, 12], [20, 11], [21, 10], [22, 9], [23, 8]]
[[15, 17], [15, 16], [16, 15], [17, 14], [18, 13], [19, 12], [20, 11], [21, 10], [22, 9], [23, 8]]
[[15, 17], [15, 16], [16, 15], [17, 14], [18, 13], [19, 12], [20, 11], [21, 10], [22, 9], [23, 8]]
[[15, 17], [15, 16], [16, 15], [17, 14], [18, 13], [18, 12], [19, 11], [20, 11], [21, 10], [22, 9], [23, 8]]
[[15, 17], [15, 16], [15, 15], [16, 14], [17, 13], [18, 12], [19, 11], [20, 10], [21, 10], [22, 9], [23, 8]]
[[15, 17], [15, 16], [16, 15], [17, 14], [16, 14], [17, 13], [18, 12], [19, 11], [20, 10], [21, 9], [22, 9], [23, 8]]
[[15, 17], [15, 16], [16, 15], [17, 15], [17, 14], [18, 13], [18, 12], [19, 12], [20, 11], [21, 10], [22, 11], [23, 11], [23, 10], [24, 10], [24, 9], [23, 8]]
[[15, 17], [14, 16], [13, 15], [14, 15], [14, 14], [15, 13], [16, 12], [17, 13], [16, 12], [17, 11], [17, 10], [17, 9], [17, 10], [18, 10], [19, 9], [19, 8], [20, 8], [21, 7], [22, 7], [23, 8], [22, 7], [21, 7], [22, 8], [23, 8]]
