[[17, 7], [18, 7], [19, 7], [20, 6], [21, 5], [22, 4], [23, 5], [24, 4], [25, 4], [26, 3], [27, 2]]
[[17, 7], [18, 7], [19, 7], [20, 8], [21, 7], [22, 6], [23, 5], [24, 4], [25, 3], [26, 2], [27, 2]]
[[17, 7], [18, 7], [19, 7], [20, 6], [21, 7], [22, 6], [23, 5], [24, 4], [25, 3], [26, 3], [27, 2]]
[[17, 7], [18, 7], [19, 7], [20, 6], [21, 5], [22, 6], [23, 5], [24, 4], [25, 3], [26, 2], [27, 2]]
[[17, 7], [18, 6], [19, 5], [20, 4], [21, 3], [22, 3], [23, 2], [24, 1], [25, 2], [26, 2], [27, 2]]
[[17, 7], [18, 7], [19, 6], [20, 6], [21, 5], [22, 4], [23, 5], [24, 5], [25, 4], [26, 3], [27, 2]]
[[17, 7], [18, 7], [19, 7], [20, 6], [21, 5], [22, 4], [23, 5], [24, 4], [25, 4], [26, 3], [27, 2]]
[[17, 7], [18, 6], [19, 5], [20, 4], [21, 3], [22, 3], [23, 3], [24, 3], [25, 3], [26, 3], [27, 2]]
[[17, 7], [18, 7], [19, 6], [20, 6], [21, 7], [22, 6], [23, 5], [24, 4], [25, 3], [26, 3], [27, 2]]
[[17, 7], [18, 7], [19, 6], [20, 5], [21, 4], [22, 4], [23, 4], [24, 4], [25, 3], [26, 2], [27, 2]]
[[17, 7], [18, 7], [19, 6], [20, 6], [21, 5], [22, 4], [23, 3], [24, 2], [25, 2], [26, 2], [27, 2]]
[[17, 7], [18, 6], [19, 5], [20, 4], [21, 5], [22, 4], [23, 4], [24, 3], [25, 4], [26, 3], [27, 2]]
[[17, 7], [18, 6], [19, 5], [20, 4], [21, 4], [22, 3], [23, 4], [24, 4], [25, 4], [26, 3], [27, 2]]
[[17, 7], [18, 6], [19, 5], [20, 6], [21, 5], [22, 4], [23, 5], [24, 4], [25, 3], [26, 2], [27, 2]]
[[17, 7], [18, 6], [19, 5], [20, 4], [21, 5], [22, 4], [23, 3], [24, 3], [25, 2], [26, 1], [27, 2]]
[[17, 7], [18, 6], [19, 5], [20, 4], [21, 4], [22, 3], [23, 3], [24, 2], [25, 3], [26, 2], [27, 2]]
[[17, 7], [18, 6], [19, 6], [20, 5], [21, 5], [22, 4], [23, 4], [24, 5], [24, 4], [25, 4], [26, 4], [26, 3], [27, 2]]
[[17, 7], [18, 6], [19, 5], [20, 4], [21, 4], [22, 3], [23, 3], [22, 2], [23, 1], [24, 2], [25, 1], [26, 2], [27, 2]]
[[17, 7], [18, 8], [19, 7], [20, 6], [19, 6], [20, 5], [21, 5], [22, 4], [21, 4], [22, 3], [23, 4], [24, 4], [25, 3], [25, 2], [26, 2], [27, 2]]
[[17, 7], [18, 6], [18, 7], [19, 7], [20, 8], [19, 7], [20, 6], [21, 6], [21, 5], [21, 4], [22, 3], [21, 2], [21, 1], [22, 2], [23, 2], [24, 1], [25, 0], [26, 1], [26, 2], [25, 3], [26, 4], [27, 3], [28, 4], [28, 5], [27, 4], [26, 4], [27, 3], [27, 2]]
