[[12, 16], [12, 15], [12, 14], [11, 13], [10, 12], [9, 11], [10, 10], [9, 9], [8, 8], [9, 7], [10, 6], [11, 5], [10, 4], [10, 3], [11, 2], [12, 1], [11, 0]]
[[12, 16], [13, 15], [13, 14], [12, 13], [11, 12], [10, 11], [11, 10], [11, 9], [12, 8], [11, 7], [12, 6], [11, 5], [10, 4], [10, 3], [11, 2], [12, 1], [11, 0]]
[[12, 16], [12, 15], [11, 14], [10, 13], [10, 12], [9, 11], [10, 10], [10, 9], [10, 8], [10, 7], [11, 6], [10, 5], [10, 4], [11, 3], [12, 2], [12, 1], [11, 0]]
[[12, 16], [12, 15], [11, 14], [10, 13], [10, 12], [10, 11], [10, 10], [11, 9], [11, 8], [10, 7], [10, 6], [9, 5], [10, 4], [10, 3], [11, 2], [12, 1], [11, 0]]
[[12, 16], [12, 15], [11, 14], [11, 13], [11, 12], [10, 11], [11, 10], [12, 9], [11, 8], [11, 7], [10, 6], [11, 5], [10, 4], [11, 3], [11, 2], [10, 1], [11, 0]]
[[12, 16], [12, 15], [12, 14], [11, 13], [10, 12], [9, 11], [10, 10], [9, 9], [8, 8], [9, 7], [10, 6], [11, 5], [10, 4], [10, 3], [11, 2], [12, 1], [11, 0]]
[[12, 16], [12, 15], [11, 14], [10, 13], [11, 12], [10, 11], [10, 10], [11, 9], [12, 8], [11, 7], [12, 6], [11, 5], [10, 4], [11, 3], [11, 2], [12, 1], [11, 0]]
[[12, 16], [12, 15], [13, 14], [13, 13], [12, 12], [13, 11], [13, 10], [12, 9], [11, 8], [10, 7], [10, 6], [11, 5], [10, 4], [10, 3], [11, 2], [10, 1], [11, 0]]
[[12, 16], [12, 15], [11, 14], [11, 13], [11, 12], [10, 11], [11, 10], [11, 9], [12, 8], [12, 7], [11, 6], [11, 5], [11, 4], [11, 3], [11, 2], [12, 1], [11, 0]]
[[12, 16], [13, 15], [13, 14], [12, 13], [12, 12], [11, 11], [12, 10], [11, 9], [11, 8], [10, 7], [10, 6], [10, 5], [10, 4], [11, 3], [11, 2], [10, 1], [11, 0]]
[[12, 16], [12, 15], [12, 14], [12, 13], [13, 12], [12, 11], [12, 10], [11, 9], [10, 8], [10, 7], [11, 6], [11, 5], [11, 4], [10, 3], [11, 2], [10, 1], [11, 0]]
[[12, 16], [13, 15], [13, 14], [12, 13], [11, 12], [12, 11], [12, 10], [11, 9], [11, 8], [10, 7], [10, 6], [11, 5], [10, 4], [11, 3], [11, 2], [10, 1], [11, 0]]
[[12, 16], [12, 15], [12, 14], [11, 13], [10, 12], [10, 11], [10, 10], [10, 9], [9, 8], [8, 7], [9, 6], [9, 5], [10, 4], [11, 3], [11, 2], [12, 1], [11, 0]]
[[12, 16], [11, 16], [12, 15], [11, 14], [10, 13], [10, 12], [9, 11], [10, 10], [10, 9], [10, 8], [9, 7], [10, 6], [10, 5], [11, 4], [11, 3], [11, 2], [10, 1], [11, 0]]
[[12, 16], [12, 15], [12, 14], [11, 13], [11, 12], [10, 11], [9, 10], [10, 9], [11, 8], [10, 7], [11, 6], [11, 5], [11, 4], [10, 4], [9, 3], [10, 3], [11, 3], [12, 2], [12, 1], [11, 0]]
[[12, 16], [12, 15], [12, 14], [11, 13], [11, 12], [10, 11], [9, 10], [9, 9], [9, 8], [10, 8], [11, 8], [10, 7], [9, 7], [10, 6], [11, 5], [10, 4], [10, 3], [11, 2], [12, 1], [11, 0]]
[[12, 16], [12, 15], [12, 14], [12, 13], [12, 12], [12, 11], [12, 10], [13, 10], [14, 10], [15, 9], [16, 9], [16, 8], [15, 8], [16, 7], [16, 6], [15, 6], [14, 6], [14, 5], [14, 4], [13, 3], [14, 2], [13, 2], [12, 1], [11, 0]]
[[12, 16], [12, 15], [12, 14], [13, 14], [12, 13], [11, 12], [10, 11], [9, 12], [10, 11], [10, 10], [11, 9], [10, 8], [9, 9], [10, 8], [11, 9], [10, 9], [9, 8], [9, 7], [10, 6], [9, 5], [8, 4], [9, 5], [10, 5], [11, 4], [11, 3], [11, 2], [12, 1], [11, 0]]
[[12, 16], [13, 15], [12, 15], [11, 14], [11, 13], [10, 12], [11, 11], [10, 10], [9, 10], [9, 9], [8, 9], [7, 8], [6, 7], [5, 7], [5, 8], [4, 7], [3, 7], [3, 6], [2, 6], [3, 5], [4, 4], [5, 4], [6, 3], [7, 2], [8, 1], [9, 0], [10, 1], [10, 0], [11, 0]]
[[12, 16], [11, 17], [10, 17], [9, 16], [8, 16], [9, 16], [8, 15], [9, 14], [8, 13], [9, 14], [8, 13], [9, 12], [10, 12], [11, 11], [10, 11], [9, 10], [10, 9], [9, 9], [8, 8], [7, 7], [6, 7], [5, 7], [4, 8], [4, 7], [3, 7], [4, 6], [4, 5], [3, 4], [4, 4], [5, 4], [6, 5], [5, 4], [5, 3], [6, 3], [7, 2], [7, 1], [7, 2], [6, 1], [6, 0], [7, 1], [8, 1], [9, 1], [10, 1], [11, 0]]
