[[28, 0], [27, 1], [26, 1], [25, 2], [24, 3], [23, 4], [22, 4], [21, 5], [20, 6], [19, 7], [18, 8], [17, 9], [16, 10], [15, 11], [14, 12], [13, 13], [12, 14], [11, 14], [10, 15], [9, 15]]
[[28, 0], [27, 1], [26, 1], [25, 2], [24, 2], [23, 2], [22, 3], [21, 4], [20, 5], [19, 6], [18, 7], [17, 8], [16, 9], [15, 10], [14, 11], [13, 12], [12, 13], [11, 14], [10, 15], [9, 15]]
[[28, 0], [27, 1], [26, 2], [25, 1], [24, 2], [23, 3], [22, 4], [21, 5], [20, 6], [19, 7], [18, 8], [17, 9], [16, 10], [15, 11], [14, 12], [13, 13], [12, 14], [11, 14], [10, 14], [9, 15]]
[[28, 0], [27, 1], [26, 2], [25, 2], [24, 3], [23, 3], [22, 4], [21, 5], [20, 6], [19, 7], [18, 7], [17, 8], [16, 9], [15, 10], [14, 11], [13, 12], [12, 13], [11, 14], [10, 15], [9, 15]]
[[28, 0], [27, 1], [26, 1], [25, 2], [24, 2], [23, 3], [22, 4], [21, 5], [20, 6], [19, 7], [18, 8], [17, 9], [16, 10], [15, 11], [14, 11], [13, 12], [12, 13], [11, 13], [10, 14], [9, 15]]
[[28, 0], [27, 0], [26, 1], [25, 1], [24, 1], [23, 2], [22, 3], [21, 4], [20, 5], [19, 6], [18, 7], [17, 8], [16, 9], [15, 10], [14, 11], [13, 12], [12, 13], [11, 13], [10, 14], [9, 15]]
[[28, 0], [27, 1], [26, 2], [25, 3], [24, 3], [23, 4], [22, 5], [21, 6], [20, 6], [19, 7], [18, 8], [17, 9], [16, 10], [15, 11], [14, 12], [13, 13], [12, 13], [11, 13], [10, 14], [9, 15]]
[[28, 0], [27, 0], [26, 1], [25, 1], [24, 2], [23, 3], [22, 3], [21, 4], [20, 5], [19, 6], [18, 7], [17, 8], [16, 9], [15, 10], [14, 11], [13, 12], [12, 13], [11, 13], [10, 14], [9, 15]]
[[28, 0], [27, 1], [26, 1], [25, 2], [24, 3], [23, 4], [22, 4], [21, 5], [20, 6], [19, 7], [18, 8], [17, 9], [16, 10], [15, 11], [14, 12], [13, 13], [12, 14], [11, 14], [10, 15], [9, 15]]
[[28, 0], [27, 0], [26, 1], [25, 2], [24, 3], [23, 4], [22, 4], [21, 5], [20, 6], [19, 7], [18, 8], [17, 9], [16, 10], [15, 11], [14, 11], [13, 12], [12, 13], [11, 14], [10, 15], [9, 15]]
[[28, 0], [27, 1], [26, 2], [25, 2], [24, 3], [23, 4], [22, 5], [21, 6], [20, 7], [19, 7], [18, 8], [17, 9], [16, 10], [15, 11], [14, 12], [13, 13], [12, 13], [11, 13], [10, 14], [9, 15]]
[[28, 0], [27, 1], [26, 1], [25, 2], [24, 3], [23, 4], [22, 4], [21, 5], [20, 5], [19, 6], [18, 7], [17, 8], [16, 8], [15, 9], [15, 10], [14, 11], [13, 12], [12, 13], [11, 13], [10, 14], [9, 15]]
[[28, 0], [27, 0], [26, 1], [25, 2], [24, 2], [23, 3], [22, 3], [22, 4], [21, 5], [20, 6], [19, 7], [18, 8], [17, 9], [16, 10], [15, 11], [15, 12], [14, 13], [13, 14], [12, 14], [11, 14], [10, 14], [9, 15]]
[[28, 0], [27, 0], [27, 1], [26, 2], [25, 3], [24, 3], [23, 3], [22, 4], [21, 3], [20, 4], [19, 5], [19, 6], [18, 7], [17, 7], [16, 8], [15, 9], [14, 10], [13, 11], [13, 12], [12, 13], [11, 14], [10, 15], [10, 16], [9, 15]]
[[28, 0], [27, 1], [27, 2], [26, 2], [25, 2], [24, 3], [23, 4], [22, 3], [21, 3], [20, 4], [19, 5], [19, 6], [18, 7], [17, 8], [16, 9], [15, 9], [14, 10], [14, 11], [13, 12], [12, 13], [11, 13], [11, 14], [10, 15], [9, 15]]
[[28, 0], [27, 1], [26, 2], [25, 1], [26, 2], [25, 3], [24, 4], [23, 3], [22, 3], [21, 4], [20, 4], [20, 5], [19, 5], [18, 6], [17, 7], [16, 6], [16, 7], [16, 8], [15, 9], [14, 10], [13, 11], [13, 12], [12, 13], [11, 14], [10, 13], [10, 14], [9, 15]]
[[28, 0], [27, 1], [27, 2], [26, 2], [25, 1], [24, 1], [23, 2], [22, 3], [21, 3], [20, 4], [20, 5], [20, 6], [19, 5], [18, 6], [17, 7], [17, 8], [16, 8], [15, 9], [14, 9], [15, 9], [14, 9], [13, 10], [12, 10], [11, 10], [10, 10], [10, 9], [11, 10], [11, 9], [11, 10], [11, 11], [10, 10], [9, 11], [8, 12], [8, 13], [7, 13], [8, 14], [9, 14], [9, 15]]
[[28, 0], [27, 0], [26, 1], [25, 2], [25, 1], [24, 1], [25, 2], [24, 2], [23, 2], [22, 3], [22, 4], [21, 5], [21, 6], [21, 7], [20, 6], [19, 6], [18, 7], [18, 8], [17, 9], [17, 10], [16, 11], [17, 11], [16, 10], [15, 10], [15, 9], [14, 10], [13, 9], [13, 8], [12, 9], [11, 10], [12, 10], [11, 9], [10, 10], [9, 11], [10, 12], [9, 13], [8, 14], [9, 14], [10, 15], [9, 15]]
[[28, 0], [27, 1], [26, 1], [26, 2], [25, 1], [24, 0], [24, 1], [25, 0], [24, 1], [24, 0], [25, 0], [25, 1], [24, 2], [25, 1], [24, 1], [23, 2], [22, 3], [21, 3], [20, 4], [20, 5], [20, 6], [19, 5], [18, 6], [17, 7], [17, 8], [16, 8], [15, 9], [16, 9], [16, 10], [16, 9], [15, 9], [15, 10], [14, 10], [13, 10], [12, 10], [11, 9], [10, 8], [10, 9], [9, 10], [9, 11], [10, 12], [10, 13], [9, 13], [9, 14], [10, 14], [9, 13], [8, 13], [7, 13], [7, 12], [8, 11], [7, 12], [8, 11], [7, 12], [7, 13], [7, 12], [7, 13], [8, 14], [9, 15], [10, 16], [9, 15]]
[[28, 0], [27, 0], [26, 1], [25, 2], [25, 3], [25, 2], [25, 3], [25, 2], [25, 3], [26, 4], [26, 5], [27, 6], [26, 7], [27, 7], [28, 8], [27, 9], [28, 9], [28, 8], [29, 8], [28, 9], [29, 10], [28, 10], [27, 10], [26, 11], [26, 10], [25, 11], [25, 10], [26, 10], [25, 11], [26, 12], [25, 12], [25, 13], [26, 14], [27, 15], [28, 15], [28, 14], [27, 14], [27, 15], [27, 16], [28, 16], [29, 17], [28, 18], [28, 17], [28, 18], [27, 18], [26, 19], [25, 18], [24, 18], [23, 18], [22, 19], [21, 19], [21, 18], [20, 19], [19, 19], [20, 18], [19, 17], [18, 16], [18, 17], [19, 16], [18, 15], [17, 15], [16, 14], [17, 15], [16, 15], [17, 14], [17, 13], [16, 13], [16, 12], [15, 12], [14, 13], [15, 14], [14, 15], [13, 14], [14, 14], [13, 15], [12, 14], [12, 15], [11, 14], [10, 15], [10, 14], [9, 15]]
