[[23, 9], [22, 9], [21, 9], [20, 8], [19, 9], [18, 9], [17, 9], [16, 8], [15, 8], [14, 8], [13, 8], [12, 9], [11, 9], [10, 10], [9, 9], [8, 8], [7, 9], [6, 8], [5, 7]]
[[23, 9], [22, 9], [21, 9], [20, 9], [19, 9], [18, 10], [17, 9], [16, 9], [15, 10], [14, 9], [13, 10], [12, 10], [11, 9], [10, 8], [9, 8], [8, 7], [7, 7], [6, 7], [5, 7]]
[[23, 9], [22, 8], [21, 9], [20, 9], [19, 9], [18, 9], [17, 9], [16, 9], [15, 9], [14, 8], [13, 8], [12, 9], [11, 10], [10, 9], [9, 9], [8, 8], [7, 7], [6, 8], [5, 7]]
[[23, 9], [22, 9], [21, 9], [20, 8], [19, 9], [18, 9], [17, 9], [16, 8], [15, 8], [14, 8], [13, 8], [12, 9], [11, 9], [10, 10], [9, 9], [8, 8], [7, 9], [6, 8], [5, 7]]
[[23, 9], [22, 10], [21, 10], [20, 9], [19, 10], [18, 9], [17, 8], [16, 8], [15, 9], [14, 9], [13, 8], [12, 8], [11, 9], [10, 8], [9, 7], [8, 7], [7, 6], [6, 6], [5, 7]]
[[23, 9], [22, 8], [21, 9], [20, 9], [19, 9], [18, 10], [17, 9], [16, 8], [15, 8], [14, 9], [13, 8], [12, 7], [11, 8], [10, 8], [9, 8], [8, 8], [7, 7], [6, 7], [5, 7]]
[[23, 9], [22, 10], [21, 11], [20, 12], [19, 11], [18, 10], [17, 9], [16, 10], [15, 11], [14, 10], [13, 11], [12, 10], [11, 9], [10, 8], [9, 8], [8, 7], [7, 6], [6, 7], [5, 7]]
[[23, 9], [22, 9], [21, 9], [20, 9], [19, 8], [18, 8], [17, 7], [16, 6], [15, 5], [14, 6], [13, 7], [12, 7], [11, 8], [10, 9], [9, 9], [8, 8], [7, 7], [6, 6], [5, 7]]
[[23, 9], [22, 8], [21, 9], [20, 9], [19, 9], [18, 9], [17, 8], [16, 8], [15, 9], [14, 8], [13, 8], [12, 8], [11, 9], [10, 8], [9, 7], [8, 7], [7, 6], [6, 7], [5, 7]]
[[23, 9], [22, 10], [21, 9], [20, 8], [19, 7], [18, 6], [17, 5], [16, 6], [15, 6], [14, 5], [13, 6], [12, 7], [11, 8], [10, 9], [9, 8], [8, 7], [7, 7], [6, 6], [5, 7]]
[[23, 9], [22, 9], [21, 9], [20, 9], [19, 8], [18, 9], [17, 9], [16, 8], [15, 8], [14, 9], [13, 8], [12, 9], [11, 8], [10, 9], [9, 9], [8, 8], [7, 9], [6, 8], [5, 7]]
[[23, 9], [22, 8], [21, 9], [20, 8], [19, 9], [18, 8], [17, 8], [16, 8], [15, 9], [14, 9], [13, 8], [12, 9], [11, 9], [10, 8], [9, 9], [8, 8], [7, 7], [6, 8], [5, 7]]
[[23, 9], [22, 8], [21, 9], [20, 8], [19, 8], [18, 8], [17, 8], [16, 7], [16, 8], [15, 8], [14, 9], [13, 8], [12, 9], [11, 9], [10, 8], [9, 8], [8, 8], [7, 7], [6, 8], [5, 7]]
[[23, 9], [22, 8], [21, 9], [20, 8], [19, 8], [18, 8], [17, 8], [16, 7], [15, 8], [15, 9], [14, 8], [13, 7], [12, 6], [11, 6], [10, 6], [9, 6], [8, 7], [7, 7], [6, 8], [5, 7]]
[[23, 9], [22, 10], [21, 9], [20, 8], [19, 7], [18, 8], [17, 7], [16, 7], [16, 8], [15, 9], [14, 8], [14, 9], [13, 8], [12, 9], [11, 8], [10, 8], [10, 9], [10, 8], [9, 8], [8, 7], [7, 7], [6, 7], [5, 7]]
[[23, 9], [22, 10], [21, 9], [20, 8], [19, 8], [18, 9], [17, 8], [16, 8], [15, 9], [14, 8], [13, 7], [13, 8], [12, 7], [12, 8], [11, 8], [10, 8], [9, 8], [9, 7], [8, 7], [7, 6], [7, 5], [6, 6], [5, 7]]
[[23, 9], [22, 8], [21, 9], [20, 8], [19, 7], [18, 6], [17, 6], [16, 7], [16, 8], [15, 8], [14, 9], [14, 8], [13, 7], [12, 8], [11, 9], [10, 9], [9, 9], [9, 8], [8, 8], [7, 7], [8, 7], [7, 7], [6, 8], [5, 7]]
[[23, 9], [22, 10], [21, 9], [20, 8], [19, 7], [18, 6], [17, 7], [16, 7], [15, 8], [15, 7], [14, 6], [13, 7], [12, 8], [11, 9], [10, 8], [11, 8], [10, 8], [9, 8], [8, 8], [7, 7], [6, 6], [7, 5], [7, 6], [6, 7], [5, 7]]
[[23, 9], [22, 10], [21, 9], [20, 8], [19, 7], [18, 8], [18, 9], [17, 8], [16, 8], [15, 9], [14, 8], [15, 7], [16, 8], [15, 8], [14, 9], [13, 8], [12, 8], [12, 7], [11, 8], [10, 9], [10, 10], [9, 10], [9, 9], [9, 10], [8, 11], [7, 10], [8, 10], [7, 11], [8, 11], [9, 12], [9, 13], [8, 14], [8, 13], [7, 12], [8, 13], [9, 12], [9, 11], [10, 11], [11, 10], [11, 9], [10, 9], [11, 10], [11, 9], [10, 9], [11, 8], [10, 9], [9, 8], [10, 9], [9, 8], [8, 8], [9, 8], [8, 7], [7, 7], [6, 8], [6, 7], [5, 7]]
[[23, 9], [24, 10], [25, 11], [26, 10], [27, 9], [26, 10], [27, 10], [28, 11], [27, 11], [26, 10], [26, 11], [27, 10], [28, 9], [29, 8], [29, 7], [28, 6], [28, 5], [28, 4], [28, 5], [27, 6], [26, 5], [25, 5], [25, 4], [24, 5], [24, 4], [23, 4], [22, 4], [21, 3], [20, 4], [20, 3], [19, 3], [19, 2], [20, 2], [20, 3], [21, 2], [22, 2], [22, 3], [22, 2], [23, 2], [24, 3], [25, 4], [24, 5], [23, 6], [22, 7], [21, 6], [20, 7], [19, 7], [19, 6], [18, 6], [17, 5], [16, 5], [17, 6], [16, 5], [15, 6], [16, 7], [15, 7], [14, 6], [13, 7], [13, 8], [12, 8], [12, 7], [13, 6], [13, 7], [14, 6], [15, 5], [15, 4], [14, 5], [15, 5], [15, 6], [16, 7], [17, 8], [16, 7], [15, 7], [14, 8], [13, 8], [13, 7], [12, 7], [11, 6], [10, 5], [11, 5], [10, 6], [9, 6], [8, 6], [9, 5], [8, 6], [7, 6], [8, 6], [7, 6], [6, 7], [5, 7]]
