[[21, 14], [20, 13], [21, 12], [20, 11], [19, 10], [19, 9], [18, 8], [19, 7], [20, 6], [21, 5], [22, 4], [23, 3], [24, 2], [24, 1]]
[[21, 14], [21, 13], [22, 12], [21, 11], [20, 10], [21, 9], [21, 8], [21, 7], [22, 6], [21, 5], [22, 4], [23, 3], [23, 2], [24, 1]]
[[21, 14], [21, 13], [20, 12], [20, 11], [19, 10], [18, 9], [19, 8], [19, 7], [20, 6], [21, 5], [22, 4], [23, 3], [24, 2], [24, 1]]
[[21, 14], [20, 13], [20, 12], [20, 11], [19, 10], [18, 9], [19, 8], [20, 7], [21, 6], [22, 5], [22, 4], [23, 3], [23, 2], [24, 1]]
[[21, 14], [20, 13], [20, 12], [19, 11], [18, 10], [18, 9], [19, 8], [20, 7], [20, 6], [21, 5], [22, 4], [23, 3], [24, 2], [24, 1]]
[[21, 14], [21, 13], [20, 12], [19, 11], [19, 10], [19, 9], [20, 8], [19, 7], [20, 6], [21, 5], [22, 4], [23, 3], [23, 2], [24, 1]]
[[21, 14], [20, 13], [21, 12], [20, 11], [21, 10], [22, 9], [22, 8], [21, 7], [21, 6], [22, 5], [23, 4], [23, 3], [24, 2], [24, 1]]
[[21, 14], [22, 13], [21, 12], [21, 11], [21, 10], [22, 9], [21, 8], [21, 7], [22, 6], [22, 5], [22, 4], [23, 3], [24, 2], [24, 1]]
[[21, 14], [20, 13], [21, 12], [20, 11], [19, 10], [19, 9], [18, 8], [19, 7], [20, 6], [21, 5], [22, 4], [23, 3], [24, 2], [24, 1]]
[[21, 14], [20, 13], [20, 12], [19, 11], [20, 10], [21, 9], [22, 8], [22, 7], [22, 6], [22, 5], [22, 4], [23, 3], [23, 2], [24, 1]]
[[21, 14], [20, 13], [20, 12], [21, 11], [21, 10], [21, 9], [22, 8], [23, 7], [22, 6], [22, 5], [22, 4], [23, 3], [24, 2], [24, 1]]
[[21, 14], [21, 13], [22, 12], [22, 11], [22, 10], [22, 9], [23, 8], [22, 7], [21, 6], [22, 5], [23, 4], [23, 3], [23, 2], [24, 1]]
[[21, 14], [21, 13], [21, 12], [20, 11], [21, 11], [22, 10], [22, 9], [23, 8], [24, 8], [23, 7], [23, 6], [22, 5], [23, 4], [23, 3], [23, 2], [24, 1]]
[[21, 14], [20, 13], [21, 13], [20, 12], [20, 11], [19, 10], [18, 9], [18, 8], [19, 9], [19, 8], [20, 7], [20, 6], [21, 5], [22, 4], [23, 3], [24, 2], [24, 1]]
[[21, 14], [22, 13], [22, 12], [21, 11], [20, 10], [21, 9], [22, 8], [22, 7], [23, 8], [22, 7], [22, 6], [21, 5], [21, 6], [22, 5], [23, 4], [23, 3], [23, 2], [24, 2], [24, 1]]
[[21, 14], [22, 13], [22, 12], [21, 11], [22, 10], [21, 10], [22, 9], [23, 8], [23, 7], [23, 8], [22, 8], [23, 7], [22, 6], [22, 7], [21, 6], [22, 5], [23, 4], [23, 3], [23, 2], [24, 1]]
[[21, 14], [22, 13], [23, 14], [24, 14], [25, 13], [26, 12], [25, 11], [26, 11], [27, 10], [28, 9], [28, 8], [27, 8], [26, 7], [25, 7], [24, 8], [23, 8], [22, 8], [23, 7], [23, 6], [22, 5], [23, 4], [22, 5], [23, 4], [23, 3], [24, 2], [24, 1]]
[[21, 14], [21, 15], [20, 15], [19, 15], [19, 14], [19, 13], [20, 12], [21, 11], [20, 12], [19, 11], [20, 10], [21, 9], [22, 9], [23, 10], [24, 11], [23, 10], [24, 10], [25, 10], [26, 10], [25, 9], [24, 8], [25, 7], [26, 7], [26, 6], [27, 5], [26, 5], [25, 4], [26, 3], [25, 2], [25, 1], [26, 1], [25, 2], [24, 1]]
[[21, 14], [21, 13], [20, 14], [21, 13], [22, 12], [23, 11], [24, 10], [24, 11], [25, 10], [26, 11], [26, 12], [25, 11], [25, 10], [26, 9], [27, 8], [27, 7], [27, 6], [28, 6], [28, 7], [29, 6], [28, 5], [29, 5], [29, 4], [29, 3], [28, 2], [28, 3], [28, 4], [27, 4], [26, 5], [27, 5], [26, 6], [26, 7], [25, 7], [24, 6], [25, 6], [25, 5], [26, 4], [27, 3], [26, 3], [25, 2], [24, 1]]
[[21, 14], [21, 13], [22, 12], [22, 13], [23, 12], [24, 13], [25, 14], [24, 15], [25, 16], [26, 17], [27, 17], [28, 16], [29, 17], [29, 16], [28, 17], [28, 18], [27, 19], [27, 18], [26, 18], [25, 17], [24, 17], [25, 18], [25, 19], [24, 18], [23, 19], [22, 19], [22, 18], [21, 19], [21, 18], [22, 17], [21, 16], [22, 15], [21, 15], [20, 16], [19, 16], [20, 17], [19, 17], [19, 18], [18, 18], [17, 17], [18, 16], [17, 16], [18, 15], [19, 14], [19, 15], [20, 14], [20, 13], [20, 12], [20, 11], [19, 11], [18, 10], [17, 10], [17, 9], [16, 9], [15, 8], [14, 7], [15, 6], [15, 5], [16, 4], [17, 3], [18, 3], [17, 4], [18, 5], [18, 6], [19, 5], [19, 4], [20, 3], [20, 4], [20, 5], [21, 5], [22, 4], [22, 5], [22, 6], [22, 7], [23, 6], [24, 6], [25, 7], [26, 7], [27, 6], [28, 5], [29, 4], [28, 3], [28, 2], [28, 1], [28, 0], [27, 1], [26, 2], [25, 1], [25, 0], [24, 1]]
