[[25, 4], [24, 5], [23, 6], [22, 7], [21, 8], [20, 9], [19, 10], [18, 11], [17, 12], [16, 12], [15, 13], [14, 13], [13, 12], [12, 13], [11, 14], [10, 14], [9, 15], [8, 15], [7, 16], [6, 17]]
[[25, 4], [24, 5], [23, 6], [22, 7], [21, 8], [20, 9], [19, 10], [18, 11], [17, 12], [16, 13], [15, 13], [14, 12], [13, 13], [12, 14], [11, 14], [10, 15], [9, 16], [8, 17], [7, 16], [6, 17]]
[[25, 4], [24, 5], [23, 6], [22, 7], [21, 8], [20, 9], [19, 10], [18, 11], [17, 12], [16, 13], [15, 13], [14, 14], [13, 14], [12, 15], [11, 14], [10, 14], [9, 15], [8, 15], [7, 16], [6, 17]]
[[25, 4], [24, 5], [23, 6], [22, 7], [21, 8], [20, 9], [19, 10], [18, 11], [17, 12], [16, 13], [15, 14], [14, 15], [13, 15], [12, 15], [11, 15], [10, 16], [9, 16], [8, 17], [7, 18], [6, 17]]
[[25, 4], [24, 5], [23, 6], [22, 7], [21, 8], [20, 9], [19, 10], [18, 11], [17, 12], [16, 12], [15, 13], [14, 13], [13, 12], [12, 13], [11, 14], [10, 14], [9, 15], [8, 15], [7, 16], [6, 17]]
[[25, 4], [24, 5], [23, 6], [22, 7], [21, 8], [20, 9], [19, 10], [18, 11], [17, 12], [16, 12], [15, 11], [14, 12], [13, 13], [12, 13], [11, 14], [10, 14], [9, 14], [8, 15], [7, 16], [6, 17]]
[[25, 4], [24, 5], [23, 6], [22, 7], [21, 8], [20, 9], [19, 10], [18, 11], [17, 12], [16, 12], [15, 13], [14, 14], [13, 15], [12, 15], [11, 16], [10, 15], [9, 15], [8, 16], [7, 16], [6, 17]]
[[25, 4], [24, 5], [23, 6], [22, 7], [21, 8], [20, 9], [19, 10], [18, 11], [17, 12], [16, 13], [15, 13], [14, 14], [13, 14], [12, 15], [11, 16], [10, 17], [9, 18], [8, 17], [7, 18], [6, 17]]
[[25, 4], [24, 5], [23, 6], [22, 7], [21, 8], [20, 9], [19, 10], [18, 11], [17, 12], [16, 13], [15, 13], [14, 12], [13, 13], [12, 14], [11, 15], [10, 16], [9, 16], [8, 17], [7, 18], [6, 17]]
[[25, 4], [24, 5], [23, 6], [22, 7], [21, 8], [20, 9], [19, 10], [18, 11], [17, 12], [16, 13], [15, 13], [14, 14], [13, 13], [12, 14], [11, 15], [10, 16], [9, 16], [8, 16], [7, 16], [6, 17]]
[[25, 4], [24, 5], [23, 6], [22, 7], [21, 8], [20, 9], [19, 10], [18, 11], [17, 12], [16, 13], [15, 14], [14, 14], [13, 14], [12, 15], [11, 16], [10, 16], [9, 15], [8, 15], [7, 16], [6, 17]]
[[25, 4], [24, 5], [23, 6], [22, 7], [21, 8], [20, 9], [19, 10], [18, 11], [17, 12], [16, 12], [15, 13], [14, 13], [13, 12], [12, 13], [11, 14], [10, 14], [9, 15], [8, 15], [7, 16], [6, 17]]
[[25, 4], [24, 5], [23, 6], [22, 7], [21, 8], [20, 9], [19, 10], [18, 11], [17, 12], [16, 12], [15, 13], [14, 13], [13, 14], [12, 15], [11, 15], [10, 14], [9, 15], [8, 15], [7, 16], [6, 17]]
[[25, 4], [24, 5], [23, 6], [22, 7], [21, 8], [20, 9], [19, 10], [18, 11], [17, 12], [16, 12], [15, 13], [14, 13], [13, 14], [12, 13], [11, 14], [10, 14], [9, 14], [8, 15], [7, 16], [6, 17]]
[[25, 4], [24, 5], [23, 6], [22, 7], [21, 8], [20, 9], [19, 10], [18, 11], [17, 12], [16, 12], [15, 13], [14, 13], [13, 14], [12, 13], [11, 14], [10, 15], [9, 15], [8, 16], [7, 16], [6, 17]]
[[25, 4], [24, 5], [23, 6], [22, 7], [21, 8], [20, 9], [19, 10], [18, 11], [17, 12], [16, 12], [15, 13], [14, 13], [13, 14], [12, 15], [11, 14], [10, 14], [9, 14], [8, 15], [7, 16], [6, 17]]
[[25, 4], [24, 5], [23, 6], [22, 7], [21, 8], [20, 9], [19, 10], [18, 11], [17, 12], [16, 13], [15, 14], [14, 13], [13, 14], [12, 13], [11, 14], [10, 15], [9, 15], [8, 16], [7, 16], [6, 17]]
[[25, 4], [24, 5], [23, 6], [22, 6], [21, 7], [20, 8], [19, 9], [19, 10], [18, 11], [17, 12], [16, 13], [15, 14], [14, 14], [13, 14], [12, 15], [11, 16], [10, 15], [9, 16], [8, 17], [7, 18], [6, 17]]
[[25, 4], [24, 5], [23, 6], [22, 7], [22, 8], [21, 9], [20, 9], [19, 10], [18, 11], [17, 12], [16, 13], [15, 13], [14, 12], [14, 13], [13, 14], [12, 15], [11, 16], [10, 17], [9, 18], [9, 17], [8, 18], [7, 18], [7, 19], [7, 18], [6, 17]]
[[25, 4], [24, 5], [23, 6], [22, 7], [21, 7], [21, 8], [20, 9], [19, 9], [19, 10], [19, 11], [19, 12], [18, 13], [17, 14], [18, 14], [18, 13], [17, 12], [18, 13], [17, 14], [16, 15], [15, 14], [15, 15], [14, 15], [13, 15], [13, 14], [13, 13], [13, 14], [12, 14], [11, 15], [10, 14], [9, 15], [8, 15], [7, 16], [6, 17]]
