[[9, 2], [10, 2], [11, 3], [12, 4], [13, 5], [14, 4], [15, 5], [16, 6], [17, 6], [18, 6], [19, 7]]
[[9, 2], [10, 2], [11, 3], [12, 4], [13, 3], [14, 4], [15, 5], [16, 5], [17, 5], [18, 6], [19, 7]]
[[9, 2], [10, 2], [11, 3], [12, 4], [13, 3], [14, 4], [15, 5], [16, 6], [17, 7], [18, 6], [19, 7]]
[[9, 2], [10, 2], [11, 3], [12, 4], [13, 4], [14, 5], [15, 6], [16, 5], [17, 5], [18, 6], [19, 7]]
[[9, 2], [10, 2], [11, 3], [12, 4], [13, 5], [14, 4], [15, 5], [16, 6], [17, 6], [18, 6], [19, 7]]
[[9, 2], [10, 2], [11, 3], [12, 4], [13, 4], [14, 5], [15, 5], [16, 6], [17, 6], [18, 6], [19, 7]]
[[9, 2], [10, 2], [11, 3], [12, 4], [13, 4], [14, 5], [15, 6], [16, 6], [17, 7], [18, 6], [19, 7]]
[[9, 2], [10, 2], [11, 3], [12, 4], [13, 5], [14, 5], [15, 5], [16, 6], [17, 7], [18, 6], [19, 7]]
[[9, 2], [9, 3], [10, 4], [11, 3], [12, 4], [13, 5], [14, 5], [15, 5], [16, 6], [17, 5], [18, 6], [19, 7]]
[[9, 2], [9, 3], [10, 2], [11, 3], [12, 4], [13, 5], [14, 5], [15, 6], [16, 7], [17, 8], [18, 8], [19, 7]]
[[9, 2], [9, 3], [10, 4], [11, 5], [12, 6], [13, 5], [14, 5], [15, 6], [16, 6], [17, 7], [18, 8], [19, 7]]
[[9, 2], [10, 1], [11, 2], [11, 3], [12, 4], [13, 5], [14, 4], [15, 5], [16, 6], [17, 6], [18, 6], [19, 7]]
[[9, 2], [10, 1], [11, 2], [11, 3], [12, 4], [13, 4], [14, 4], [15, 5], [16, 6], [17, 7], [18, 8], [19, 7]]
[[9, 2], [9, 3], [10, 4], [11, 5], [12, 6], [13, 5], [14, 5], [15, 6], [16, 6], [17, 7], [18, 8], [19, 7]]
[[9, 2], [9, 3], [10, 2], [11, 3], [12, 4], [13, 5], [14, 4], [15, 5], [16, 5], [17, 6], [18, 6], [19, 7]]
[[9, 2], [9, 3], [10, 4], [11, 3], [12, 4], [13, 5], [14, 4], [15, 5], [16, 6], [17, 5], [18, 6], [19, 7]]
[[9, 2], [10, 1], [11, 2], [11, 3], [12, 4], [13, 5], [14, 4], [15, 5], [16, 6], [17, 7], [18, 8], [19, 7]]
[[9, 2], [9, 3], [10, 4], [11, 5], [12, 4], [13, 4], [13, 5], [12, 6], [13, 7], [14, 8], [14, 9], [15, 8], [16, 9], [17, 8], [18, 8], [19, 7]]
[[9, 2], [9, 3], [10, 2], [11, 3], [12, 4], [13, 4], [14, 5], [15, 6], [16, 6], [16, 5], [17, 5], [18, 6], [17, 5], [18, 5], [19, 4], [20, 5], [20, 6], [19, 7]]
[[9, 2], [10, 1], [11, 2], [10, 2], [11, 1], [10, 0], [11, 0], [12, 0], [13, 0], [13, 1], [14, 2], [13, 3], [14, 4], [15, 5], [15, 4], [16, 5], [16, 4], [15, 3], [15, 2], [14, 1], [15, 0], [16, 1], [17, 0], [18, 0], [19, 1], [20, 2], [20, 1], [21, 1], [20, 0], [21, 0], [22, 1], [23, 2], [23, 3], [24, 2], [24, 3], [25, 2], [26, 1], [26, 0], [27, 1], [28, 0], [29, 0], [29, 1], [29, 2], [28, 3], [27, 2], [26, 2], [25, 1], [24, 1], [23, 1], [22, 2], [21, 2], [21, 3], [20, 3], [19, 4], [18, 5], [18, 6], [17, 7], [18, 8], [19, 9], [18, 10], [18, 11], [17, 11], [17, 12], [17, 13], [16, 12], [16, 11], [15, 12], [16, 13], [15, 14], [14, 15], [15, 15], [14, 16], [15, 17], [14, 18], [14, 19], [13, 18], [13, 17], [12, 16], [13, 15], [13, 14], [12, 13], [11, 12], [12, 11], [12, 12], [13, 13], [14, 13], [13, 12], [14, 12], [15, 11], [14, 10], [14, 9], [15, 9], [16, 8], [17, 9], [18, 9], [19, 10], [19, 11], [20, 10], [21, 11], [20, 11], [21, 10], [22, 11], [23, 12], [24, 11], [23, 10], [22, 10], [23, 11], [24, 12], [23, 13], [24, 13], [23, 14], [23, 15], [23, 16], [24, 17], [25, 17], [24, 18], [25, 18], [24, 19], [25, 19], [26, 18], [27, 19], [26, 19], [27, 18], [28, 19], [29, 18], [28, 17], [28, 18], [27, 17], [26, 16], [25, 16], [26, 15], [26, 14], [25, 13], [26, 13], [27, 13], [27, 12], [28, 12], [28, 13], [29, 14], [28, 15], [27, 15], [27, 14], [28, 14], [29, 13], [29, 12], [28, 11], [27, 10], [28, 9], [27, 9], [26, 8], [25, 7], [24, 8], [23, 7], [23, 8], [23, 9], [24, 9], [25, 9], [25, 10], [25, 11], [26, 12], [26, 11], [26, 10], [27, 11], [28, 10], [29, 10], [29, 9], [29, 8], [29, 7], [28, 7], [29, 6], [28, 6], [29, 5], [29, 4], [28, 4], [27, 4], [27, 3], [26, 3], [25, 3], [26, 4], [25, 4], [26, 5], [25, 6], [24, 7], [23, 6], [23, 5], [22, 5], [21, 4], [20, 4], [20, 5], [21, 6], [21, 7], [20, 8], [21, 9], [21, 8], [20, 9], [19, 8], [19, 7]]
