[[12, 7], [13, 8], [13, 9], [13, 10], [12, 11], [12, 12], [11, 13], [11, 14], [10, 15], [9, 16], [8, 17], [7, 18]]
[[12, 7], [13, 8], [13, 9], [13, 10], [12, 11], [12, 12], [12, 13], [11, 14], [10, 15], [9, 16], [8, 17], [7, 18]]
[[12, 7], [11, 8], [11, 9], [11, 10], [11, 11], [12, 12], [11, 13], [10, 14], [9, 15], [8, 16], [8, 17], [7, 18]]
[[12, 7], [13, 8], [13, 9], [13, 10], [13, 11], [12, 12], [11, 13], [10, 14], [9, 15], [8, 16], [7, 17], [7, 18]]
[[12, 7], [13, 8], [13, 9], [13, 10], [12, 11], [11, 12], [10, 13], [10, 14], [9, 15], [8, 16], [8, 17], [7, 18]]
[[12, 7], [12, 8], [12, 9], [13, 10], [12, 11], [12, 12], [11, 13], [11, 14], [10, 15], [9, 16], [8, 17], [7, 18]]
[[12, 7], [12, 8], [13, 9], [13, 10], [12, 11], [13, 12], [12, 13], [11, 14], [10, 15], [9, 16], [8, 17], [7, 18]]
[[12, 7], [12, 8], [11, 9], [11, 10], [12, 11], [12, 12], [12, 13], [11, 14], [10, 15], [9, 16], [8, 17], [7, 18]]
[[12, 7], [13, 8], [13, 9], [13, 10], [12, 11], [12, 12], [11, 13], [11, 14], [10, 15], [9, 16], [8, 17], [7, 18]]
[[12, 7], [12, 8], [12, 9], [13, 10], [12, 11], [13, 12], [12, 13], [11, 14], [10, 15], [9, 16], [8, 17], [7, 18]]
[[12, 7], [13, 8], [13, 9], [13, 10], [12, 11], [12, 12], [12, 13], [11, 14], [10, 15], [9, 16], [8, 17], [7, 18]]
[[12, 7], [13, 8], [12, 9], [11, 10], [11, 11], [10, 12], [10, 13], [11, 14], [10, 15], [9, 16], [8, 17], [7, 18]]
[[12, 7], [12, 8], [13, 9], [13, 10], [13, 11], [12, 12], [11, 13], [10, 14], [9, 15], [10, 16], [9, 17], [8, 17], [7, 18]]
[[12, 7], [13, 8], [13, 9], [13, 10], [12, 11], [11, 10], [11, 11], [11, 12], [10, 13], [10, 14], [9, 15], [8, 15], [7, 16], [6, 17], [7, 18]]
[[12, 7], [13, 8], [14, 9], [13, 10], [12, 11], [12, 12], [11, 13], [10, 14], [11, 13], [10, 14], [9, 15], [8, 16], [9, 17], [8, 17], [7, 18]]
[[12, 7], [13, 8], [13, 9], [13, 10], [13, 11], [12, 12], [11, 11], [10, 11], [10, 12], [10, 13], [11, 14], [11, 13], [10, 14], [11, 15], [10, 15], [9, 16], [8, 17], [7, 18]]
[[12, 7], [13, 8], [13, 9], [14, 10], [13, 11], [12, 12], [11, 13], [10, 14], [10, 15], [11, 15], [11, 16], [11, 17], [10, 18], [9, 18], [10, 17], [9, 17], [8, 17], [7, 18]]
[[12, 7], [13, 8], [14, 8], [14, 9], [14, 10], [15, 11], [14, 12], [13, 11], [13, 12], [14, 13], [13, 14], [14, 15], [13, 14], [12, 14], [11, 15], [10, 16], [9, 15], [8, 15], [9, 16], [8, 15], [7, 16], [8, 17], [7, 18]]
[[12, 7], [12, 6], [13, 7], [13, 6], [14, 7], [14, 8], [15, 7], [15, 8], [16, 7], [15, 6], [16, 6], [15, 5], [14, 4], [15, 4], [14, 5], [13, 5], [12, 6], [11, 7], [10, 7], [11, 6], [11, 5], [11, 4], [10, 3], [10, 4], [9, 5], [8, 6], [7, 6], [6, 5], [5, 4], [4, 5], [5, 5], [4, 4], [3, 3], [4, 3], [3, 2], [2, 1], [1, 0], [1, 1], [0, 2], [0, 1], [1, 2], [0, 3], [1, 3], [2, 2], [2, 3], [1, 4], [0, 5], [0, 4], [1, 5], [2, 6], [1, 6], [1, 7], [0, 7], [1, 8], [1, 9], [2, 9], [3, 10], [3, 11], [4, 12], [4, 11], [5, 12], [6, 11], [7, 12], [8, 12], [7, 13], [6, 14], [5, 15], [6, 16], [7, 17], [8, 18], [7, 18]]
[[12, 7], [11, 7], [11, 6], [12, 5], [13, 4], [14, 3], [15, 4], [15, 3], [15, 2], [14, 1], [13, 1], [12, 2], [13, 3], [14, 4], [15, 5], [16, 4], [17, 5], [18, 6], [17, 7], [18, 8], [17, 8], [18, 7], [19, 7], [18, 6], [17, 7], [17, 6], [16, 5], [16, 6], [16, 7], [17, 8], [17, 9], [18, 8], [18, 7], [19, 8], [18, 9], [19, 10], [20, 9], [21, 10], [20, 10], [20, 11], [21, 11], [20, 12], [20, 13], [21, 13], [20, 14], [20, 15], [21, 14], [22, 14], [23, 13], [24, 14], [23, 14], [24, 13], [25, 14], [26, 15], [27, 15], [27, 14], [28, 15], [29, 16], [29, 15], [28, 16], [27, 16], [27, 17], [26, 17], [25, 16], [24, 16], [23, 17], [22, 17], [23, 16], [24, 15], [23, 15], [22, 15], [22, 16], [21, 17], [20, 16], [20, 17], [21, 18], [21, 19], [20, 19], [19, 19], [20, 18], [19, 17], [18, 17], [17, 16], [16, 15], [16, 16], [16, 17], [17, 18], [16, 19], [15, 19], [15, 18], [14, 19], [13, 19], [13, 18], [14, 17], [13, 16], [12, 15], [11, 15], [10, 16], [9, 16], [9, 15], [8, 16], [8, 17], [9, 17], [8, 18], [7, 17], [6, 18], [6, 17], [7, 18]]
