[[16, 15], [17, 16], [18, 16], [19, 16], [20, 17], [21, 17], [22, 18], [23, 18], [24, 18]]
[[16, 15], [17, 16], [18, 16], [19, 17], [20, 16], [21, 17], [22, 17], [23, 18], [24, 18]]
[[16, 15], [17, 16], [18, 16], [19, 16], [20, 16], [21, 17], [22, 17], [23, 18], [24, 18]]
[[16, 15], [17, 16], [18, 15], [19, 16], [20, 16], [21, 17], [22, 18], [23, 18], [24, 18]]
[[16, 15], [17, 16], [18, 16], [19, 16], [20, 16], [21, 17], [22, 18], [23, 18], [24, 18]]
[[16, 15], [17, 16], [18, 16], [19, 16], [20, 17], [21, 16], [22, 17], [23, 18], [24, 18]]
[[16, 15], [17, 16], [18, 15], [19, 15], [20, 16], [21, 17], [22, 18], [23, 18], [24, 18]]
[[16, 15], [17, 16], [18, 16], [19, 17], [20, 17], [21, 18], [22, 19], [23, 19], [24, 18]]
[[16, 15], [17, 16], [18, 16], [19, 16], [20, 17], [21, 18], [22, 19], [23, 18], [24, 18]]
[[16, 15], [17, 16], [18, 16], [19, 17], [20, 18], [21, 18], [22, 17], [23, 18], [24, 18]]
[[16, 15], [17, 16], [18, 16], [19, 17], [20, 17], [21, 17], [22, 18], [23, 18], [24, 18]]
[[16, 15], [17, 16], [18, 16], [19, 17], [20, 17], [21, 17], [22, 18], [23, 19], [24, 18]]
[[16, 15], [17, 16], [18, 16], [19, 16], [20, 17], [21, 17], [22, 18], [23, 18], [24, 18]]
[[16, 15], [17, 16], [18, 16], [19, 17], [20, 18], [21, 17], [22, 18], [23, 18], [24, 18]]
[[16, 15], [17, 16], [18, 16], [19, 17], [20, 17], [21, 17], [22, 18], [23, 18], [24, 18]]
[[16, 15], [17, 16], [18, 15], [19, 16], [20, 17], [21, 16], [22, 17], [23, 18], [24, 18]]
[[16, 15], [17, 16], [18, 16], [19, 16], [20, 17], [21, 18], [22, 19], [23, 18], [24, 18]]
[[16, 15], [16, 16], [17, 17], [18, 18], [19, 18], [20, 18], [21, 18], [22, 17], [21, 18], [22, 18], [23, 18], [24, 19], [24, 18]]
[[16, 15], [17, 16], [18, 15], [19, 16], [20, 15], [21, 16], [22, 15], [22, 16], [21, 15], [20, 16], [21, 17], [22, 17], [21, 18], [20, 17], [20, 18], [19, 18], [18, 18], [19, 19], [20, 19], [21, 19], [22, 19], [22, 18], [23, 19], [24, 18]]
