[[13, 9], [14, 9], [15, 10], [16, 10], [17, 10], [18, 11], [19, 10], [20, 10], [21, 10], [22, 11]]
[[13, 9], [14, 9], [15, 9], [16, 9], [17, 9], [18, 9], [19, 9], [20, 10], [21, 10], [22, 11]]
[[13, 9], [14, 8], [15, 9], [16, 9], [17, 9], [18, 10], [19, 9], [20, 10], [21, 10], [22, 11]]
[[13, 9], [14, 8], [15, 8], [16, 9], [17, 10], [18, 10], [19, 11], [20, 10], [21, 11], [22, 11]]
[[13, 9], [14, 9], [15, 9], [16, 10], [17, 9], [18, 9], [19, 9], [20, 9], [21, 10], [22, 11]]
[[13, 9], [14, 10], [15, 9], [16, 10], [17, 11], [18, 10], [19, 10], [20, 10], [21, 10], [22, 11]]
[[13, 9], [14, 9], [15, 10], [16, 10], [17, 10], [18, 11], [19, 10], [20, 10], [21, 10], [22, 11]]
[[13, 9], [14, 9], [15, 10], [16, 9], [16, 10], [17, 10], [18, 10], [19, 10], [20, 10], [21, 11], [22, 11]]
[[13, 9], [14, 9], [15, 10], [16, 9], [16, 10], [17, 10], [18, 10], [19, 10], [18, 9], [19, 9], [19, 8], [20, 9], [21, 10], [21, 11], [22, 11]]
[[13, 9], [14, 10], [15, 11], [16, 11], [17, 11], [18, 10], [17, 11], [17, 10], [18, 9], [19, 8], [19, 9], [20, 10], [21, 11], [22, 12], [22, 11]]
[[13, 9], [14, 10], [15, 9], [15, 10], [14, 11], [13, 10], [12, 11], [12, 12], [11, 12], [12, 13], [12, 14], [13, 14], [13, 15], [14, 14], [15, 14], [14, 15], [15, 15], [14, 16], [14, 17], [15, 17], [16, 18], [16, 19], [17, 18], [18, 19], [17, 19], [18, 18], [17, 17], [16, 17], [16, 16], [17, 16], [18, 16], [19, 15], [20, 16], [21, 16], [22, 16], [22, 15], [23, 14], [22, 13], [22, 14], [23, 15], [24, 14], [25, 13], [24, 12], [23, 13], [22, 13], [22, 12], [23, 11], [22, 11]]
[[13, 9], [12, 8], [13, 7], [14, 7], [15, 6], [15, 5], [16, 5], [16, 4], [17, 3], [18, 3], [18, 4], [18, 3], [19, 4], [20, 3], [19, 3], [20, 2], [20, 3], [20, 2], [21, 1], [21, 2], [22, 1], [21, 2], [22, 3], [23, 3], [24, 2], [23, 3], [23, 4], [23, 3], [24, 3], [24, 2], [25, 2], [26, 2], [27, 1], [28, 2], [29, 2], [29, 1], [28, 1], [28, 2], [28, 1], [29, 1], [28, 2], [28, 3], [28, 4], [29, 4], [28, 5], [27, 6], [26, 5], [25, 6], [26, 7], [26, 8], [26, 7], [27, 7], [26, 8], [27, 8], [26, 9], [25, 8], [25, 9], [26, 10], [25, 10], [25, 11], [24, 10], [23, 11], [22, 11]]
[[13, 9], [13, 8], [14, 8], [15, 7], [15, 6], [16, 7], [16, 6], [17, 5], [17, 6], [16, 5], [15, 4], [15, 3], [16, 3], [17, 3], [18, 3], [18, 2], [18, 3], [18, 4], [19, 3], [20, 4], [21, 3], [21, 2], [22, 2], [22, 1], [22, 0], [23, 0], [24, 1], [24, 0], [25, 1], [25, 2], [24, 2], [25, 3], [24, 4], [23, 4], [22, 4], [23, 4], [24, 5], [25, 6], [26, 7], [25, 7], [26, 7], [27, 8], [26, 8], [25, 9], [25, 8], [24, 9], [24, 10], [24, 11], [23, 11], [22, 12], [23, 13], [22, 14], [21, 14], [20, 15], [21, 15], [21, 14], [20, 14], [19, 15], [19, 14], [20, 15], [21, 16], [22, 15], [23, 14], [22, 13], [22, 12], [21, 11], [22, 11]]
[[13, 9], [13, 10], [12, 10], [11, 11], [12, 12], [12, 11], [11, 12], [12, 13], [11, 13], [12, 14], [12, 15], [11, 16], [11, 17], [10, 18], [9, 18], [10, 17], [11, 18], [10, 19], [11, 19], [12, 18], [13, 18], [13, 19], [14, 19], [15, 19], [16, 19], [17, 18], [17, 17], [18, 17], [18, 16], [19, 17], [19, 18], [18, 19], [19, 19], [18, 18], [17, 19], [16, 18], [15, 17], [15, 16], [16, 16], [16, 17], [17, 16], [16, 15], [15, 15], [14, 14], [13, 13], [13, 12], [14, 13], [13, 14], [13, 15], [14, 16], [13, 16], [14, 15], [15, 14], [16, 13], [15, 12], [15, 11], [14, 11], [14, 10], [15, 9], [16, 9], [17, 10], [16, 10], [17, 11], [18, 10], [18, 11], [17, 12], [16, 12], [15, 13], [16, 14], [17, 15], [17, 14], [18, 15], [19, 14], [18, 13], [18, 14], [19, 13], [19, 12], [19, 11], [20, 10], [19, 10], [20, 9], [19, 9], [18, 10], [19, 11], [19, 10], [18, 11], [17, 12], [18, 13], [19, 14], [18, 14], [18, 15], [19, 16], [20, 15], [20, 16], [21, 15], [20, 14], [21, 14], [20, 15], [19, 15], [20, 16], [20, 15], [21, 15], [22, 14], [23, 13], [22, 13], [22, 12], [23, 11], [22, 11]]
[[13, 9], [14, 9], [15, 10], [16, 9], [17, 10], [16, 11], [15, 11], [14, 11], [14, 10], [15, 9], [16, 10], [17, 11], [17, 12], [16, 13], [15, 14], [16, 14], [17, 14], [16, 15], [15, 16], [15, 17], [14, 17], [13, 17], [13, 18], [12, 17], [11, 18], [10, 19], [9, 18], [9, 19], [8, 19], [7, 18], [8, 17], [8, 18], [7, 19], [6, 19], [6, 18], [6, 17], [5, 16], [5, 15], [6, 15], [6, 16], [5, 17], [5, 18], [4, 18], [3, 17], [2, 17], [2, 18], [3, 19], [2, 19], [1, 18], [1, 17], [1, 16], [2, 16], [2, 15], [3, 15], [4, 15], [4, 14], [5, 13], [6, 14], [7, 13], [8, 12], [9, 13], [8, 14], [9, 15], [10, 16], [10, 17], [11, 16], [11, 15], [12, 15], [13, 15], [14, 15], [15, 16], [16, 17], [15, 17], [14, 16], [15, 15], [16, 14], [15, 14], [16, 15], [17, 15], [16, 16], [17, 17], [18, 18], [19, 18], [19, 19], [20, 19], [21, 18], [21, 17], [22, 16], [23, 16], [23, 15], [22, 14], [22, 13], [23, 14], [24, 13], [25, 12], [25, 13], [24, 14], [25, 15], [26, 16], [27, 15], [26, 14], [26, 15], [27, 14], [28, 14], [29, 13], [28, 12], [28, 11], [27, 12], [26, 11], [25, 11], [24, 12], [23, 11], [22, 11]]
