[[29, 18], [28, 18], [27, 19], [26, 19], [25, 19], [24, 18], [23, 17], [22, 18], [21, 17], [20, 17], [19, 17], [18, 17], [17, 18], [16, 19], [15, 18], [14, 17], [13, 17], [12, 16], [11, 16], [10, 16], [9, 15], [8, 14], [7, 13], [6, 12], [5, 11], [4, 10], [3, 9], [2, 8], [1, 7]]
[[29, 18], [28, 17], [27, 18], [26, 18], [25, 19], [24, 18], [23, 18], [22, 18], [21, 19], [20, 18], [19, 19], [18, 19], [17, 18], [16, 18], [15, 17], [14, 17], [13, 16], [12, 15], [11, 15], [10, 14], [9, 14], [8, 14], [7, 13], [6, 12], [5, 11], [4, 10], [3, 9], [2, 8], [1, 7]]
[[29, 18], [28, 18], [27, 19], [26, 19], [25, 18], [24, 18], [23, 19], [22, 18], [21, 18], [20, 17], [19, 16], [18, 16], [17, 17], [16, 16], [15, 17], [14, 17], [13, 16], [12, 15], [11, 15], [10, 14], [9, 13], [8, 13], [7, 12], [6, 11], [5, 10], [4, 9], [3, 8], [2, 8], [1, 7]]
[[29, 18], [28, 19], [27, 18], [26, 18], [25, 17], [24, 18], [23, 18], [22, 17], [21, 16], [20, 15], [19, 16], [18, 17], [17, 16], [16, 15], [15, 15], [14, 14], [13, 14], [12, 14], [11, 15], [10, 15], [9, 15], [8, 14], [7, 13], [6, 12], [5, 11], [4, 10], [3, 9], [2, 8], [1, 7]]
[[29, 18], [28, 18], [27, 19], [26, 19], [25, 19], [24, 18], [23, 17], [22, 18], [21, 17], [20, 17], [19, 17], [18, 17], [17, 18], [16, 19], [15, 18], [14, 17], [13, 17], [12, 16], [11, 16], [10, 16], [9, 15], [8, 14], [7, 13], [6, 12], [5, 11], [4, 10], [3, 9], [2, 8], [1, 7]]
[[29, 18], [28, 17], [27, 17], [26, 17], [25, 17], [24, 18], [23, 18], [22, 17], [21, 16], [20, 16], [19, 16], [18, 17], [17, 18], [16, 19], [15, 18], [14, 17], [13, 16], [12, 15], [11, 15], [10, 14], [9, 14], [8, 14], [7, 13], [6, 12], [5, 11], [4, 10], [3, 9], [2, 8], [1, 7]]
[[29, 18], [28, 18], [27, 17], [26, 17], [25, 17], [24, 16], [23, 16], [22, 17], [21, 17], [20, 18], [19, 19], [18, 18], [17, 17], [16, 18], [15, 17], [14, 17], [13, 16], [12, 15], [11, 14], [10, 14], [9, 13], [8, 13], [7, 12], [6, 11], [5, 11], [4, 10], [3, 9], [2, 8], [1, 7]]
[[29, 18], [28, 18], [27, 17], [26, 17], [25, 18], [24, 18], [23, 17], [22, 16], [21, 16], [20, 16], [19, 17], [18, 17], [17, 18], [16, 19], [15, 18], [14, 17], [13, 16], [12, 16], [11, 15], [10, 15], [9, 14], [8, 13], [7, 12], [6, 11], [5, 10], [4, 10], [3, 9], [2, 8], [1, 7]]
[[29, 18], [28, 17], [27, 17], [26, 17], [25, 17], [24, 16], [23, 17], [22, 16], [21, 16], [20, 16], [19, 17], [18, 18], [17, 18], [16, 18], [15, 18], [14, 17], [13, 16], [12, 15], [11, 16], [10, 16], [9, 15], [8, 14], [7, 13], [6, 12], [5, 11], [4, 10], [3, 9], [2, 8], [1, 7]]
[[29, 18], [28, 17], [27, 17], [26, 17], [25, 17], [24, 16], [23, 17], [22, 16], [21, 16], [20, 16], [19, 17], [18, 18], [17, 18], [16, 18], [15, 18], [14, 17], [13, 16], [12, 15], [11, 15], [10, 15], [9, 14], [8, 14], [7, 13], [6, 12], [5, 11], [4, 10], [3, 9], [2, 8], [1, 7]]
[[29, 18], [28, 18], [27, 17], [26, 17], [25, 18], [24, 18], [23, 19], [22, 18], [21, 17], [20, 16], [19, 17], [18, 16], [17, 17], [16, 18], [15, 18], [14, 17], [13, 16], [12, 15], [11, 14], [10, 13], [9, 14], [8, 13], [7, 12], [6, 11], [5, 10], [4, 9], [3, 9], [2, 8], [1, 7]]
[[29, 18], [28, 17], [27, 17], [26, 17], [25, 17], [24, 16], [23, 17], [22, 16], [21, 16], [20, 16], [19, 17], [18, 18], [17, 18], [16, 18], [15, 18], [14, 17], [13, 16], [12, 15], [11, 16], [10, 16], [9, 15], [8, 14], [7, 13], [6, 12], [5, 11], [4, 10], [3, 9], [2, 8], [1, 7]]
[[29, 18], [28, 19], [27, 19], [26, 18], [25, 17], [24, 18], [23, 17], [22, 18], [21, 17], [20, 16], [19, 17], [18, 16], [17, 16], [16, 15], [15, 16], [14, 15], [13, 14], [12, 14], [11, 15], [10, 14], [9, 14], [8, 13], [7, 12], [6, 11], [5, 11], [4, 10], [3, 9], [2, 8], [1, 7]]
[[29, 18], [28, 17], [27, 18], [26, 19], [25, 18], [24, 18], [23, 18], [22, 17], [21, 16], [20, 16], [19, 16], [18, 17], [17, 17], [16, 18], [15, 18], [14, 17], [13, 16], [12, 15], [11, 16], [10, 16], [9, 15], [8, 14], [7, 13], [6, 12], [5, 11], [4, 10], [3, 9], [2, 8], [1, 7]]
[[29, 18], [28, 17], [27, 17], [26, 17], [25, 17], [24, 16], [23, 17], [22, 16], [21, 16], [20, 16], [19, 17], [18, 16], [17, 17], [16, 16], [15, 16], [14, 17], [13, 16], [12, 15], [11, 14], [10, 13], [9, 12], [8, 12], [7, 12], [6, 11], [5, 10], [4, 9], [3, 8], [2, 7], [1, 7]]
[[29, 18], [28, 19], [27, 18], [26, 18], [25, 17], [24, 16], [23, 17], [22, 17], [21, 18], [20, 17], [19, 16], [18, 17], [17, 16], [16, 16], [15, 17], [14, 17], [13, 16], [12, 15], [11, 15], [10, 16], [9, 15], [8, 14], [7, 13], [6, 12], [5, 11], [4, 10], [3, 9], [2, 8], [1, 7]]
[[29, 18], [28, 19], [27, 19], [26, 19], [25, 18], [24, 18], [23, 17], [22, 18], [21, 19], [20, 18], [19, 17], [18, 16], [17, 17], [16, 16], [15, 16], [14, 15], [13, 14], [12, 14], [11, 14], [10, 13], [9, 13], [8, 12], [7, 13], [6, 12], [5, 11], [4, 10], [4, 9], [3, 8], [2, 7], [1, 7]]
[[29, 18], [28, 17], [27, 18], [26, 19], [25, 19], [24, 18], [23, 19], [22, 18], [21, 17], [20, 17], [19, 17], [18, 18], [17, 17], [16, 16], [15, 17], [14, 18], [14, 17], [13, 17], [12, 16], [11, 15], [10, 15], [9, 15], [8, 14], [7, 13], [6, 12], [5, 11], [4, 10], [3, 9], [2, 8], [1, 7]]
[[29, 18], [28, 19], [27, 18], [26, 17], [25, 17], [24, 18], [23, 18], [22, 18], [22, 17], [21, 16], [20, 16], [19, 17], [18, 17], [17, 17], [16, 18], [15, 18], [14, 17], [15, 16], [14, 17], [13, 16], [12, 15], [11, 14], [10, 14], [9, 14], [8, 13], [9, 13], [8, 12], [7, 13], [6, 12], [5, 11], [4, 10], [3, 9], [2, 8], [1, 7]]
[[29, 18], [28, 17], [27, 17], [26, 17], [25, 16], [25, 15], [24, 16], [23, 15], [22, 14], [21, 14], [20, 15], [20, 14], [20, 15], [19, 16], [18, 17], [17, 16], [16, 15], [16, 14], [15, 14], [14, 15], [13, 14], [12, 15], [12, 14], [11, 13], [11, 14], [10, 14], [9, 14], [8, 14], [7, 13], [6, 12], [5, 11], [4, 11], [3, 10], [3, 11], [4, 10], [3, 9], [2, 8], [1, 7]]
