[[25, 2], [24, 1], [23, 2], [22, 1], [21, 2], [20, 1], [19, 1], [18, 2], [17, 3], [16, 3], [15, 4], [14, 5]]
[[25, 2], [24, 1], [23, 2], [22, 1], [21, 2], [20, 1], [19, 1], [18, 2], [17, 3], [16, 4], [15, 4], [14, 5]]
[[25, 2], [24, 1], [23, 0], [22, 1], [21, 0], [20, 1], [19, 1], [18, 2], [17, 3], [16, 4], [15, 4], [14, 5]]
[[25, 2], [24, 3], [23, 2], [22, 3], [21, 2], [20, 3], [19, 4], [18, 3], [17, 4], [16, 4], [15, 4], [14, 5]]
[[25, 2], [24, 2], [23, 2], [22, 2], [21, 3], [20, 4], [19, 3], [18, 3], [17, 4], [16, 4], [15, 5], [14, 5]]
[[25, 2], [24, 1], [23, 2], [22, 1], [21, 2], [20, 1], [19, 1], [18, 2], [17, 3], [16, 4], [15, 4], [14, 5]]
[[25, 2], [24, 2], [23, 1], [22, 1], [21, 2], [20, 1], [19, 2], [18, 3], [17, 4], [16, 3], [15, 4], [14, 5]]
[[25, 2], [24, 1], [23, 2], [22, 1], [21, 2], [20, 1], [19, 1], [18, 2], [17, 3], [16, 3], [15, 4], [14, 5]]
[[25, 2], [24, 2], [23, 1], [22, 1], [21, 2], [20, 2], [19, 1], [18, 2], [17, 3], [16, 4], [15, 5], [14, 5]]
[[25, 2], [24, 1], [23, 2], [22, 1], [21, 2], [20, 1], [19, 1], [18, 2], [17, 3], [16, 3], [15, 4], [14, 5]]
[[25, 2], [24, 2], [23, 3], [22, 3], [21, 2], [20, 2], [19, 2], [18, 3], [17, 3], [16, 4], [15, 4], [14, 5]]
[[25, 2], [24, 1], [23, 1], [22, 2], [21, 2], [20, 1], [19, 2], [18, 3], [17, 3], [16, 4], [15, 4], [14, 5]]
[[25, 2], [24, 1], [23, 0], [22, 0], [21, 1], [20, 1], [19, 1], [18, 2], [17, 3], [16, 4], [15, 5], [14, 5]]
[[25, 2], [24, 3], [23, 3], [22, 4], [21, 4], [20, 4], [19, 5], [18, 4], [17, 4], [16, 4], [15, 4], [14, 5]]
[[25, 2], [25, 1], [24, 1], [23, 0], [22, 1], [21, 2], [20, 3], [19, 3], [18, 3], [17, 3], [16, 3], [15, 4], [14, 5]]
[[25, 2], [24, 1], [25, 1], [24, 1], [23, 0], [22, 1], [22, 0], [21, 0], [20, 1], [19, 2], [18, 3], [17, 4], [16, 4], [15, 5], [14, 5]]
[[25, 2], [24, 3], [23, 2], [23, 3], [22, 3], [21, 2], [20, 3], [19, 2], [18, 3], [17, 4], [16, 4], [15, 3], [15, 4], [14, 5], [15, 4], [14, 5]]
[[25, 2], [25, 3], [24, 3], [23, 2], [22, 2], [23, 3], [24, 4], [25, 5], [25, 4], [26, 4], [26, 3], [26, 2], [27, 2], [28, 2], [27, 1], [26, 0], [25, 0], [24, 0], [25, 1], [24, 2], [23, 1], [22, 0], [21, 1], [20, 2], [21, 3], [20, 4], [21, 4], [22, 3], [23, 3], [24, 4], [23, 4], [22, 4], [22, 5], [21, 5], [21, 6], [20, 5], [19, 5], [18, 6], [17, 7], [16, 6], [16, 5], [15, 4], [15, 5], [14, 5]]
[[25, 2], [25, 3], [26, 3], [26, 2], [26, 1], [27, 2], [28, 3], [29, 4], [29, 5], [29, 6], [28, 6], [27, 5], [28, 5], [27, 6], [27, 7], [28, 7], [27, 8], [26, 7], [25, 6], [24, 5], [23, 4], [22, 3], [23, 2], [23, 1], [22, 0], [21, 0], [22, 1], [21, 2], [21, 3], [22, 4], [23, 5], [23, 6], [22, 7], [22, 8], [23, 8], [23, 7], [24, 6], [25, 5], [25, 4], [24, 4], [24, 3], [23, 3], [22, 2], [21, 1], [20, 1], [19, 0], [19, 1], [19, 2], [20, 2], [20, 3], [19, 4], [18, 3], [18, 2], [19, 3], [18, 4], [17, 4], [17, 3], [16, 3], [16, 4], [15, 4], [16, 5], [15, 5], [16, 6], [15, 7], [16, 8], [17, 7], [16, 7], [17, 8], [18, 7], [19, 6], [18, 6], [19, 7], [20, 6], [19, 5], [20, 4], [21, 3], [20, 4], [19, 3], [19, 2], [19, 1], [18, 2], [18, 3], [18, 4], [17, 3], [16, 4], [16, 3], [15, 4], [14, 5], [13, 6], [12, 6], [11, 6], [11, 5], [12, 5], [13, 4], [14, 5], [14, 4], [15, 5], [16, 6], [17, 7], [18, 8], [19, 7], [20, 6], [21, 6], [22, 7], [22, 6], [22, 7], [23, 8], [22, 7], [21, 6], [20, 6], [21, 5], [22, 5], [23, 5], [23, 4], [23, 3], [24, 4], [24, 3], [23, 2], [22, 3], [21, 3], [20, 2], [19, 2], [20, 2], [20, 1], [19, 0], [20, 1], [19, 2], [19, 3], [19, 4], [18, 3], [18, 2], [17, 1], [16, 1], [17, 1], [16, 2], [15, 1], [15, 2], [16, 3], [17, 3], [17, 4], [16, 4], [15, 3], [14, 4], [13, 5], [12, 4], [11, 4], [11, 5], [10, 4], [9, 4], [10, 5], [11, 6], [12, 6], [13, 7], [13, 6], [14, 5]]
[[25, 2], [24, 1], [23, 0], [23, 1], [22, 2], [22, 1], [21, 1], [22, 2], [21, 3], [20, 4], [21, 5], [21, 6], [20, 7], [21, 8], [22, 9], [23, 9], [23, 10], [23, 11], [22, 12], [21, 11], [21, 12], [21, 13], [20, 12], [20, 13], [19, 13], [20, 14], [21, 14], [22, 14], [21, 13], [22, 13], [21, 14], [21, 13], [20, 14], [19, 15], [19, 14], [18, 15], [17, 15], [16, 14], [15, 13], [16, 14], [17, 13], [16, 12], [15, 11], [14, 12], [13, 13], [14, 14], [14, 15], [15, 15], [14, 15], [15, 14], [16, 15], [17, 16], [17, 17], [16, 18], [17, 19], [16, 19], [17, 18], [18, 18], [19, 19], [20, 18], [21, 19], [22, 18], [22, 19], [21, 18], [21, 17], [20, 16], [19, 15], [20, 14], [21, 14], [22, 15], [23, 16], [24, 16], [25, 17], [24, 17], [24, 16], [25, 15], [26, 15], [25, 16], [26, 15], [26, 14], [26, 13], [27, 12], [26, 11], [27, 11], [28, 12], [28, 11], [29, 11], [28, 10], [29, 11], [29, 10], [29, 9], [29, 8], [28, 7], [29, 7], [28, 6], [28, 5], [28, 4], [29, 4], [29, 5], [28, 5], [29, 6], [28, 5], [27, 4], [28, 3], [28, 4], [28, 3], [29, 2], [29, 3], [28, 3], [27, 4], [28, 4], [27, 5], [28, 6], [27, 7], [27, 8], [26, 9], [26, 8], [25, 9], [24, 8], [23, 9], [22, 8], [21, 7], [21, 6], [20, 5], [21, 6], [22, 7], [21, 8], [20, 8], [19, 8], [19, 7], [19, 6], [18, 7], [19, 8], [18, 8], [17, 7], [17, 8], [16, 9], [15, 9], [14, 10], [13, 9], [12, 9], [11, 8], [10, 9], [9, 9], [8, 10], [8, 11], [8, 12], [8, 13], [9, 12], [8, 12], [7, 12], [6, 13], [7, 14], [6, 15], [7, 16], [8, 16], [8, 17], [7, 17], [8, 17], [9, 18], [10, 19], [11, 18], [12, 19], [11, 19], [11, 18], [11, 17], [11, 16], [12, 15], [12, 14], [12, 13], [13, 12], [13, 11], [14, 10], [15, 9], [16, 10], [17, 10], [18, 10], [19, 9], [18, 8], [17, 7], [16, 7], [16, 6], [15, 6], [14, 5]]
