[[15, 19], [16, 18], [17, 17], [18, 16], [19, 15], [19, 14], [19, 13], [20, 12]]
[[15, 19], [16, 18], [17, 17], [18, 16], [19, 15], [20, 14], [21, 13], [20, 12]]
[[15, 19], [16, 18], [17, 17], [18, 16], [19, 15], [20, 14], [20, 13], [20, 12]]
[[15, 19], [16, 18], [17, 17], [18, 16], [17, 15], [18, 14], [19, 13], [20, 12]]
[[15, 19], [16, 18], [17, 17], [18, 16], [19, 15], [19, 14], [19, 13], [20, 12]]
[[15, 19], [16, 18], [17, 17], [18, 16], [19, 15], [20, 14], [20, 13], [20, 12]]
[[15, 19], [16, 18], [17, 17], [18, 16], [19, 15], [19, 14], [20, 13], [20, 12]]
[[15, 19], [16, 18], [17, 17], [18, 16], [19, 15], [20, 14], [21, 13], [20, 12]]
[[15, 19], [14, 18], [15, 17], [16, 16], [17, 15], [18, 14], [19, 13], [20, 12]]
[[15, 19], [16, 18], [17, 17], [18, 16], [19, 15], [20, 14], [19, 13], [20, 12]]
[[15, 19], [16, 18], [17, 17], [16, 16], [17, 15], [18, 14], [19, 13], [20, 12]]
[[15, 19], [16, 18], [17, 17], [18, 16], [19, 15], [20, 14], [19, 13], [20, 12]]
[[15, 19], [16, 18], [17, 17], [18, 16], [19, 15], [19, 14], [19, 13], [20, 12]]
[[15, 19], [16, 18], [17, 17], [18, 16], [19, 15], [18, 14], [19, 13], [20, 12]]
[[15, 19], [16, 18], [17, 17], [18, 16], [19, 15], [20, 14], [19, 13], [20, 12]]
[[15, 19], [16, 18], [17, 17], [18, 16], [19, 15], [18, 14], [19, 13], [20, 12]]
[[15, 19], [16, 18], [17, 17], [18, 16], [19, 15], [20, 14], [19, 13], [20, 12]]
[[15, 19], [15, 18], [15, 17], [16, 16], [16, 15], [17, 14], [18, 14], [19, 13], [20, 12]]
[[15, 19], [16, 18], [17, 17], [17, 16], [17, 15], [17, 14], [18, 14], [19, 13], [20, 12]]
[[15, 19], [15, 18], [15, 17], [16, 16], [16, 15], [17, 14], [18, 13], [19, 14], [19, 13], [20, 12]]
