[[27, 6], [26, 7], [25, 8], [24, 7], [23, 8], [22, 9], [21, 8], [20, 9], [19, 10], [18, 11], [17, 12], [16, 13], [15, 14], [14, 15]]
[[27, 6], [26, 7], [25, 8], [24, 8], [23, 9], [22, 8], [21, 9], [20, 10], [19, 10], [18, 11], [17, 12], [16, 13], [15, 14], [14, 15]]
[[27, 6], [26, 7], [25, 6], [24, 7], [23, 8], [22, 8], [21, 8], [20, 9], [19, 10], [18, 11], [17, 12], [16, 13], [15, 14], [14, 15]]
[[27, 6], [26, 6], [25, 7], [24, 7], [23, 8], [22, 8], [21, 9], [20, 9], [19, 10], [18, 11], [17, 12], [16, 13], [15, 14], [14, 15]]
[[27, 6], [26, 7], [25, 8], [24, 7], [23, 8], [22, 9], [21, 8], [20, 9], [19, 10], [18, 11], [17, 12], [16, 13], [15, 14], [14, 15]]
[[27, 6], [26, 7], [25, 8], [24, 8], [23, 9], [22, 8], [21, 8], [20, 9], [19, 10], [18, 11], [17, 12], [16, 13], [15, 14], [14, 15]]
[[27, 6], [26, 6], [25, 6], [24, 7], [23, 8], [22, 8], [21, 9], [20, 9], [19, 10], [18, 11], [17, 12], [16, 13], [15, 14], [14, 15]]
[[27, 6], [26, 6], [25, 7], [24, 8], [23, 9], [22, 9], [21, 9], [20, 10], [19, 10], [18, 11], [17, 12], [16, 13], [15, 14], [14, 15]]
[[27, 6], [26, 6], [25, 7], [24, 8], [23, 9], [22, 9], [21, 8], [20, 9], [19, 10], [18, 11], [17, 12], [16, 13], [15, 14], [14, 15]]
[[27, 6], [26, 7], [25, 8], [24, 7], [23, 7], [22, 8], [21, 9], [20, 9], [19, 10], [18, 11], [17, 12], [16, 13], [15, 14], [14, 15]]
[[27, 6], [26, 7], [25, 7], [24, 8], [23, 9], [22, 9], [21, 9], [20, 9], [19, 10], [18, 11], [17, 12], [16, 13], [15, 14], [14, 15]]
[[27, 6], [26, 6], [25, 7], [24, 8], [23, 9], [22, 10], [21, 10], [20, 10], [19, 10], [18, 11], [17, 12], [16, 13], [15, 14], [14, 15]]
[[27, 6], [26, 7], [25, 7], [24, 7], [23, 8], [22, 8], [21, 8], [20, 9], [19, 10], [18, 11], [17, 12], [16, 13], [15, 14], [14, 15]]
[[27, 6], [26, 5], [25, 6], [24, 7], [23, 8], [22, 9], [21, 9], [20, 9], [19, 10], [18, 11], [17, 12], [16, 12], [15, 13], [14, 14], [14, 15]]
[[27, 6], [26, 7], [25, 6], [24, 7], [23, 7], [22, 8], [21, 9], [20, 10], [19, 10], [18, 11], [18, 12], [17, 13], [16, 13], [15, 14], [14, 15]]
[[27, 6], [26, 6], [25, 7], [24, 8], [23, 9], [22, 10], [21, 10], [20, 10], [19, 10], [18, 10], [17, 11], [16, 12], [15, 13], [15, 14], [14, 15]]
[[27, 6], [26, 6], [25, 7], [24, 7], [23, 8], [22, 9], [21, 10], [20, 10], [19, 10], [18, 11], [18, 12], [17, 12], [16, 12], [15, 13], [14, 13], [15, 14], [14, 15]]
[[27, 6], [26, 5], [25, 6], [25, 7], [25, 6], [24, 6], [23, 7], [22, 8], [21, 9], [20, 9], [19, 10], [18, 11], [17, 12], [17, 13], [16, 14], [15, 14], [14, 15]]
[[27, 6], [26, 7], [25, 6], [24, 7], [23, 8], [22, 8], [21, 9], [21, 10], [20, 10], [19, 10], [18, 11], [17, 12], [17, 13], [16, 14], [15, 15], [15, 16], [15, 15], [14, 15]]
[[27, 6], [28, 5], [29, 6], [28, 7], [27, 7], [26, 8], [26, 9], [25, 10], [24, 11], [23, 12], [22, 13], [21, 14], [20, 13], [19, 13], [20, 14], [19, 13], [20, 13], [20, 14], [19, 15], [18, 16], [18, 17], [18, 16], [17, 16], [16, 16], [16, 15], [17, 15], [16, 15], [15, 16], [14, 15]]
