[[24, 5], [23, 5], [22, 5], [21, 5], [20, 6], [19, 7], [18, 7], [17, 8], [16, 9], [15, 9], [14, 10], [13, 11], [12, 12], [11, 13], [10, 13], [9, 14], [8, 13], [7, 13], [6, 14], [5, 15], [4, 16], [3, 16], [2, 17]]
[[24, 5], [23, 6], [22, 5], [21, 5], [20, 6], [19, 7], [18, 7], [17, 8], [16, 9], [15, 10], [14, 11], [13, 12], [12, 13], [11, 14], [10, 13], [9, 14], [8, 15], [7, 16], [6, 15], [5, 15], [4, 16], [3, 16], [2, 17]]
[[24, 5], [23, 5], [22, 6], [21, 5], [20, 5], [19, 6], [18, 6], [17, 7], [16, 8], [15, 9], [14, 10], [13, 11], [12, 12], [11, 12], [10, 13], [9, 14], [8, 15], [7, 14], [6, 14], [5, 15], [4, 15], [3, 16], [2, 17]]
[[24, 5], [23, 5], [22, 5], [21, 5], [20, 6], [19, 7], [18, 7], [17, 8], [16, 9], [15, 9], [14, 10], [13, 11], [12, 12], [11, 13], [10, 13], [9, 14], [8, 13], [7, 13], [6, 14], [5, 15], [4, 16], [3, 16], [2, 17]]
[[24, 5], [23, 6], [22, 6], [21, 5], [20, 5], [19, 6], [18, 7], [17, 8], [16, 9], [15, 10], [14, 11], [13, 12], [12, 13], [11, 12], [10, 13], [9, 14], [8, 15], [7, 15], [6, 16], [5, 16], [4, 15], [3, 16], [2, 17]]
[[24, 5], [23, 5], [22, 6], [21, 5], [20, 6], [19, 7], [18, 7], [17, 8], [16, 9], [15, 10], [14, 10], [13, 11], [12, 12], [11, 13], [10, 13], [9, 14], [8, 14], [7, 14], [6, 15], [5, 16], [4, 17], [3, 17], [2, 17]]
[[24, 5], [23, 5], [22, 5], [21, 5], [20, 6], [19, 5], [18, 6], [17, 7], [16, 8], [15, 9], [14, 10], [13, 11], [12, 12], [11, 12], [10, 13], [9, 14], [8, 14], [7, 13], [6, 13], [5, 14], [4, 15], [3, 16], [2, 17]]
[[24, 5], [23, 4], [22, 4], [21, 5], [20, 6], [19, 7], [18, 7], [17, 7], [16, 8], [15, 9], [14, 10], [13, 11], [12, 12], [11, 12], [10, 13], [9, 14], [8, 14], [7, 13], [6, 13], [5, 14], [4, 15], [3, 16], [2, 17]]
[[24, 5], [23, 6], [22, 5], [21, 5], [20, 6], [19, 7], [18, 8], [17, 8], [16, 8], [15, 9], [14, 10], [13, 11], [12, 12], [11, 12], [10, 13], [9, 14], [8, 13], [7, 12], [6, 13], [5, 14], [4, 15], [3, 16], [2, 17]]
[[24, 5], [23, 5], [22, 6], [21, 5], [20, 5], [19, 6], [18, 7], [17, 8], [16, 9], [15, 10], [14, 10], [13, 11], [12, 12], [11, 13], [10, 13], [9, 14], [8, 14], [7, 14], [6, 14], [5, 15], [4, 16], [3, 17], [2, 17]]
[[24, 5], [23, 5], [22, 4], [21, 5], [20, 5], [19, 5], [18, 6], [17, 7], [16, 8], [15, 9], [14, 10], [13, 11], [12, 12], [11, 13], [10, 13], [9, 14], [8, 14], [7, 15], [6, 15], [5, 16], [4, 17], [3, 18], [2, 17]]
[[24, 5], [23, 5], [22, 6], [21, 5], [20, 5], [19, 6], [18, 7], [17, 8], [16, 9], [15, 10], [14, 11], [13, 11], [12, 12], [11, 13], [10, 13], [9, 14], [8, 15], [7, 16], [6, 15], [5, 16], [4, 16], [3, 17], [2, 17]]
[[24, 5], [23, 4], [22, 4], [21, 5], [20, 6], [19, 6], [18, 7], [17, 8], [16, 9], [15, 10], [14, 11], [13, 12], [12, 13], [11, 12], [10, 13], [9, 14], [8, 14], [7, 13], [6, 13], [5, 14], [4, 15], [3, 16], [2, 17]]
[[24, 5], [23, 5], [22, 4], [21, 5], [20, 6], [19, 7], [18, 7], [17, 8], [16, 9], [15, 9], [14, 10], [13, 11], [12, 12], [11, 13], [10, 13], [9, 14], [8, 14], [7, 14], [6, 15], [5, 15], [4, 16], [3, 16], [2, 17]]
[[24, 5], [23, 4], [22, 4], [21, 5], [20, 6], [19, 7], [18, 8], [17, 8], [16, 9], [15, 10], [14, 10], [13, 11], [12, 12], [11, 13], [10, 13], [9, 14], [8, 13], [7, 12], [6, 13], [5, 13], [5, 14], [4, 15], [3, 16], [2, 17]]
[[24, 5], [23, 4], [22, 4], [21, 5], [20, 6], [19, 6], [18, 7], [17, 8], [16, 9], [16, 10], [15, 10], [14, 10], [13, 11], [12, 12], [11, 12], [10, 13], [9, 14], [8, 13], [7, 13], [6, 13], [5, 14], [4, 15], [3, 16], [2, 17]]
[[24, 5], [23, 5], [22, 6], [21, 5], [20, 5], [19, 5], [18, 6], [17, 7], [16, 8], [15, 9], [14, 10], [13, 11], [12, 12], [11, 12], [10, 13], [9, 14], [8, 15], [7, 15], [6, 16], [5, 17], [4, 16], [3, 17], [3, 18], [2, 17]]
[[24, 5], [23, 5], [22, 5], [21, 5], [20, 6], [19, 7], [18, 7], [17, 8], [16, 9], [16, 10], [15, 11], [14, 11], [13, 11], [12, 12], [11, 12], [11, 13], [10, 13], [9, 14], [8, 14], [7, 14], [6, 15], [5, 14], [4, 15], [3, 16], [2, 17]]
[[24, 5], [23, 5], [22, 4], [21, 5], [20, 5], [19, 6], [19, 7], [18, 8], [17, 8], [16, 9], [16, 10], [16, 11], [15, 12], [14, 12], [13, 12], [12, 13], [11, 13], [10, 13], [9, 14], [8, 15], [7, 15], [6, 14], [5, 15], [4, 16], [3, 17], [2, 17]]
[[24, 5], [23, 5], [22, 5], [21, 5], [20, 5], [19, 6], [18, 7], [17, 8], [16, 9], [16, 8], [15, 9], [14, 10], [15, 10], [14, 11], [13, 12], [12, 12], [11, 12], [10, 13], [9, 14], [8, 13], [7, 13], [6, 14], [5, 15], [4, 15], [3, 16], [2, 17]]
