[[15, 2], [16, 2], [17, 3], [18, 4], [19, 5], [20, 5], [21, 6], [22, 7], [23, 7], [24, 8], [25, 9], [26, 10], [27, 11], [28, 11], [29, 12]]
[[15, 2], [16, 2], [17, 3], [18, 4], [19, 4], [20, 5], [21, 6], [22, 7], [23, 8], [24, 8], [25, 9], [26, 10], [27, 11], [28, 11], [29, 12]]
[[15, 2], [16, 2], [17, 3], [18, 2], [19, 3], [20, 4], [21, 5], [22, 6], [23, 7], [24, 8], [25, 9], [26, 10], [27, 11], [28, 11], [29, 12]]
[[15, 2], [16, 2], [17, 3], [18, 4], [19, 5], [20, 5], [21, 6], [22, 6], [23, 7], [24, 8], [25, 9], [26, 10], [27, 11], [28, 12], [29, 12]]
[[15, 2], [16, 2], [17, 3], [18, 4], [19, 5], [20, 5], [21, 6], [22, 7], [23, 7], [24, 8], [25, 9], [26, 10], [27, 11], [28, 11], [29, 12]]
[[15, 2], [16, 2], [17, 3], [18, 4], [19, 5], [20, 6], [21, 6], [22, 6], [23, 7], [24, 8], [25, 9], [26, 10], [27, 10], [28, 11], [29, 12]]
[[15, 2], [16, 2], [17, 3], [18, 2], [19, 3], [20, 4], [21, 5], [22, 6], [23, 7], [24, 8], [25, 9], [26, 10], [27, 11], [28, 12], [29, 12]]
[[15, 2], [16, 2], [17, 3], [18, 4], [19, 4], [20, 5], [21, 5], [22, 6], [23, 7], [24, 8], [25, 9], [26, 10], [27, 10], [28, 11], [29, 12]]
[[15, 2], [16, 2], [17, 3], [18, 4], [19, 5], [20, 6], [21, 6], [22, 7], [23, 7], [24, 8], [25, 9], [26, 10], [27, 11], [28, 12], [29, 12]]
[[15, 2], [16, 2], [17, 3], [18, 4], [19, 4], [20, 4], [21, 5], [22, 6], [23, 7], [24, 8], [25, 9], [26, 10], [27, 11], [28, 12], [29, 12]]
[[15, 2], [16, 2], [17, 1], [18, 2], [19, 2], [20, 3], [20, 4], [21, 5], [22, 6], [23, 7], [24, 8], [25, 9], [26, 10], [27, 11], [28, 12], [29, 12]]
[[15, 2], [15, 1], [16, 2], [17, 3], [18, 4], [19, 4], [19, 5], [20, 6], [21, 6], [22, 7], [23, 7], [24, 8], [25, 9], [26, 8], [27, 9], [28, 10], [28, 11], [29, 12]]
[[15, 2], [16, 2], [17, 1], [18, 2], [19, 3], [20, 4], [21, 5], [22, 5], [23, 4], [23, 5], [24, 6], [25, 7], [26, 8], [26, 9], [27, 10], [28, 10], [29, 11], [28, 11], [29, 12]]
[[15, 2], [16, 1], [16, 2], [17, 3], [18, 4], [19, 3], [20, 4], [21, 5], [22, 5], [22, 6], [23, 7], [24, 7], [25, 7], [24, 8], [25, 9], [26, 9], [27, 10], [27, 11], [28, 11], [29, 12]]
[[15, 2], [15, 1], [16, 2], [17, 3], [18, 4], [19, 4], [19, 5], [20, 6], [21, 6], [22, 5], [23, 5], [22, 6], [23, 7], [24, 8], [25, 9], [26, 10], [27, 10], [27, 11], [28, 11], [29, 12]]
[[15, 2], [16, 1], [16, 2], [17, 3], [17, 4], [18, 4], [19, 5], [20, 6], [21, 5], [22, 5], [23, 4], [24, 4], [25, 3], [26, 4], [27, 5], [26, 6], [25, 7], [26, 8], [27, 9], [26, 10], [27, 11], [28, 12], [29, 12]]
[[15, 2], [16, 1], [16, 2], [17, 3], [18, 4], [19, 4], [20, 5], [21, 6], [22, 6], [22, 5], [23, 4], [23, 3], [24, 4], [25, 5], [26, 6], [27, 7], [27, 8], [28, 9], [28, 10], [29, 11], [29, 12], [28, 12], [27, 12], [28, 12], [29, 12]]
[[15, 2], [15, 1], [16, 2], [17, 3], [18, 4], [18, 5], [19, 5], [20, 5], [21, 4], [22, 5], [23, 5], [23, 4], [24, 5], [24, 4], [24, 5], [25, 6], [25, 7], [26, 8], [26, 9], [27, 10], [26, 10], [26, 11], [27, 11], [27, 12], [28, 11], [29, 12]]
[[15, 2], [16, 1], [16, 2], [17, 3], [18, 4], [18, 5], [19, 5], [20, 4], [21, 5], [22, 5], [23, 4], [24, 4], [24, 3], [25, 4], [25, 5], [24, 6], [25, 7], [24, 8], [25, 9], [26, 10], [26, 11], [27, 10], [27, 11], [28, 12], [29, 13], [29, 12]]
[[15, 2], [16, 1], [17, 1], [18, 1], [18, 2], [19, 1], [18, 2], [19, 3], [20, 3], [20, 2], [21, 1], [22, 0], [22, 1], [23, 0], [24, 1], [25, 1], [25, 2], [26, 2], [27, 3], [28, 2], [29, 2], [28, 2], [28, 3], [27, 3], [26, 4], [25, 5], [25, 6], [26, 6], [27, 6], [28, 7], [29, 8], [29, 9], [28, 9], [29, 10], [28, 11], [29, 12]]
