[[23, 11], [22, 11], [21, 10], [20, 9], [19, 8], [18, 7], [17, 6], [16, 6], [15, 5], [14, 4], [13, 3], [12, 2]]
[[23, 11], [22, 11], [21, 10], [20, 9], [19, 8], [18, 7], [17, 6], [16, 5], [15, 5], [14, 4], [13, 3], [12, 2]]
[[23, 11], [22, 11], [21, 10], [20, 9], [19, 8], [18, 7], [17, 6], [16, 6], [15, 5], [14, 4], [13, 3], [12, 2]]
[[23, 11], [22, 11], [21, 10], [20, 9], [19, 8], [18, 7], [17, 6], [16, 6], [15, 5], [14, 4], [13, 3], [12, 2]]
[[23, 11], [22, 11], [21, 10], [20, 9], [19, 8], [18, 7], [17, 6], [16, 6], [15, 5], [14, 4], [13, 3], [12, 2]]
[[23, 11], [22, 11], [21, 10], [20, 9], [19, 8], [18, 7], [17, 6], [16, 5], [15, 4], [14, 4], [13, 3], [12, 2]]
[[23, 11], [22, 11], [21, 10], [20, 9], [19, 8], [18, 7], [17, 6], [16, 6], [15, 5], [14, 4], [13, 3], [12, 2]]
[[23, 11], [22, 11], [21, 10], [20, 9], [19, 8], [18, 7], [17, 6], [16, 5], [15, 4], [14, 4], [13, 3], [12, 2]]
[[23, 11], [22, 11], [21, 10], [20, 9], [19, 8], [18, 7], [17, 6], [16, 5], [15, 4], [14, 3], [13, 3], [12, 2]]
[[23, 11], [22, 11], [21, 10], [20, 9], [19, 8], [18, 8], [17, 7], [16, 6], [15, 5], [14, 4], [13, 3], [12, 2]]
[[23, 11], [22, 11], [21, 10], [20, 9], [19, 8], [18, 7], [17, 6], [16, 5], [15, 4], [14, 3], [13, 3], [12, 2]]
[[23, 11], [22, 11], [21, 10], [20, 9], [19, 8], [18, 7], [17, 6], [16, 5], [15, 5], [14, 4], [13, 3], [12, 2]]
[[23, 11], [23, 10], [22, 9], [21, 8], [20, 7], [19, 6], [18, 6], [17, 6], [16, 5], [15, 4], [14, 4], [13, 3], [12, 2]]
[[23, 11], [23, 10], [22, 9], [21, 8], [20, 7], [19, 6], [18, 7], [17, 6], [16, 5], [15, 4], [14, 3], [13, 3], [12, 2]]
[[23, 11], [23, 10], [22, 9], [21, 8], [20, 7], [19, 6], [18, 6], [17, 6], [16, 5], [15, 4], [14, 3], [13, 2], [12, 2]]
[[23, 11], [23, 10], [22, 9], [21, 8], [20, 7], [19, 6], [18, 7], [17, 6], [16, 5], [15, 4], [14, 3], [13, 3], [12, 2]]
[[23, 11], [24, 10], [23, 10], [22, 9], [21, 8], [20, 7], [19, 8], [18, 7], [17, 6], [16, 5], [15, 4], [14, 3], [13, 3], [12, 2]]
[[23, 11], [23, 10], [22, 9], [21, 8], [20, 7], [19, 8], [18, 7], [18, 6], [17, 6], [16, 5], [15, 4], [14, 3], [13, 2], [12, 2]]
[[23, 11], [23, 10], [22, 9], [22, 8], [21, 8], [20, 9], [19, 8], [18, 7], [17, 6], [16, 6], [15, 5], [15, 4], [14, 3], [13, 3], [12, 2]]
[[23, 11], [24, 10], [23, 9], [22, 8], [21, 9], [20, 9], [19, 8], [18, 7], [17, 8], [17, 7], [17, 6], [17, 5], [16, 5], [15, 4], [14, 4], [13, 3], [12, 2]]
