[[12, 17], [12, 16], [13, 15], [13, 14], [13, 13], [14, 12], [15, 11], [16, 10], [17, 9], [18, 8], [19, 7], [20, 6], [21, 5], [21, 4], [21, 3], [21, 2], [21, 1], [22, 0]]
[[12, 17], [13, 16], [13, 15], [13, 14], [13, 13], [14, 12], [14, 11], [15, 10], [16, 9], [17, 8], [18, 7], [19, 6], [19, 5], [20, 4], [21, 3], [22, 2], [23, 1], [22, 0]]
[[12, 17], [11, 16], [12, 15], [13, 14], [14, 13], [15, 12], [16, 11], [16, 10], [17, 9], [18, 8], [19, 7], [18, 6], [19, 5], [20, 4], [21, 3], [22, 2], [23, 1], [22, 0]]
[[12, 17], [12, 16], [13, 15], [13, 14], [13, 13], [14, 12], [15, 11], [16, 10], [17, 9], [18, 8], [19, 7], [20, 6], [21, 5], [21, 4], [21, 3], [21, 2], [21, 1], [22, 0]]
[[12, 17], [13, 16], [14, 15], [15, 14], [15, 13], [16, 12], [15, 11], [16, 10], [17, 9], [18, 8], [19, 7], [20, 6], [21, 5], [20, 4], [21, 3], [22, 2], [23, 1], [22, 0]]
[[12, 17], [13, 16], [13, 15], [13, 14], [13, 13], [14, 12], [15, 11], [15, 10], [16, 9], [17, 8], [18, 7], [19, 6], [19, 5], [19, 4], [20, 3], [21, 2], [21, 1], [22, 0]]
[[12, 17], [13, 16], [13, 15], [13, 14], [14, 13], [15, 12], [15, 11], [16, 10], [16, 9], [16, 8], [17, 7], [18, 6], [19, 5], [20, 4], [21, 3], [22, 2], [23, 1], [22, 0]]
[[12, 17], [11, 16], [12, 15], [12, 14], [13, 13], [14, 12], [15, 11], [16, 10], [17, 9], [18, 8], [18, 7], [19, 6], [20, 5], [21, 4], [22, 3], [23, 2], [23, 1], [22, 0]]
[[12, 17], [13, 16], [14, 15], [13, 14], [13, 13], [13, 12], [14, 11], [15, 10], [16, 9], [17, 8], [18, 7], [19, 6], [20, 5], [20, 4], [21, 3], [21, 2], [21, 1], [22, 0]]
[[12, 17], [13, 16], [13, 15], [13, 14], [13, 13], [13, 12], [14, 11], [15, 10], [16, 9], [17, 8], [18, 7], [19, 6], [20, 5], [19, 4], [20, 3], [21, 2], [21, 1], [22, 0]]
[[12, 17], [13, 16], [13, 15], [13, 14], [13, 13], [14, 12], [15, 11], [16, 10], [17, 9], [18, 8], [19, 7], [19, 6], [20, 5], [20, 4], [21, 3], [21, 2], [21, 1], [22, 0]]
[[12, 17], [12, 16], [13, 15], [13, 14], [14, 13], [15, 12], [15, 11], [16, 10], [17, 9], [18, 8], [18, 7], [19, 6], [19, 5], [20, 4], [21, 3], [21, 2], [21, 1], [22, 0]]
[[12, 17], [12, 16], [13, 15], [13, 14], [14, 13], [15, 12], [15, 11], [16, 10], [16, 9], [17, 8], [18, 7], [19, 6], [20, 5], [19, 4], [20, 3], [21, 2], [21, 1], [22, 0]]
[[12, 17], [11, 16], [12, 15], [12, 14], [13, 13], [14, 12], [14, 11], [15, 10], [16, 9], [17, 8], [18, 7], [19, 6], [20, 5], [20, 4], [21, 3], [21, 2], [21, 1], [22, 0]]
[[12, 17], [12, 16], [12, 15], [13, 14], [13, 13], [14, 12], [14, 11], [15, 10], [16, 9], [17, 9], [17, 8], [18, 8], [19, 7], [20, 8], [19, 7], [18, 6], [19, 5], [20, 4], [21, 3], [21, 2], [21, 1], [22, 0]]
[[12, 17], [12, 16], [12, 15], [13, 14], [13, 13], [14, 12], [14, 11], [15, 10], [16, 9], [17, 9], [17, 8], [18, 8], [19, 7], [20, 8], [19, 7], [18, 6], [19, 5], [20, 4], [21, 3], [21, 2], [21, 1], [22, 0]]
[[12, 17], [12, 16], [13, 16], [14, 15], [15, 14], [15, 13], [15, 12], [15, 11], [16, 10], [16, 9], [16, 8], [17, 9], [18, 8], [18, 7], [19, 6], [20, 6], [20, 5], [21, 4], [20, 3], [21, 2], [21, 1], [22, 0]]
[[12, 17], [13, 16], [14, 15], [15, 14], [16, 13], [17, 13], [17, 12], [18, 11], [19, 10], [20, 9], [19, 8], [18, 7], [19, 6], [20, 6], [21, 5], [22, 4], [23, 3], [22, 2], [21, 1], [20, 1], [21, 1], [22, 0]]
[[12, 17], [13, 16], [13, 15], [12, 14], [13, 14], [14, 13], [15, 12], [16, 11], [16, 10], [15, 9], [16, 9], [17, 9], [18, 8], [19, 7], [19, 6], [19, 5], [19, 4], [20, 3], [19, 2], [20, 1], [21, 1], [22, 0]]
[[12, 17], [13, 16], [12, 15], [12, 14], [13, 13], [13, 12], [14, 11], [15, 12], [16, 11], [15, 12], [16, 12], [17, 12], [18, 11], [19, 10], [19, 9], [18, 8], [18, 7], [19, 6], [20, 6], [20, 5], [21, 4], [20, 3], [19, 2], [20, 1], [21, 0], [22, 0]]
