[[21, 7], [20, 8], [19, 9], [18, 10], [17, 11], [16, 11], [15, 12], [14, 12], [13, 11], [12, 12], [11, 12], [10, 12], [9, 12], [8, 11], [7, 11], [6, 12], [5, 11], [4, 12], [3, 12], [2, 12], [1, 11]]
[[21, 7], [20, 8], [19, 9], [18, 9], [17, 10], [16, 10], [15, 10], [14, 11], [13, 10], [12, 11], [11, 12], [10, 11], [9, 12], [8, 12], [7, 12], [6, 11], [5, 12], [4, 13], [3, 12], [2, 11], [1, 11]]
[[21, 7], [20, 8], [19, 9], [18, 10], [17, 10], [16, 9], [15, 10], [14, 11], [13, 12], [12, 11], [11, 12], [10, 11], [9, 12], [8, 13], [7, 12], [6, 12], [5, 11], [4, 11], [3, 11], [2, 12], [1, 11]]
[[21, 7], [20, 8], [19, 9], [18, 9], [17, 10], [16, 9], [15, 9], [14, 10], [13, 11], [12, 11], [11, 12], [10, 13], [9, 14], [8, 13], [7, 12], [6, 11], [5, 11], [4, 10], [3, 11], [2, 11], [1, 11]]
[[21, 7], [20, 8], [19, 9], [18, 10], [17, 11], [16, 12], [15, 12], [14, 11], [13, 12], [12, 12], [11, 12], [10, 12], [9, 11], [8, 10], [7, 11], [6, 12], [5, 11], [4, 10], [3, 9], [2, 10], [1, 11]]
[[21, 7], [20, 8], [19, 7], [18, 7], [17, 7], [16, 7], [15, 8], [14, 9], [13, 10], [12, 11], [11, 10], [10, 9], [9, 10], [8, 11], [7, 12], [6, 11], [5, 11], [4, 12], [3, 11], [2, 10], [1, 11]]
[[21, 7], [20, 8], [19, 9], [18, 10], [17, 11], [16, 11], [15, 12], [14, 12], [13, 11], [12, 12], [11, 12], [10, 12], [9, 12], [8, 11], [7, 11], [6, 12], [5, 11], [4, 12], [3, 12], [2, 12], [1, 11]]
[[21, 7], [20, 8], [19, 9], [18, 10], [17, 10], [16, 10], [15, 9], [14, 10], [13, 10], [12, 11], [11, 10], [10, 9], [9, 9], [8, 10], [7, 11], [6, 12], [5, 12], [4, 11], [3, 11], [2, 10], [1, 11]]
[[21, 7], [20, 8], [19, 9], [18, 9], [17, 8], [16, 9], [15, 10], [14, 11], [13, 11], [12, 12], [11, 12], [10, 12], [9, 12], [8, 13], [7, 12], [6, 12], [5, 12], [4, 12], [3, 11], [2, 12], [1, 11]]
[[21, 7], [20, 8], [19, 9], [18, 10], [17, 11], [16, 11], [15, 12], [14, 11], [13, 12], [12, 11], [11, 12], [10, 11], [9, 12], [8, 13], [7, 13], [6, 13], [5, 12], [4, 11], [3, 12], [2, 12], [1, 11]]
[[21, 7], [20, 8], [19, 9], [18, 9], [17, 10], [16, 11], [15, 12], [14, 12], [13, 12], [12, 12], [11, 12], [10, 11], [9, 12], [8, 13], [7, 13], [6, 13], [5, 12], [4, 13], [3, 13], [2, 12], [1, 11]]
[[21, 7], [20, 8], [19, 8], [18, 9], [17, 10], [16, 10], [15, 10], [14, 11], [13, 11], [12, 12], [11, 12], [10, 13], [9, 13], [8, 12], [7, 11], [6, 11], [5, 12], [4, 12], [3, 12], [2, 12], [1, 11]]
[[21, 7], [20, 8], [19, 9], [18, 10], [17, 10], [16, 11], [15, 12], [14, 13], [13, 14], [12, 13], [11, 12], [10, 11], [9, 11], [8, 11], [7, 12], [6, 11], [5, 11], [4, 12], [3, 11], [2, 10], [1, 11]]
[[21, 7], [20, 8], [19, 8], [18, 9], [17, 10], [16, 10], [15, 9], [14, 10], [13, 10], [12, 11], [11, 12], [10, 13], [9, 13], [8, 13], [7, 12], [6, 11], [5, 11], [4, 11], [3, 10], [2, 11], [1, 11]]
[[21, 7], [20, 8], [19, 9], [18, 9], [17, 10], [16, 11], [15, 12], [14, 13], [13, 14], [12, 13], [11, 12], [10, 13], [9, 13], [8, 13], [7, 14], [6, 14], [5, 14], [4, 13], [3, 12], [2, 11], [1, 11]]
[[21, 7], [20, 8], [19, 9], [18, 10], [17, 11], [16, 11], [15, 10], [14, 10], [13, 11], [12, 11], [11, 10], [10, 11], [9, 11], [8, 12], [7, 13], [6, 13], [5, 12], [4, 12], [3, 11], [2, 12], [1, 11]]
[[21, 7], [20, 8], [19, 8], [18, 9], [17, 10], [16, 11], [15, 10], [14, 11], [13, 12], [12, 11], [11, 12], [10, 13], [9, 12], [8, 11], [8, 12], [7, 12], [7, 13], [8, 12], [7, 11], [7, 12], [6, 12], [5, 12], [4, 12], [3, 12], [2, 12], [1, 11]]
[[21, 7], [22, 8], [21, 9], [21, 8], [20, 9], [19, 10], [18, 11], [17, 12], [16, 13], [15, 12], [14, 13], [14, 14], [14, 15], [13, 16], [12, 16], [12, 17], [11, 17], [10, 18], [10, 17], [11, 18], [10, 17], [11, 17], [10, 16], [9, 16], [8, 16], [7, 15], [6, 14], [5, 14], [4, 13], [3, 12], [2, 11], [1, 11]]
[[21, 7], [20, 8], [19, 9], [20, 8], [19, 9], [18, 10], [17, 10], [16, 10], [15, 10], [14, 11], [13, 12], [12, 11], [11, 12], [10, 11], [9, 12], [8, 13], [7, 14], [6, 14], [6, 13], [5, 13], [4, 12], [4, 13], [3, 13], [4, 12], [3, 13], [2, 12], [2, 11], [1, 11], [0, 10], [0, 11], [1, 12], [1, 11]]
[[21, 7], [20, 8], [19, 7], [19, 8], [18, 9], [19, 10], [18, 11], [17, 11], [16, 11], [15, 12], [14, 12], [14, 13], [13, 14], [13, 15], [12, 15], [11, 16], [10, 17], [11, 18], [11, 19], [10, 18], [9, 17], [9, 16], [9, 15], [8, 15], [8, 14], [7, 13], [6, 13], [5, 13], [4, 12], [3, 12], [2, 11], [1, 11]]
