[[12, 14], [12, 13], [11, 12], [10, 11], [9, 10], [9, 9], [9, 8], [8, 7], [7, 6], [6, 5], [5, 4], [6, 3], [5, 2], [4, 1]]
[[12, 14], [12, 13], [11, 12], [10, 11], [9, 10], [8, 9], [7, 8], [8, 7], [7, 6], [6, 5], [7, 4], [6, 3], [5, 2], [4, 1]]
[[12, 14], [12, 13], [11, 12], [10, 11], [9, 10], [8, 9], [9, 8], [8, 7], [7, 6], [6, 5], [7, 4], [6, 3], [5, 2], [4, 1]]
[[12, 14], [12, 13], [11, 12], [12, 11], [11, 10], [10, 9], [9, 8], [8, 7], [9, 6], [8, 5], [7, 4], [6, 3], [5, 2], [4, 1]]
[[12, 14], [12, 13], [11, 12], [10, 11], [9, 10], [9, 9], [9, 8], [8, 7], [7, 6], [6, 5], [5, 4], [6, 3], [5, 2], [4, 1]]
[[12, 14], [12, 13], [11, 12], [11, 11], [11, 10], [10, 9], [9, 8], [8, 7], [7, 6], [6, 5], [5, 4], [4, 3], [3, 2], [4, 1]]
[[12, 14], [12, 13], [11, 12], [10, 11], [9, 10], [8, 9], [9, 8], [9, 7], [9, 6], [8, 5], [7, 4], [6, 3], [5, 2], [4, 1]]
[[12, 14], [12, 13], [11, 12], [10, 11], [11, 10], [10, 9], [9, 8], [8, 7], [7, 6], [6, 5], [5, 4], [4, 3], [3, 2], [4, 1]]
[[12, 14], [12, 13], [13, 12], [12, 11], [11, 10], [10, 9], [9, 8], [8, 7], [7, 6], [6, 5], [5, 4], [6, 3], [5, 2], [4, 1]]
[[12, 14], [13, 13], [12, 12], [12, 11], [11, 10], [11, 9], [10, 8], [9, 7], [8, 7], [7, 6], [6, 5], [7, 4], [6, 3], [5, 2], [4, 1]]
[[12, 14], [11, 14], [10, 13], [9, 12], [10, 12], [11, 11], [11, 10], [10, 9], [9, 8], [8, 7], [7, 6], [6, 5], [5, 4], [6, 3], [5, 2], [4, 1]]
[[12, 14], [11, 14], [12, 13], [11, 12], [10, 11], [11, 10], [10, 9], [9, 8], [8, 7], [7, 6], [6, 5], [5, 4], [5, 3], [4, 2], [3, 2], [4, 1]]
[[12, 14], [12, 13], [11, 12], [10, 11], [9, 10], [8, 9], [8, 8], [8, 7], [8, 6], [7, 5], [7, 4], [6, 3], [6, 2], [6, 1], [5, 0], [4, 1]]
[[12, 14], [11, 14], [10, 13], [9, 12], [9, 11], [8, 10], [9, 9], [9, 8], [8, 7], [7, 6], [6, 7], [6, 6], [6, 5], [5, 4], [5, 3], [4, 2], [4, 1]]
[[12, 14], [11, 14], [10, 13], [11, 12], [10, 11], [11, 10], [10, 9], [9, 8], [9, 7], [8, 6], [9, 5], [8, 4], [7, 4], [6, 3], [6, 2], [5, 2], [4, 1]]
[[12, 14], [11, 14], [10, 13], [9, 12], [10, 12], [9, 11], [9, 10], [9, 9], [9, 8], [9, 7], [9, 6], [9, 5], [8, 4], [7, 3], [6, 2], [5, 2], [5, 1], [4, 1]]
[[12, 14], [12, 13], [11, 12], [10, 11], [9, 10], [8, 9], [8, 8], [7, 8], [7, 9], [8, 8], [7, 8], [7, 7], [6, 6], [5, 6], [5, 5], [4, 6], [5, 5], [4, 4], [5, 3], [5, 2], [4, 1]]
[[12, 14], [12, 15], [11, 16], [12, 15], [11, 14], [10, 13], [10, 12], [9, 11], [10, 11], [9, 10], [9, 9], [9, 8], [8, 8], [7, 7], [6, 7], [5, 6], [6, 6], [5, 5], [5, 4], [4, 5], [5, 4], [5, 3], [4, 2], [5, 2], [4, 1]]
[[12, 14], [12, 13], [11, 14], [10, 13], [10, 12], [9, 12], [8, 13], [7, 13], [8, 12], [9, 11], [8, 12], [9, 12], [9, 11], [10, 11], [9, 10], [8, 9], [7, 9], [8, 8], [9, 8], [9, 7], [8, 7], [7, 7], [6, 6], [7, 6], [6, 5], [5, 4], [4, 3], [5, 2], [4, 1], [4, 0], [4, 1]]
[[12, 14], [13, 13], [14, 12], [13, 12], [12, 12], [13, 13], [12, 12], [12, 11], [12, 10], [11, 9], [10, 9], [10, 8], [9, 8], [10, 8], [10, 7], [9, 6], [8, 7], [7, 7], [6, 8], [5, 7], [5, 6], [6, 6], [7, 5], [6, 5], [6, 6], [7, 5], [8, 5], [7, 4], [6, 3], [5, 2], [4, 1]]
