[[20, 14], [19, 13], [18, 14], [17, 14], [16, 15], [15, 16], [14, 15], [13, 16], [12, 17], [11, 16], [10, 17], [9, 18], [8, 18], [7, 17], [6, 16]]
[[20, 14], [19, 13], [18, 14], [17, 14], [16, 15], [15, 15], [14, 15], [13, 14], [12, 15], [11, 16], [10, 17], [9, 18], [8, 18], [7, 17], [6, 16]]
[[20, 14], [19, 14], [18, 14], [17, 15], [16, 15], [15, 16], [14, 15], [13, 15], [12, 16], [11, 17], [10, 16], [9, 16], [8, 17], [7, 16], [6, 16]]
[[20, 14], [19, 14], [18, 15], [17, 14], [16, 15], [15, 15], [14, 15], [13, 15], [12, 15], [11, 15], [10, 16], [9, 16], [8, 16], [7, 17], [6, 16]]
[[20, 14], [19, 15], [18, 15], [17, 16], [16, 15], [15, 15], [14, 16], [13, 15], [12, 14], [11, 15], [10, 15], [9, 16], [8, 16], [7, 15], [6, 16]]
[[20, 14], [19, 15], [18, 14], [17, 15], [16, 15], [15, 15], [14, 15], [13, 16], [12, 16], [11, 16], [10, 17], [9, 16], [8, 16], [7, 17], [6, 16]]
[[20, 14], [19, 13], [18, 14], [17, 14], [16, 15], [15, 16], [14, 15], [13, 16], [12, 17], [11, 16], [10, 17], [9, 18], [8, 18], [7, 17], [6, 16]]
[[20, 14], [19, 14], [18, 15], [17, 15], [16, 15], [15, 15], [14, 14], [13, 15], [12, 15], [11, 15], [10, 14], [9, 13], [8, 14], [7, 15], [6, 16]]
[[20, 14], [19, 15], [18, 16], [17, 15], [16, 16], [15, 16], [14, 16], [13, 16], [12, 17], [11, 17], [10, 16], [9, 16], [8, 16], [7, 15], [6, 16]]
[[20, 14], [19, 14], [18, 15], [17, 14], [16, 15], [15, 15], [14, 16], [13, 16], [12, 15], [11, 15], [10, 16], [9, 16], [8, 17], [7, 16], [6, 16]]
[[20, 14], [19, 13], [18, 14], [17, 14], [16, 14], [15, 15], [14, 16], [13, 15], [12, 16], [11, 16], [10, 17], [9, 16], [8, 16], [7, 16], [6, 16]]
[[20, 14], [19, 15], [18, 16], [17, 15], [16, 14], [15, 13], [14, 14], [13, 15], [12, 16], [11, 16], [10, 15], [9, 16], [8, 15], [8, 16], [7, 16], [6, 16]]
[[20, 14], [19, 13], [18, 14], [17, 15], [16, 15], [15, 14], [14, 15], [13, 16], [12, 15], [11, 16], [10, 17], [10, 16], [9, 16], [8, 16], [7, 17], [6, 16]]
[[20, 14], [19, 14], [18, 15], [17, 16], [16, 16], [15, 16], [14, 16], [13, 15], [12, 16], [11, 17], [10, 17], [10, 16], [9, 16], [8, 15], [7, 15], [6, 16]]
[[20, 14], [19, 15], [18, 14], [17, 15], [16, 16], [15, 16], [14, 16], [13, 15], [12, 15], [11, 16], [10, 16], [10, 17], [9, 16], [8, 16], [7, 17], [6, 17], [6, 16]]
[[20, 14], [19, 15], [18, 14], [17, 15], [16, 15], [15, 14], [14, 13], [13, 14], [13, 15], [12, 15], [12, 16], [11, 16], [10, 15], [9, 16], [8, 15], [7, 16], [6, 16]]
[[20, 14], [19, 15], [20, 15], [19, 16], [18, 16], [17, 16], [16, 15], [15, 14], [14, 13], [13, 14], [13, 15], [12, 15], [12, 16], [11, 16], [10, 15], [9, 16], [8, 15], [7, 16], [6, 16]]
[[20, 14], [20, 15], [20, 14], [19, 14], [18, 14], [17, 13], [16, 14], [16, 13], [16, 14], [15, 13], [14, 14], [13, 13], [12, 14], [13, 15], [12, 16], [11, 16], [10, 17], [10, 16], [9, 16], [8, 16], [7, 16], [8, 15], [7, 14], [7, 15], [6, 16]]
[[20, 14], [19, 13], [18, 14], [19, 14], [18, 15], [17, 16], [17, 15], [17, 16], [16, 17], [17, 18], [17, 19], [16, 19], [15, 18], [14, 19], [13, 18], [12, 19], [11, 18], [10, 17], [9, 18], [8, 17], [7, 17], [8, 17], [7, 17], [6, 17], [5, 16], [5, 17], [6, 16]]
[[20, 14], [21, 15], [22, 15], [23, 16], [24, 16], [23, 17], [24, 17], [24, 18], [23, 18], [22, 19], [21, 18], [21, 17], [21, 16], [20, 16], [20, 17], [19, 16], [19, 17], [18, 16], [17, 17], [18, 17], [18, 18], [17, 18], [16, 19], [15, 18], [14, 19], [13, 18], [13, 17], [12, 18], [11, 19], [11, 18], [10, 19], [9, 18], [8, 19], [8, 18], [8, 17], [7, 17], [8, 16], [8, 15], [7, 16], [8, 16], [9, 16], [8, 15], [7, 15], [6, 16]]
