[[6, 7], [7, 6], [8, 7], [9, 6], [10, 5], [11, 4], [12, 3], [13, 4], [14, 3], [15, 3], [16, 2], [17, 2], [18, 2], [19, 1], [20, 0], [21, 0], [22, 0], [23, 1], [24, 2], [25, 3], [26, 4], [27, 3], [28, 3], [29, 3]]
[[6, 7], [7, 6], [8, 5], [9, 4], [10, 3], [11, 2], [12, 1], [13, 1], [14, 1], [15, 1], [16, 2], [17, 2], [18, 1], [19, 1], [20, 0], [21, 0], [22, 0], [23, 1], [24, 2], [25, 2], [26, 3], [27, 3], [28, 3], [29, 3]]
[[6, 7], [7, 6], [8, 5], [9, 5], [10, 4], [11, 4], [12, 3], [13, 3], [14, 3], [15, 2], [16, 1], [17, 2], [18, 3], [19, 3], [20, 2], [21, 2], [22, 2], [23, 1], [24, 1], [25, 2], [26, 3], [27, 3], [28, 4], [29, 3]]
[[6, 7], [7, 6], [8, 7], [9, 6], [10, 5], [11, 4], [12, 3], [13, 4], [14, 3], [15, 3], [16, 2], [17, 2], [18, 2], [19, 1], [20, 0], [21, 0], [22, 0], [23, 1], [24, 2], [25, 3], [26, 4], [27, 3], [28, 3], [29, 3]]
[[6, 7], [7, 6], [8, 5], [9, 4], [10, 3], [11, 3], [12, 2], [13, 2], [14, 2], [15, 3], [16, 2], [17, 3], [18, 2], [19, 3], [20, 3], [21, 4], [22, 3], [23, 2], [24, 3], [25, 2], [26, 3], [27, 3], [28, 3], [29, 3]]
[[6, 7], [7, 6], [8, 5], [9, 4], [10, 4], [11, 5], [12, 6], [13, 5], [14, 4], [15, 3], [16, 3], [17, 3], [18, 4], [19, 3], [20, 2], [21, 2], [22, 3], [23, 2], [24, 1], [25, 1], [26, 2], [27, 3], [28, 4], [29, 3]]
[[6, 7], [7, 6], [8, 5], [9, 4], [10, 3], [11, 2], [12, 2], [13, 2], [14, 1], [15, 2], [16, 3], [17, 3], [18, 2], [19, 3], [20, 3], [21, 2], [22, 2], [23, 2], [24, 3], [25, 2], [26, 2], [27, 3], [28, 4], [29, 3]]
[[6, 7], [7, 6], [8, 5], [9, 4], [10, 4], [11, 3], [12, 4], [13, 3], [14, 2], [15, 2], [16, 1], [17, 0], [18, 1], [19, 1], [20, 2], [21, 2], [22, 3], [23, 4], [24, 5], [25, 4], [26, 4], [27, 4], [28, 3], [29, 3]]
[[6, 7], [7, 6], [8, 5], [9, 4], [10, 3], [11, 2], [12, 1], [13, 2], [14, 1], [15, 2], [16, 2], [17, 2], [18, 1], [19, 1], [20, 1], [21, 1], [22, 2], [23, 1], [24, 2], [25, 3], [26, 4], [27, 3], [28, 3], [29, 3]]
[[6, 7], [7, 6], [8, 5], [9, 5], [10, 5], [11, 5], [12, 4], [13, 3], [14, 3], [15, 2], [16, 2], [17, 2], [18, 1], [19, 1], [20, 2], [21, 1], [22, 2], [23, 1], [24, 2], [25, 3], [26, 4], [27, 3], [28, 3], [29, 3]]
[[6, 7], [7, 6], [8, 5], [9, 4], [10, 3], [11, 3], [12, 4], [13, 3], [14, 2], [15, 2], [16, 1], [17, 0], [18, 1], [19, 1], [20, 2], [21, 2], [22, 3], [23, 4], [24, 5], [25, 4], [26, 4], [27, 4], [28, 3], [29, 3]]
[[6, 7], [7, 6], [8, 5], [9, 6], [10, 6], [11, 5], [12, 4], [13, 3], [14, 3], [15, 2], [16, 3], [17, 2], [18, 3], [19, 3], [20, 2], [21, 2], [22, 3], [23, 4], [24, 3], [25, 4], [26, 5], [27, 4], [28, 4], [29, 3]]
[[6, 7], [7, 6], [8, 5], [9, 4], [10, 3], [11, 4], [12, 3], [13, 4], [14, 3], [15, 2], [16, 2], [17, 3], [18, 4], [19, 3], [20, 2], [21, 1], [22, 2], [23, 2], [24, 3], [25, 3], [26, 3], [27, 4], [28, 3], [29, 3]]
[[6, 7], [7, 6], [8, 5], [9, 4], [10, 5], [11, 4], [12, 3], [13, 3], [14, 3], [15, 3], [16, 2], [17, 3], [18, 2], [19, 1], [20, 2], [21, 2], [22, 2], [23, 2], [24, 2], [25, 3], [26, 4], [27, 5], [28, 4], [29, 3]]
[[6, 7], [7, 6], [8, 7], [9, 6], [10, 5], [11, 4], [12, 3], [13, 3], [14, 2], [15, 1], [16, 1], [17, 0], [18, 0], [19, 1], [20, 1], [21, 2], [22, 3], [23, 2], [24, 3], [25, 3], [26, 3], [27, 4], [28, 3], [29, 3]]
[[6, 7], [7, 6], [8, 7], [9, 6], [10, 5], [11, 4], [12, 3], [13, 2], [14, 2], [15, 2], [16, 2], [17, 2], [18, 1], [19, 1], [20, 1], [21, 1], [21, 0], [22, 0], [23, 0], [24, 0], [24, 1], [25, 1], [26, 2], [27, 3], [28, 3], [29, 3]]
[[6, 7], [7, 6], [8, 7], [9, 6], [10, 6], [10, 5], [11, 4], [12, 4], [12, 3], [13, 3], [14, 2], [15, 3], [16, 2], [17, 3], [18, 2], [19, 1], [20, 1], [21, 0], [21, 1], [22, 2], [23, 2], [24, 1], [25, 1], [26, 2], [27, 3], [28, 4], [29, 3]]
[[6, 7], [7, 6], [8, 7], [9, 7], [10, 6], [11, 5], [11, 4], [11, 3], [12, 3], [13, 3], [14, 2], [15, 2], [16, 2], [17, 2], [18, 2], [19, 1], [20, 2], [21, 2], [22, 3], [22, 2], [23, 2], [24, 3], [25, 2], [26, 2], [27, 1], [28, 1], [29, 2], [29, 3]]
[[6, 7], [7, 6], [8, 7], [9, 7], [9, 6], [10, 5], [11, 4], [12, 3], [13, 3], [14, 2], [15, 2], [16, 3], [17, 2], [18, 1], [19, 1], [20, 1], [20, 2], [21, 1], [22, 0], [23, 0], [24, 1], [25, 1], [26, 0], [27, 1], [28, 1], [27, 0], [28, 0], [28, 1], [29, 2], [29, 3]]
[[6, 7], [6, 8], [7, 9], [8, 8], [9, 8], [10, 8], [10, 7], [11, 8], [11, 7], [11, 6], [12, 5], [12, 4], [13, 5], [13, 6], [14, 5], [15, 5], [16, 4], [17, 5], [18, 4], [19, 4], [19, 3], [20, 4], [21, 4], [22, 3], [22, 2], [23, 1], [24, 2], [25, 3], [26, 4], [27, 4], [27, 5], [27, 4], [28, 3], [29, 3]]
