[[19, 2], [18, 3], [18, 4], [18, 5], [17, 6], [17, 7], [16, 8], [17, 9], [18, 10], [19, 11], [20, 12], [20, 13], [21, 14], [22, 15]]
[[19, 2], [19, 3], [20, 4], [19, 5], [18, 6], [17, 7], [16, 8], [17, 9], [18, 10], [19, 11], [19, 12], [20, 13], [21, 14], [22, 15]]
[[19, 2], [19, 3], [20, 4], [19, 5], [18, 6], [17, 7], [17, 8], [18, 9], [19, 10], [20, 11], [21, 12], [20, 13], [21, 14], [22, 15]]
[[19, 2], [19, 3], [18, 4], [19, 5], [18, 6], [17, 7], [17, 8], [18, 9], [19, 10], [19, 11], [20, 12], [20, 13], [21, 14], [22, 15]]
[[19, 2], [18, 3], [18, 4], [18, 5], [18, 6], [17, 7], [17, 8], [18, 9], [18, 10], [18, 11], [19, 12], [20, 13], [21, 14], [22, 15]]
[[19, 2], [19, 3], [18, 4], [18, 5], [17, 6], [18, 7], [17, 8], [18, 9], [19, 10], [20, 11], [19, 12], [20, 13], [21, 14], [22, 15]]
[[19, 2], [18, 3], [18, 4], [18, 5], [17, 6], [17, 7], [16, 8], [17, 9], [18, 10], [19, 11], [19, 12], [20, 13], [21, 14], [22, 15]]
[[19, 2], [18, 3], [18, 4], [18, 5], [19, 6], [18, 7], [17, 8], [18, 9], [19, 10], [19, 11], [19, 12], [20, 13], [21, 14], [22, 15]]
[[19, 2], [18, 3], [18, 4], [18, 5], [18, 6], [17, 7], [17, 8], [17, 9], [18, 10], [19, 11], [20, 12], [21, 13], [21, 14], [22, 15]]
[[19, 2], [18, 3], [18, 4], [18, 5], [17, 6], [17, 7], [16, 8], [17, 9], [18, 10], [19, 11], [20, 12], [20, 13], [21, 14], [22, 15]]
[[19, 2], [19, 3], [18, 4], [19, 5], [18, 6], [18, 7], [17, 8], [18, 9], [19, 10], [20, 11], [21, 12], [22, 13], [22, 14], [22, 15]]
[[19, 2], [19, 3], [18, 4], [19, 5], [18, 6], [17, 7], [17, 8], [18, 9], [17, 10], [18, 11], [19, 12], [19, 13], [20, 14], [21, 15], [22, 15]]
[[19, 2], [19, 3], [20, 4], [19, 5], [18, 6], [18, 7], [17, 8], [18, 9], [17, 10], [18, 11], [19, 11], [19, 12], [20, 13], [20, 14], [21, 14], [22, 15]]
[[19, 2], [19, 3], [20, 3], [21, 2], [22, 3], [23, 4], [23, 5], [24, 4], [25, 3], [25, 4], [24, 5], [25, 6], [26, 6], [27, 7], [26, 8], [26, 9], [27, 9], [26, 10], [25, 11], [25, 12], [24, 12], [23, 12], [22, 13], [22, 14], [22, 15]]
[[19, 2], [20, 2], [21, 1], [21, 0], [21, 1], [22, 2], [21, 2], [20, 3], [21, 3], [22, 4], [21, 5], [20, 6], [21, 6], [20, 7], [20, 6], [21, 7], [20, 8], [21, 8], [22, 7], [23, 7], [22, 8], [21, 9], [22, 9], [23, 9], [24, 8], [25, 8], [25, 7], [26, 8], [26, 9], [26, 10], [25, 9], [25, 10], [25, 11], [24, 10], [23, 10], [23, 11], [22, 12], [22, 13], [21, 12], [20, 12], [20, 11], [19, 10], [18, 11], [19, 12], [18, 13], [17, 14], [16, 13], [15, 12], [14, 11], [15, 11], [14, 12], [14, 13], [13, 12], [12, 11], [13, 11], [14, 10], [15, 9], [16, 10], [17, 9], [16, 8], [16, 9], [15, 10], [16, 11], [17, 12], [18, 12], [17, 13], [16, 14], [17, 15], [18, 14], [19, 15], [20, 15], [21, 14], [21, 15], [22, 15]]
[[19, 2], [18, 1], [17, 0], [16, 1], [17, 2], [16, 2], [15, 3], [14, 4], [15, 5], [16, 6], [17, 6], [18, 5], [18, 6], [19, 6], [20, 6], [20, 7], [21, 8], [20, 8], [19, 9], [20, 10], [19, 10], [19, 9], [20, 10], [20, 11], [20, 12], [19, 12], [19, 13], [18, 12], [17, 11], [16, 10], [17, 10], [18, 9], [17, 8], [16, 7], [16, 6], [17, 7], [16, 8], [15, 8], [14, 7], [14, 8], [13, 8], [12, 7], [11, 6], [11, 5], [10, 6], [9, 6], [9, 7], [9, 8], [8, 9], [7, 8], [6, 7], [5, 6], [5, 7], [6, 8], [5, 9], [4, 9], [3, 9], [4, 8], [5, 7], [4, 8], [4, 9], [5, 10], [5, 9], [6, 10], [6, 9], [7, 8], [8, 8], [8, 9], [9, 10], [10, 10], [10, 11], [9, 10], [10, 11], [11, 12], [11, 13], [12, 14], [11, 14], [12, 13], [13, 14], [12, 15], [13, 16], [14, 17], [15, 18], [14, 17], [14, 16], [14, 17], [15, 16], [15, 15], [15, 16], [16, 15], [15, 15], [16, 14], [16, 13], [16, 12], [15, 12], [15, 11], [16, 10], [17, 10], [16, 11], [15, 12], [16, 12], [17, 13], [17, 14], [18, 15], [19, 16], [19, 15], [18, 14], [19, 14], [20, 14], [20, 15], [21, 15], [22, 15]]
[[19, 2], [19, 1], [20, 2], [21, 1], [20, 1], [21, 2], [22, 3], [21, 3], [21, 4], [22, 4], [21, 5], [22, 5], [21, 6], [22, 7], [22, 8], [22, 9], [21, 10], [20, 9], [21, 9], [20, 10], [20, 11], [19, 10], [18, 10], [18, 9], [19, 9], [20, 8], [20, 7], [21, 8], [21, 7], [20, 6], [19, 6], [18, 5], [18, 4], [17, 3], [16, 3], [16, 2], [17, 2], [16, 1], [17, 0], [17, 1], [18, 2], [18, 3], [19, 3], [20, 4], [19, 5], [18, 6], [18, 7], [17, 8], [16, 9], [15, 8], [15, 9], [16, 10], [17, 11], [17, 10], [18, 11], [17, 12], [16, 13], [17, 13], [18, 14], [17, 15], [18, 16], [19, 17], [19, 18], [19, 19], [20, 19], [21, 19], [22, 18], [23, 18], [24, 19], [25, 19], [26, 19], [26, 18], [27, 17], [27, 18], [28, 18], [29, 19], [29, 18], [28, 17], [28, 16], [29, 17], [29, 16], [29, 15], [28, 14], [28, 13], [29, 13], [29, 12], [28, 12], [29, 11], [28, 10], [28, 11], [27, 11], [27, 10], [26, 9], [27, 9], [26, 10], [25, 10], [24, 10], [23, 10], [22, 11], [22, 10], [23, 11], [22, 12], [23, 12], [24, 13], [24, 12], [25, 12], [26, 12], [27, 13], [26, 13], [25, 13], [25, 14], [24, 15], [24, 16], [25, 15], [25, 16], [24, 17], [23, 17], [22, 16], [23, 16], [23, 15], [22, 14], [21, 15], [21, 16], [22, 15]]
