[[12, 4], [11, 5], [12, 6], [11, 7], [11, 8], [11, 9], [10, 10], [10, 11], [9, 12], [8, 13], [7, 14], [8, 15], [7, 16], [7, 17], [7, 18], [6, 19]]
[[12, 4], [11, 5], [11, 6], [11, 7], [10, 8], [9, 9], [8, 10], [8, 11], [7, 12], [7, 13], [8, 14], [7, 15], [6, 16], [5, 17], [6, 18], [6, 19]]
[[12, 4], [13, 5], [14, 6], [13, 7], [12, 8], [11, 9], [10, 10], [10, 11], [9, 12], [8, 13], [7, 14], [8, 15], [7, 16], [6, 17], [7, 18], [6, 19]]
[[12, 4], [11, 5], [10, 6], [10, 7], [11, 8], [11, 9], [11, 10], [10, 11], [9, 12], [8, 13], [7, 14], [8, 15], [7, 16], [7, 17], [7, 18], [6, 19]]
[[12, 4], [13, 5], [13, 6], [12, 7], [11, 8], [10, 9], [10, 10], [10, 11], [9, 12], [8, 13], [7, 14], [6, 15], [6, 16], [6, 17], [6, 18], [6, 19]]
[[12, 4], [11, 5], [11, 6], [10, 7], [10, 8], [9, 9], [8, 10], [7, 11], [8, 12], [7, 13], [7, 14], [6, 15], [5, 16], [5, 17], [6, 18], [6, 19]]
[[12, 4], [11, 5], [12, 6], [11, 7], [11, 8], [11, 9], [10, 10], [10, 11], [9, 12], [8, 13], [7, 14], [8, 15], [7, 16], [7, 17], [7, 18], [6, 19]]
[[12, 4], [11, 5], [11, 6], [12, 7], [11, 8], [11, 9], [10, 10], [10, 11], [9, 12], [8, 13], [7, 14], [8, 15], [7, 16], [6, 17], [7, 18], [6, 19]]
[[12, 4], [11, 5], [10, 6], [9, 7], [10, 8], [11, 9], [10, 10], [10, 11], [9, 12], [8, 13], [9, 14], [8, 15], [7, 16], [6, 17], [7, 18], [6, 19]]
[[12, 4], [13, 5], [13, 6], [12, 7], [12, 8], [11, 9], [10, 10], [10, 11], [9, 12], [8, 13], [8, 14], [7, 15], [6, 16], [7, 17], [6, 18], [6, 19]]
[[12, 4], [11, 5], [10, 6], [11, 7], [10, 8], [11, 9], [10, 10], [10, 11], [9, 12], [8, 13], [7, 14], [8, 15], [7, 16], [6, 17], [7, 18], [6, 19]]
[[12, 4], [13, 5], [13, 6], [12, 7], [12, 8], [11, 9], [10, 10], [10, 11], [9, 12], [8, 13], [7, 14], [8, 15], [7, 16], [8, 17], [7, 18], [6, 19]]
[[12, 4], [11, 5], [10, 6], [10, 7], [11, 8], [10, 9], [11, 10], [10, 11], [9, 12], [8, 13], [7, 14], [6, 15], [6, 16], [7, 17], [6, 18], [6, 19]]
[[12, 4], [11, 5], [11, 6], [10, 7], [11, 8], [10, 9], [9, 10], [8, 11], [7, 12], [6, 13], [5, 14], [6, 15], [5, 16], [6, 17], [6, 18], [6, 19]]
[[12, 4], [13, 5], [13, 6], [12, 7], [12, 8], [12, 9], [11, 10], [10, 11], [9, 12], [8, 13], [8, 14], [7, 15], [6, 16], [6, 17], [7, 18], [6, 19]]
[[12, 4], [11, 5], [10, 6], [11, 7], [11, 8], [12, 7], [12, 8], [12, 9], [11, 10], [10, 11], [9, 12], [8, 13], [7, 14], [7, 15], [6, 16], [6, 17], [6, 18], [6, 19]]
[[12, 4], [13, 5], [12, 6], [12, 7], [11, 8], [11, 9], [11, 10], [10, 11], [9, 12], [8, 13], [7, 14], [6, 15], [5, 15], [6, 15], [7, 16], [6, 16], [5, 17], [6, 18], [6, 19]]
[[12, 4], [11, 5], [10, 5], [10, 6], [9, 7], [9, 6], [9, 7], [8, 8], [8, 9], [8, 10], [9, 10], [8, 9], [9, 10], [9, 9], [8, 9], [9, 9], [9, 10], [10, 11], [9, 12], [8, 12], [7, 12], [6, 13], [7, 14], [6, 15], [7, 16], [8, 17], [7, 17], [8, 18], [7, 18], [6, 19]]
[[12, 4], [11, 3], [10, 3], [10, 4], [10, 5], [9, 6], [10, 6], [11, 6], [10, 7], [11, 7], [11, 8], [10, 8], [11, 9], [11, 10], [10, 10], [9, 9], [8, 9], [7, 9], [7, 10], [6, 11], [7, 11], [6, 10], [5, 9], [5, 10], [4, 11], [4, 12], [5, 11], [5, 12], [5, 13], [5, 14], [6, 15], [5, 15], [4, 15], [4, 14], [3, 15], [2, 14], [1, 13], [0, 13], [0, 14], [1, 15], [2, 15], [1, 16], [1, 17], [2, 17], [2, 18], [3, 17], [4, 18], [4, 17], [3, 16], [4, 16], [5, 17], [6, 18], [6, 19]]
[[12, 4], [11, 3], [11, 4], [10, 4], [10, 5], [9, 6], [10, 7], [10, 8], [9, 9], [8, 10], [8, 11], [9, 10], [10, 11], [9, 12], [8, 13], [7, 13], [6, 13], [7, 12], [6, 11], [7, 12], [6, 12], [6, 11], [5, 11], [4, 10], [3, 9], [4, 9], [3, 9], [2, 8], [2, 9], [1, 9], [0, 10], [1, 11], [2, 12], [1, 13], [0, 13], [0, 14], [1, 13], [2, 12], [2, 13], [3, 12], [4, 12], [3, 11], [4, 12], [5, 13], [5, 14], [6, 15], [5, 16], [4, 16], [5, 15], [5, 16], [6, 17], [5, 17], [6, 18], [6, 19]]
