[[25, 9], [25, 10], [24, 11], [25, 12], [26, 13], [26, 14], [26, 15], [25, 16], [25, 17], [25, 18]]
[[25, 9], [26, 10], [25, 11], [26, 12], [27, 13], [27, 14], [27, 15], [26, 16], [25, 17], [25, 18]]
[[25, 9], [25, 10], [24, 11], [24, 12], [24, 13], [24, 14], [25, 15], [26, 16], [26, 17], [25, 18]]
[[25, 9], [25, 10], [26, 11], [26, 12], [26, 13], [27, 14], [26, 15], [27, 16], [26, 17], [25, 18]]
[[25, 9], [26, 10], [25, 11], [25, 12], [25, 13], [26, 14], [26, 15], [25, 16], [25, 17], [25, 18]]
[[25, 9], [26, 10], [27, 11], [26, 12], [27, 13], [27, 14], [26, 15], [25, 16], [24, 17], [25, 18]]
[[25, 9], [26, 10], [25, 11], [24, 12], [24, 13], [25, 14], [26, 15], [25, 16], [26, 17], [25, 18]]
[[25, 9], [26, 10], [25, 11], [24, 12], [25, 13], [26, 14], [25, 15], [24, 16], [25, 17], [25, 18]]
[[25, 9], [25, 10], [26, 11], [26, 12], [27, 13], [26, 14], [25, 15], [26, 16], [25, 17], [25, 18]]
[[25, 9], [25, 10], [24, 11], [25, 12], [26, 13], [26, 14], [26, 15], [25, 16], [25, 17], [25, 18]]
[[25, 9], [25, 10], [26, 11], [25, 12], [24, 13], [24, 14], [25, 15], [26, 16], [26, 17], [25, 18]]
[[25, 9], [25, 10], [24, 11], [23, 12], [24, 13], [25, 14], [26, 15], [26, 16], [26, 17], [25, 18]]
[[25, 9], [25, 10], [24, 11], [25, 12], [24, 13], [25, 14], [26, 15], [26, 16], [25, 17], [25, 18]]
[[25, 9], [26, 10], [25, 11], [26, 12], [26, 13], [25, 14], [24, 15], [25, 15], [25, 16], [26, 17], [25, 18]]
[[25, 9], [25, 10], [25, 11], [24, 12], [25, 13], [24, 14], [25, 15], [25, 16], [25, 17], [24, 18], [25, 18]]
[[25, 9], [26, 10], [25, 9], [26, 10], [27, 11], [26, 12], [25, 13], [24, 14], [24, 15], [24, 16], [24, 17], [25, 18]]
[[25, 9], [25, 10], [24, 11], [23, 12], [24, 12], [24, 13], [25, 14], [26, 13], [27, 14], [26, 14], [26, 15], [26, 16], [27, 16], [26, 17], [25, 18]]
[[25, 9], [25, 8], [26, 9], [26, 10], [27, 9], [28, 8], [28, 9], [28, 8], [29, 9], [28, 10], [29, 10], [29, 11], [28, 12], [29, 13], [28, 14], [28, 15], [29, 16], [28, 16], [27, 17], [27, 18], [26, 19], [27, 19], [28, 19], [27, 18], [27, 17], [27, 18], [28, 18], [27, 17], [26, 17], [25, 16], [26, 17], [25, 18]]
[[25, 9], [24, 8], [24, 9], [23, 9], [22, 10], [23, 10], [24, 11], [25, 10], [26, 9], [26, 8], [27, 8], [28, 8], [28, 7], [29, 7], [29, 8], [28, 9], [28, 10], [27, 9], [27, 10], [26, 10], [27, 11], [28, 12], [27, 12], [27, 13], [28, 14], [28, 13], [29, 12], [29, 13], [29, 14], [28, 15], [29, 16], [29, 17], [28, 18], [27, 17], [27, 16], [26, 16], [25, 16], [26, 15], [25, 14], [26, 14], [27, 13], [26, 12], [25, 13], [25, 14], [24, 15], [23, 16], [23, 17], [22, 16], [23, 15], [22, 15], [21, 14], [22, 13], [23, 12], [24, 12], [25, 11], [25, 12], [24, 13], [24, 14], [25, 15], [26, 16], [25, 16], [24, 16], [25, 17], [25, 18]]
