[[22, 5], [21, 6], [20, 7], [20, 8], [19, 9], [18, 10], [17, 11]]
[[22, 5], [21, 6], [20, 7], [20, 8], [19, 9], [18, 10], [17, 11]]
[[22, 5], [21, 6], [20, 7], [20, 8], [19, 9], [18, 10], [17, 11]]
[[22, 5], [21, 6], [21, 7], [20, 8], [19, 9], [18, 10], [17, 11]]
[[22, 5], [21, 6], [20, 7], [20, 8], [19, 9], [18, 10], [17, 11]]
[[22, 5], [22, 6], [21, 7], [20, 8], [19, 9], [18, 10], [17, 11]]
[[22, 5], [22, 6], [21, 7], [20, 8], [19, 9], [18, 10], [17, 11]]
[[22, 5], [21, 6], [20, 7], [20, 8], [19, 9], [18, 10], [17, 11]]
[[22, 5], [23, 6], [22, 7], [21, 7], [20, 8], [19, 9], [18, 10], [17, 11]]
[[22, 5], [21, 6], [21, 7], [21, 8], [20, 9], [19, 10], [18, 10], [17, 11]]
[[22, 5], [21, 6], [20, 7], [19, 7], [18, 8], [19, 9], [19, 10], [19, 11], [18, 12], [18, 11], [17, 11]]
[[22, 5], [21, 6], [20, 7], [19, 7], [18, 8], [19, 9], [19, 10], [19, 11], [18, 12], [18, 11], [17, 11]]
[[22, 5], [21, 6], [20, 6], [19, 7], [20, 8], [19, 9], [19, 10], [19, 11], [18, 11], [17, 12], [18, 12], [17, 11]]
[[22, 5], [21, 5], [22, 5], [23, 5], [24, 4], [24, 3], [23, 3], [23, 2], [23, 1], [22, 1], [21, 2], [20, 3], [20, 4], [19, 5], [18, 5], [17, 6], [18, 6], [17, 5], [16, 6], [17, 7], [18, 8], [18, 9], [18, 10], [17, 10], [16, 10], [16, 11], [17, 11]]
[[22, 5], [23, 5], [22, 6], [23, 6], [24, 5], [24, 4], [25, 3], [26, 3], [27, 2], [27, 3], [28, 3], [28, 2], [29, 1], [29, 2], [28, 1], [27, 1], [27, 0], [26, 1], [26, 0], [25, 0], [24, 0], [23, 1], [22, 1], [23, 0], [24, 1], [25, 2], [24, 2], [23, 2], [22, 2], [21, 3], [21, 4], [20, 3], [19, 2], [18, 3], [17, 4], [16, 4], [17, 5], [16, 6], [17, 7], [17, 8], [18, 7], [19, 7], [18, 8], [18, 9], [17, 10], [18, 11], [17, 11]]
