[[23, 7], [22, 8], [21, 9]]
[[23, 7], [22, 8], [21, 9]]
[[23, 7], [22, 8], [21, 9]]
[[23, 7], [22, 8], [21, 9]]
[[23, 7], [22, 8], [21, 9]]
[[23, 7], [22, 8], [21, 9]]
[[23, 7], [22, 8], [21, 9]]
[[23, 7], [22, 8], [21, 9]]
[[23, 7], [22, 8], [21, 9]]
[[23, 7], [22, 8], [21, 9]]
[[23, 7], [22, 8], [21, 9]]
[[23, 7], [23, 8], [22, 8], [21, 9]]
[[23, 7], [23, 8], [23, 7], [24, 6], [25, 6], [24, 7], [25, 8], [26, 8], [26, 7], [25, 6], [25, 7], [24, 6], [23, 6], [22, 5], [21, 5], [20, 6], [19, 6], [20, 6], [21, 7], [22, 8], [21, 9], [20, 10], [21, 9]]
