[[18, 11], [17, 10], [16, 9], [15, 9], [14, 9], [13, 10], [12, 11], [11, 12], [10, 13], [9, 14], [8, 15], [7, 14], [6, 13], [5, 13], [4, 12], [3, 12], [2, 11]]
[[18, 11], [17, 10], [16, 10], [15, 10], [14, 11], [13, 11], [12, 11], [11, 12], [10, 13], [9, 13], [8, 14], [7, 14], [6, 13], [5, 12], [4, 12], [3, 12], [2, 11]]
[[18, 11], [17, 10], [16, 9], [15, 9], [14, 9], [13, 10], [12, 11], [11, 12], [10, 13], [9, 14], [8, 15], [7, 14], [6, 13], [5, 13], [4, 12], [3, 12], [2, 11]]
[[18, 11], [17, 11], [16, 10], [15, 11], [14, 12], [13, 11], [12, 11], [11, 12], [10, 13], [9, 13], [8, 14], [7, 13], [6, 14], [5, 13], [4, 13], [3, 12], [2, 11]]
[[18, 11], [17, 10], [16, 11], [15, 11], [14, 12], [13, 12], [12, 13], [11, 13], [10, 13], [9, 13], [8, 14], [7, 14], [6, 13], [5, 12], [4, 13], [3, 12], [2, 11]]
[[18, 11], [17, 12], [16, 12], [15, 13], [14, 13], [13, 13], [12, 14], [11, 13], [10, 12], [9, 13], [8, 12], [7, 12], [6, 11], [5, 11], [4, 11], [3, 11], [2, 11]]
[[18, 11], [17, 11], [16, 11], [15, 10], [14, 11], [13, 12], [12, 13], [11, 12], [10, 12], [9, 13], [8, 12], [7, 12], [6, 13], [5, 13], [4, 12], [3, 11], [2, 11]]
[[18, 11], [17, 12], [16, 11], [15, 10], [14, 11], [13, 12], [12, 13], [11, 13], [10, 12], [9, 12], [8, 12], [7, 12], [6, 11], [5, 12], [4, 11], [3, 11], [2, 11]]
[[18, 11], [17, 11], [16, 12], [15, 11], [14, 11], [13, 12], [12, 13], [11, 12], [10, 12], [9, 13], [8, 14], [7, 13], [6, 13], [5, 14], [4, 13], [3, 12], [2, 11]]
[[18, 11], [17, 12], [16, 12], [15, 11], [14, 12], [13, 12], [12, 11], [11, 12], [10, 13], [9, 14], [8, 14], [7, 13], [6, 14], [5, 13], [4, 12], [3, 12], [2, 11]]
[[18, 11], [17, 11], [16, 10], [15, 10], [14, 11], [13, 12], [12, 13], [11, 13], [10, 13], [9, 13], [8, 14], [7, 14], [6, 13], [5, 12], [4, 12], [3, 11], [2, 11]]
[[18, 11], [17, 10], [16, 9], [15, 8], [14, 9], [13, 10], [12, 11], [11, 12], [10, 13], [9, 14], [8, 15], [7, 16], [7, 15], [6, 14], [5, 13], [4, 12], [3, 12], [2, 11]]
[[18, 11], [17, 12], [16, 11], [15, 11], [14, 12], [13, 12], [12, 13], [11, 14], [10, 15], [10, 14], [9, 13], [8, 12], [7, 13], [6, 13], [5, 12], [4, 12], [3, 11], [2, 11]]
[[18, 11], [17, 11], [16, 12], [15, 13], [14, 12], [13, 12], [12, 11], [11, 12], [10, 13], [9, 14], [8, 14], [7, 14], [6, 14], [7, 13], [6, 14], [5, 13], [5, 12], [4, 11], [3, 12], [2, 11]]
[[18, 11], [17, 11], [16, 11], [16, 12], [15, 11], [14, 11], [13, 12], [12, 13], [11, 14], [10, 15], [9, 16], [8, 15], [7, 15], [6, 16], [5, 15], [5, 14], [4, 13], [3, 12], [3, 11], [3, 10], [2, 11]]
[[18, 11], [17, 11], [16, 11], [15, 10], [14, 11], [13, 12], [12, 13], [11, 12], [10, 13], [9, 14], [8, 15], [7, 15], [6, 16], [7, 15], [6, 14], [6, 13], [5, 12], [4, 11], [3, 12], [2, 12], [1, 12], [2, 11]]
[[18, 11], [17, 11], [16, 11], [16, 12], [15, 11], [14, 11], [13, 12], [12, 13], [11, 14], [10, 15], [9, 16], [8, 15], [7, 15], [8, 14], [8, 13], [7, 12], [6, 11], [5, 10], [4, 10], [3, 11], [2, 12], [1, 11], [2, 11]]
[[18, 11], [17, 11], [16, 11], [15, 10], [16, 10], [15, 11], [15, 10], [14, 9], [13, 10], [12, 11], [11, 12], [10, 13], [9, 14], [8, 15], [7, 16], [6, 16], [5, 15], [6, 14], [5, 13], [5, 12], [4, 11], [3, 10], [2, 10], [3, 11], [2, 11]]
[[18, 11], [18, 12], [17, 12], [16, 11], [16, 10], [15, 9], [16, 8], [16, 7], [15, 6], [16, 7], [15, 7], [14, 6], [15, 6], [14, 7], [13, 7], [13, 6], [13, 7], [12, 8], [11, 7], [10, 7], [10, 6], [9, 7], [8, 6], [7, 5], [6, 5], [6, 4], [5, 5], [4, 6], [5, 7], [5, 8], [6, 7], [5, 7], [4, 8], [3, 9], [2, 10], [1, 10], [2, 11]]
[[18, 11], [19, 12], [19, 13], [19, 14], [18, 14], [19, 13], [18, 14], [17, 15], [16, 15], [17, 15], [16, 15], [16, 14], [15, 15], [15, 16], [14, 16], [14, 17], [13, 17], [12, 16], [12, 17], [12, 16], [11, 15], [10, 14], [10, 15], [10, 14], [9, 14], [8, 15], [7, 16], [7, 15], [6, 15], [5, 16], [4, 16], [5, 16], [4, 16], [3, 15], [4, 15], [3, 14], [2, 13], [1, 13], [0, 12], [1, 11], [0, 11], [0, 10], [1, 9], [1, 10], [1, 11], [2, 11], [1, 12], [2, 11]]
