[[14, 0], [15, 1], [15, 2], [16, 3], [17, 4], [17, 5], [18, 6], [19, 7], [18, 8], [19, 9]]
[[14, 0], [14, 1], [15, 2], [16, 3], [17, 4], [18, 5], [18, 6], [19, 7], [18, 8], [19, 9]]
[[14, 0], [14, 1], [15, 2], [16, 3], [17, 4], [18, 5], [19, 6], [19, 7], [18, 8], [19, 9]]
[[14, 0], [14, 1], [15, 2], [16, 3], [17, 4], [17, 5], [18, 6], [19, 7], [19, 8], [19, 9]]
[[14, 0], [15, 1], [15, 2], [16, 3], [17, 4], [17, 5], [18, 6], [19, 7], [18, 8], [19, 9]]
[[14, 0], [15, 1], [16, 2], [17, 3], [17, 4], [17, 5], [18, 6], [19, 7], [18, 8], [19, 9]]
[[14, 0], [15, 1], [16, 2], [16, 3], [17, 4], [18, 5], [19, 6], [20, 7], [19, 8], [19, 9]]
[[14, 0], [15, 1], [15, 2], [16, 3], [17, 4], [17, 5], [18, 6], [17, 7], [18, 8], [19, 9]]
[[14, 0], [15, 1], [15, 2], [16, 3], [17, 4], [18, 5], [19, 6], [20, 7], [19, 8], [19, 9]]
[[14, 0], [15, 1], [16, 2], [17, 3], [16, 4], [17, 5], [18, 6], [19, 7], [19, 8], [19, 9]]
[[14, 0], [15, 1], [16, 2], [17, 3], [16, 4], [17, 5], [17, 6], [17, 7], [18, 8], [19, 9]]
[[14, 0], [14, 1], [15, 2], [16, 3], [17, 4], [18, 5], [17, 6], [17, 7], [18, 8], [19, 9]]
[[14, 0], [15, 1], [16, 2], [17, 3], [18, 4], [19, 5], [19, 6], [19, 7], [18, 8], [19, 9]]
[[14, 0], [15, 1], [15, 2], [16, 3], [17, 4], [18, 5], [19, 6], [20, 7], [19, 8], [19, 9]]
[[14, 0], [15, 1], [15, 2], [16, 3], [17, 4], [18, 5], [19, 5], [20, 6], [20, 7], [19, 8], [19, 9]]
[[14, 0], [15, 1], [16, 2], [17, 3], [18, 3], [18, 4], [19, 5], [20, 6], [20, 7], [19, 8], [19, 9]]
[[14, 0], [14, 1], [15, 2], [16, 2], [17, 3], [18, 4], [18, 5], [18, 6], [17, 7], [18, 8], [19, 9]]
[[14, 0], [14, 1], [15, 2], [16, 2], [17, 3], [18, 4], [19, 5], [18, 6], [19, 7], [18, 8], [19, 9]]
[[14, 0], [13, 0], [13, 1], [14, 2], [13, 2], [13, 1], [14, 2], [15, 3], [16, 3], [17, 4], [17, 5], [17, 6], [17, 7], [18, 8], [19, 9]]
[[14, 0], [13, 1], [13, 2], [13, 3], [12, 4], [13, 5], [13, 6], [14, 7], [15, 8], [16, 9], [17, 10], [18, 9], [17, 8], [18, 8], [18, 9], [19, 9]]
