[[6, 17], [7, 16], [8, 15], [9, 15], [10, 14], [11, 14], [12, 13], [13, 12], [14, 11], [15, 10], [16, 9], [17, 8], [17, 7], [18, 6], [19, 5], [20, 4], [21, 3], [22, 2]]
[[6, 17], [7, 17], [8, 16], [9, 16], [10, 15], [11, 14], [12, 13], [13, 12], [14, 11], [15, 10], [16, 9], [17, 8], [18, 7], [19, 6], [20, 5], [21, 4], [21, 3], [22, 2]]
[[6, 17], [7, 16], [8, 15], [9, 15], [10, 14], [11, 13], [12, 12], [13, 12], [14, 11], [15, 10], [16, 9], [17, 8], [18, 7], [19, 6], [20, 5], [21, 4], [21, 3], [22, 2]]
[[6, 17], [7, 16], [8, 16], [9, 15], [10, 15], [11, 14], [12, 13], [13, 12], [14, 11], [15, 10], [16, 9], [17, 8], [18, 7], [19, 6], [20, 5], [21, 4], [22, 3], [22, 2]]
[[6, 17], [7, 16], [8, 16], [9, 15], [10, 14], [11, 13], [12, 12], [13, 12], [14, 11], [15, 10], [16, 9], [16, 8], [17, 7], [18, 6], [19, 5], [20, 4], [21, 3], [22, 2]]
[[6, 17], [7, 16], [8, 15], [9, 15], [10, 14], [11, 14], [12, 13], [13, 12], [14, 11], [15, 10], [16, 9], [17, 8], [17, 7], [18, 6], [19, 5], [20, 4], [21, 3], [22, 2]]
[[6, 17], [7, 16], [8, 16], [9, 15], [10, 14], [11, 14], [12, 13], [13, 12], [14, 11], [15, 10], [16, 9], [16, 8], [17, 7], [18, 6], [19, 5], [20, 4], [21, 3], [22, 2]]
[[6, 17], [7, 17], [8, 16], [9, 16], [10, 15], [11, 14], [12, 13], [13, 12], [14, 11], [15, 10], [16, 9], [17, 8], [17, 7], [18, 6], [19, 5], [20, 4], [21, 3], [22, 2]]
[[6, 17], [7, 16], [8, 17], [9, 16], [10, 15], [11, 14], [12, 13], [13, 12], [14, 11], [15, 10], [16, 9], [17, 8], [18, 7], [18, 6], [19, 5], [20, 4], [21, 3], [22, 2]]
[[6, 17], [7, 16], [8, 15], [9, 16], [10, 15], [11, 14], [12, 13], [13, 12], [14, 11], [15, 10], [16, 9], [16, 8], [17, 7], [18, 6], [19, 5], [20, 4], [21, 3], [22, 2]]
[[6, 17], [7, 16], [8, 15], [9, 15], [10, 14], [11, 13], [12, 13], [13, 12], [14, 11], [15, 10], [16, 9], [17, 8], [18, 7], [19, 6], [20, 5], [21, 4], [22, 3], [22, 2]]
[[6, 17], [7, 16], [8, 15], [9, 15], [10, 14], [11, 14], [12, 13], [13, 12], [14, 11], [15, 10], [16, 9], [17, 8], [17, 7], [18, 6], [19, 5], [20, 4], [21, 3], [22, 2]]
[[6, 17], [7, 16], [8, 16], [9, 15], [10, 15], [11, 15], [12, 14], [13, 14], [14, 13], [14, 12], [14, 11], [15, 10], [16, 9], [16, 8], [17, 7], [18, 6], [19, 5], [20, 4], [21, 3], [22, 2]]
[[6, 17], [7, 18], [8, 17], [9, 16], [10, 15], [11, 14], [12, 13], [13, 14], [14, 13], [15, 12], [15, 11], [16, 10], [17, 9], [18, 8], [19, 7], [20, 6], [20, 5], [21, 4], [22, 3], [22, 2]]
[[6, 17], [7, 16], [8, 17], [9, 16], [10, 15], [11, 14], [12, 13], [13, 12], [14, 12], [15, 11], [15, 10], [16, 9], [17, 8], [18, 7], [19, 6], [18, 5], [19, 4], [20, 3], [21, 3], [22, 2]]
[[6, 17], [7, 16], [8, 16], [9, 15], [10, 15], [11, 14], [12, 13], [13, 12], [14, 11], [15, 10], [16, 9], [17, 8], [18, 9], [19, 8], [20, 7], [21, 6], [22, 5], [22, 4], [22, 3], [22, 2]]
[[6, 17], [7, 16], [8, 15], [9, 16], [10, 15], [11, 14], [12, 13], [13, 14], [14, 13], [15, 12], [16, 11], [17, 10], [18, 9], [19, 8], [20, 7], [19, 6], [20, 5], [20, 4], [21, 3], [22, 2]]
[[6, 17], [7, 16], [8, 16], [9, 15], [10, 15], [11, 14], [12, 13], [13, 12], [14, 12], [15, 11], [16, 10], [17, 9], [17, 8], [18, 7], [19, 6], [20, 5], [19, 4], [20, 3], [21, 2], [22, 2]]
[[6, 17], [7, 17], [8, 16], [9, 16], [10, 15], [11, 14], [12, 13], [13, 12], [14, 11], [15, 12], [15, 11], [16, 10], [16, 9], [17, 8], [18, 7], [17, 7], [18, 6], [19, 5], [20, 4], [21, 3], [22, 2]]
[[6, 17], [7, 16], [8, 15], [9, 16], [10, 16], [10, 15], [11, 14], [12, 13], [13, 12], [14, 11], [15, 11], [16, 11], [16, 10], [17, 9], [18, 9], [19, 8], [20, 7], [20, 6], [19, 5], [20, 4], [21, 3], [22, 2]]
