[[20, 5], [21, 6], [22, 6], [23, 7], [24, 8], [25, 7], [26, 8], [27, 9], [28, 9], [29, 10]]
[[20, 5], [21, 6], [22, 5], [23, 6], [24, 7], [25, 8], [26, 9], [27, 8], [28, 9], [29, 10]]
[[20, 5], [21, 4], [22, 4], [23, 5], [24, 5], [25, 6], [26, 7], [27, 8], [28, 9], [29, 10]]
[[20, 5], [21, 6], [22, 7], [23, 8], [24, 7], [25, 8], [26, 9], [27, 8], [28, 9], [29, 10]]
[[20, 5], [21, 4], [22, 5], [23, 5], [24, 6], [25, 7], [26, 8], [27, 9], [28, 9], [29, 10]]
[[20, 5], [21, 4], [22, 4], [23, 5], [24, 6], [25, 7], [26, 8], [27, 9], [28, 10], [29, 10]]
[[20, 5], [21, 4], [22, 5], [23, 6], [24, 7], [25, 7], [26, 8], [27, 9], [28, 10], [29, 10]]
[[20, 5], [21, 4], [22, 5], [23, 6], [24, 6], [25, 7], [26, 8], [27, 8], [28, 9], [29, 10]]
[[20, 5], [21, 6], [22, 6], [23, 7], [24, 8], [25, 7], [26, 8], [27, 9], [28, 9], [29, 10]]
[[20, 5], [20, 6], [20, 7], [21, 6], [22, 7], [23, 7], [24, 8], [25, 9], [26, 10], [27, 10], [28, 11], [29, 10]]
[[20, 5], [21, 4], [20, 4], [21, 4], [22, 5], [21, 6], [22, 5], [23, 5], [24, 6], [25, 6], [26, 7], [27, 8], [28, 9], [29, 10]]
[[20, 5], [19, 6], [20, 7], [21, 8], [22, 7], [23, 8], [24, 9], [25, 10], [26, 10], [27, 11], [28, 12], [28, 13], [28, 14], [27, 14], [28, 13], [27, 13], [27, 12], [27, 13], [27, 12], [28, 11], [29, 10]]
[[20, 5], [20, 6], [21, 7], [22, 6], [21, 7], [22, 6], [22, 7], [23, 8], [24, 9], [23, 10], [22, 10], [21, 10], [21, 9], [22, 10], [23, 11], [24, 12], [23, 13], [23, 14], [22, 14], [21, 13], [21, 14], [20, 14], [21, 13], [20, 14], [19, 15], [18, 16], [18, 15], [19, 15], [18, 16], [19, 15], [20, 16], [19, 17], [20, 16], [21, 15], [21, 16], [22, 16], [23, 15], [22, 15], [23, 15], [22, 16], [23, 16], [24, 17], [25, 17], [25, 18], [25, 17], [26, 17], [25, 17], [25, 16], [24, 17], [25, 16], [25, 15], [26, 16], [26, 15], [26, 14], [27, 14], [28, 13], [28, 12], [29, 11], [28, 10], [29, 10], [29, 9], [29, 10]]
[[20, 5], [21, 4], [22, 4], [22, 3], [21, 3], [21, 2], [20, 1], [19, 2], [19, 1], [18, 1], [17, 2], [16, 3], [17, 4], [17, 5], [17, 4], [18, 4], [17, 5], [17, 6], [17, 7], [17, 8], [16, 8], [16, 9], [17, 8], [16, 8], [16, 9], [15, 10], [16, 11], [15, 12], [15, 13], [16, 13], [17, 13], [18, 14], [19, 13], [18, 13], [17, 13], [16, 12], [16, 11], [17, 10], [18, 11], [19, 12], [20, 13], [19, 12], [20, 13], [19, 13], [20, 14], [21, 15], [20, 15], [19, 16], [18, 16], [19, 17], [18, 17], [17, 17], [17, 16], [16, 16], [16, 17], [15, 18], [14, 17], [15, 18], [15, 17], [16, 18], [17, 19], [17, 18], [18, 18], [19, 18], [20, 18], [21, 19], [21, 18], [22, 18], [21, 19], [22, 18], [23, 17], [24, 17], [24, 16], [23, 16], [23, 15], [24, 15], [25, 15], [26, 14], [25, 13], [26, 12], [26, 11], [26, 10], [26, 11], [27, 10], [28, 10], [29, 10]]
[[20, 5], [21, 6], [22, 6], [23, 6], [23, 7], [23, 8], [24, 9], [23, 10], [23, 9], [22, 8], [22, 7], [21, 8], [20, 9], [21, 9], [20, 10], [20, 11], [21, 10], [22, 9], [22, 10], [21, 11], [22, 11], [23, 12], [24, 11], [24, 12], [24, 13], [25, 14], [24, 14], [23, 14], [23, 13], [22, 13], [21, 13], [20, 13], [21, 14], [20, 15], [19, 15], [18, 15], [19, 14], [18, 14], [17, 14], [16, 14], [16, 15], [15, 15], [15, 14], [14, 13], [13, 12], [12, 13], [11, 13], [10, 12], [9, 13], [8, 12], [7, 13], [8, 14], [7, 15], [6, 14], [5, 14], [4, 14], [5, 15], [6, 15], [5, 16], [4, 16], [4, 15], [3, 16], [2, 17], [2, 16], [3, 15], [2, 14], [2, 13], [3, 13], [4, 12], [3, 11], [2, 12], [2, 11], [1, 11], [2, 10], [1, 10], [2, 9], [1, 8], [1, 7], [1, 6], [2, 5], [3, 5], [3, 4], [3, 3], [4, 2], [5, 2], [5, 3], [4, 4], [4, 5], [5, 6], [6, 6], [7, 6], [6, 5], [5, 5], [5, 4], [4, 3], [3, 2], [2, 1], [1, 2], [1, 1], [2, 0], [3, 0], [4, 1], [4, 0], [5, 0], [5, 1], [6, 2], [7, 1], [6, 0], [6, 1], [7, 2], [8, 1], [9, 1], [10, 2], [11, 3], [12, 4], [12, 5], [11, 5], [10, 4], [9, 4], [8, 5], [9, 6], [10, 5], [11, 6], [12, 7], [13, 8], [12, 9], [13, 10], [14, 10], [15, 11], [14, 11], [15, 12], [16, 11], [17, 12], [17, 13], [18, 13], [19, 13], [20, 12], [19, 12], [20, 11], [21, 11], [22, 11], [23, 10], [22, 9], [23, 8], [23, 9], [22, 10], [21, 10], [20, 10], [21, 9], [21, 8], [20, 8], [20, 7], [20, 6], [21, 6], [22, 6], [23, 7], [24, 8], [25, 7], [26, 6], [26, 5], [25, 5], [25, 6], [24, 5], [23, 6], [24, 6], [24, 7], [25, 8], [24, 9], [25, 10], [24, 11], [24, 12], [23, 11], [23, 12], [22, 13], [22, 14], [22, 15], [22, 16], [23, 17], [22, 17], [22, 18], [23, 18], [24, 18], [23, 19], [24, 19], [25, 19], [25, 18], [26, 18], [27, 19], [28, 19], [29, 18], [28, 18], [27, 17], [26, 16], [25, 17], [25, 16], [24, 16], [24, 15], [23, 16], [23, 15], [23, 14], [24, 14], [25, 13], [24, 13], [25, 12], [26, 11], [27, 11], [28, 12], [28, 11], [27, 10], [27, 9], [27, 8], [26, 7], [26, 8], [27, 7], [28, 7], [29, 7], [28, 8], [28, 9], [28, 10], [29, 11], [29, 10]]
