[[15, 12], [14, 11], [13, 10], [12, 9], [13, 8], [13, 7], [12, 6], [11, 5], [10, 4], [10, 3], [9, 2]]
[[15, 12], [14, 11], [13, 10], [12, 9], [11, 8], [11, 7], [10, 6], [10, 5], [9, 4], [8, 3], [9, 2]]
[[15, 12], [14, 11], [13, 10], [12, 9], [11, 8], [10, 7], [9, 6], [10, 5], [9, 4], [10, 3], [9, 2]]
[[15, 12], [14, 11], [13, 10], [12, 9], [13, 8], [13, 7], [12, 6], [11, 5], [10, 4], [10, 3], [9, 2]]
[[15, 12], [14, 11], [13, 10], [12, 9], [13, 8], [13, 7], [12, 6], [11, 5], [10, 4], [9, 3], [9, 2]]
[[15, 12], [14, 11], [13, 10], [12, 9], [11, 8], [11, 7], [10, 6], [9, 5], [8, 4], [9, 3], [9, 2]]
[[15, 12], [14, 11], [13, 10], [12, 9], [11, 8], [11, 7], [10, 6], [9, 5], [8, 4], [9, 3], [9, 2]]
[[15, 12], [14, 11], [13, 10], [12, 9], [13, 8], [12, 7], [12, 6], [11, 5], [10, 4], [9, 3], [9, 2]]
[[15, 12], [14, 11], [13, 10], [12, 9], [11, 8], [12, 7], [12, 6], [11, 5], [10, 4], [10, 3], [9, 2]]
[[15, 12], [14, 11], [13, 10], [12, 9], [13, 8], [13, 7], [12, 6], [11, 5], [10, 4], [9, 3], [9, 2]]
[[15, 12], [14, 11], [13, 10], [12, 9], [11, 8], [10, 7], [10, 6], [9, 5], [9, 4], [9, 3], [9, 2]]
[[15, 12], [14, 11], [13, 10], [12, 9], [11, 8], [10, 7], [10, 6], [9, 5], [8, 4], [9, 3], [9, 2]]
[[15, 12], [14, 11], [13, 10], [12, 9], [11, 8], [11, 7], [10, 6], [9, 5], [10, 4], [10, 3], [9, 2]]
[[15, 12], [14, 11], [13, 10], [12, 9], [11, 8], [10, 8], [10, 7], [10, 6], [9, 5], [8, 4], [9, 3], [9, 2]]
[[15, 12], [16, 11], [17, 10], [16, 9], [15, 8], [14, 7], [13, 6], [13, 5], [12, 4], [11, 3], [10, 2], [9, 2]]
[[15, 12], [16, 11], [17, 10], [16, 9], [15, 8], [14, 7], [13, 6], [12, 5], [12, 4], [11, 3], [10, 2], [9, 2]]
[[15, 12], [14, 11], [15, 10], [15, 9], [14, 9], [13, 8], [12, 7], [12, 6], [12, 5], [11, 5], [10, 4], [9, 3], [9, 2]]
[[15, 12], [14, 11], [13, 10], [12, 11], [12, 10], [11, 9], [11, 8], [10, 8], [11, 7], [10, 6], [11, 5], [10, 4], [10, 3], [9, 2]]
[[15, 12], [14, 11], [13, 10], [12, 9], [11, 9], [11, 8], [11, 7], [10, 6], [10, 5], [10, 6], [10, 5], [10, 4], [9, 3], [9, 2]]
[[15, 12], [14, 11], [13, 10], [12, 11], [12, 10], [11, 9], [10, 8], [9, 7], [9, 6], [9, 5], [8, 4], [7, 3], [8, 3], [9, 2]]
