[[24, 17], [23, 17], [22, 16], [21, 15], [20, 14], [19, 15], [18, 14], [17, 13], [16, 12], [15, 11], [14, 12], [13, 13], [12, 14], [11, 14]]
[[24, 17], [23, 16], [22, 15], [21, 15], [20, 14], [19, 15], [18, 14], [17, 13], [16, 13], [15, 12], [14, 11], [13, 12], [12, 13], [11, 14]]
[[24, 17], [23, 16], [22, 15], [21, 15], [20, 14], [19, 14], [18, 13], [17, 12], [16, 13], [15, 12], [14, 13], [13, 12], [12, 13], [11, 14]]
[[24, 17], [23, 16], [22, 16], [21, 15], [20, 14], [19, 13], [18, 13], [17, 14], [16, 13], [15, 12], [14, 12], [13, 12], [12, 13], [11, 14]]
[[24, 17], [23, 17], [22, 16], [21, 15], [20, 14], [19, 15], [18, 14], [17, 13], [16, 12], [15, 11], [14, 12], [13, 13], [12, 14], [11, 14]]
[[24, 17], [23, 16], [22, 16], [21, 15], [20, 14], [19, 14], [18, 14], [17, 14], [16, 13], [15, 12], [14, 13], [13, 13], [12, 14], [11, 14]]
[[24, 17], [23, 16], [22, 16], [21, 15], [20, 14], [19, 13], [18, 13], [17, 14], [16, 13], [15, 12], [14, 12], [13, 12], [12, 13], [11, 14]]
[[24, 17], [23, 18], [22, 19], [21, 19], [20, 19], [19, 19], [18, 19], [17, 19], [16, 19], [15, 18], [14, 17], [13, 16], [12, 16], [11, 15], [11, 14]]
[[24, 17], [23, 17], [22, 17], [21, 18], [20, 18], [19, 18], [18, 17], [17, 18], [16, 19], [15, 19], [14, 18], [13, 17], [12, 16], [11, 15], [11, 14]]
[[24, 17], [23, 18], [22, 18], [21, 19], [20, 18], [19, 17], [18, 17], [17, 18], [16, 19], [15, 18], [14, 17], [13, 17], [12, 16], [11, 15], [11, 14]]
[[24, 17], [23, 18], [22, 18], [21, 19], [20, 18], [19, 17], [18, 18], [17, 18], [16, 19], [15, 18], [14, 17], [13, 16], [12, 16], [11, 15], [11, 14]]
[[24, 17], [23, 16], [22, 17], [21, 18], [20, 18], [19, 18], [18, 18], [17, 19], [16, 19], [15, 18], [14, 17], [13, 16], [12, 16], [11, 15], [11, 14]]
[[24, 17], [23, 18], [22, 17], [21, 18], [20, 18], [19, 17], [18, 18], [17, 19], [16, 19], [15, 18], [14, 17], [13, 17], [12, 16], [11, 15], [11, 14]]
[[24, 17], [23, 18], [22, 19], [21, 19], [20, 19], [19, 19], [18, 18], [17, 19], [16, 19], [15, 18], [14, 17], [13, 16], [12, 16], [11, 15], [11, 14]]
[[24, 17], [23, 17], [22, 16], [21, 15], [20, 14], [20, 13], [19, 13], [18, 12], [17, 12], [16, 13], [15, 12], [14, 12], [13, 12], [13, 13], [12, 13], [11, 14]]
[[24, 17], [23, 17], [22, 18], [21, 17], [20, 16], [19, 15], [19, 14], [18, 14], [17, 13], [16, 13], [15, 12], [14, 12], [13, 13], [12, 13], [12, 14], [11, 14]]
[[24, 17], [23, 17], [22, 16], [21, 15], [20, 14], [19, 13], [18, 13], [17, 12], [16, 12], [16, 13], [15, 12], [14, 13], [13, 12], [13, 13], [12, 14], [11, 14]]
[[24, 17], [23, 16], [22, 16], [22, 17], [21, 17], [20, 16], [19, 15], [19, 14], [18, 13], [17, 12], [16, 12], [15, 11], [14, 12], [13, 12], [12, 13], [11, 14]]
[[24, 17], [23, 18], [22, 17], [21, 17], [20, 16], [19, 17], [18, 16], [17, 15], [17, 14], [16, 14], [15, 15], [14, 16], [15, 16], [14, 17], [13, 16], [14, 16], [13, 16], [13, 15], [13, 14], [12, 14], [11, 14]]
[[24, 17], [23, 18], [22, 18], [23, 19], [22, 19], [22, 18], [21, 18], [21, 19], [22, 19], [21, 18], [20, 18], [19, 18], [18, 19], [17, 18], [16, 19], [15, 19], [15, 18], [14, 17], [14, 18], [13, 18], [14, 17], [13, 18], [12, 19], [11, 19], [11, 18], [12, 17], [13, 16], [12, 16], [11, 15], [11, 14]]
