[[14, 9], [13, 8], [12, 7], [11, 6], [10, 5]]
[[14, 9], [13, 8], [12, 7], [11, 6], [10, 5]]
[[14, 9], [13, 8], [12, 7], [11, 6], [10, 5]]
[[14, 9], [13, 8], [12, 7], [11, 6], [10, 5]]
[[14, 9], [13, 8], [12, 7], [11, 6], [10, 5]]
[[14, 9], [13, 8], [12, 7], [11, 6], [10, 5]]
[[14, 9], [13, 8], [12, 7], [11, 6], [10, 5]]
[[14, 9], [13, 8], [12, 7], [11, 6], [10, 5]]
[[14, 9], [13, 8], [12, 7], [11, 6], [10, 5]]
[[14, 9], [13, 8], [12, 7], [11, 6], [10, 5]]
[[14, 9], [13, 8], [12, 7], [11, 6], [10, 5]]
[[14, 9], [13, 8], [12, 7], [11, 6], [10, 5]]
[[14, 9], [13, 8], [12, 7], [11, 6], [10, 5]]
[[14, 9], [14, 8], [14, 7], [14, 6], [13, 6], [12, 7], [11, 8], [10, 8], [10, 7], [10, 6], [10, 5]]
[[14, 9], [13, 9], [12, 8], [12, 7], [11, 7], [11, 8], [12, 9], [11, 8], [12, 7], [11, 6], [10, 5], [11, 5], [11, 6], [10, 5]]
[[14, 9], [13, 8], [13, 9], [12, 8], [11, 7], [11, 8], [11, 9], [10, 8], [9, 8], [10, 7], [9, 7], [8, 7], [7, 7], [8, 6], [9, 6], [10, 5]]
[[14, 9], [13, 10], [14, 10], [13, 10], [12, 10], [11, 9], [10, 8], [9, 7], [8, 6], [8, 7], [7, 6], [6, 5], [5, 4], [6, 3], [5, 2], [6, 2], [7, 3], [7, 4], [8, 3], [7, 2], [7, 3], [8, 2], [7, 1], [8, 0], [7, 1], [6, 1], [6, 2], [7, 2], [6, 1], [5, 1], [4, 0], [5, 1], [4, 2], [3, 2], [2, 1], [3, 0], [2, 1], [1, 1], [0, 2], [1, 3], [0, 2], [1, 3], [2, 3], [3, 4], [3, 5], [3, 6], [4, 5], [5, 6], [4, 5], [3, 4], [2, 4], [1, 3], [1, 4], [0, 5], [1, 6], [2, 7], [2, 8], [1, 9], [0, 9], [1, 10], [1, 11], [0, 11], [1, 11], [1, 12], [2, 13], [3, 14], [3, 15], [2, 15], [3, 14], [2, 14], [2, 15], [2, 14], [1, 14], [1, 13], [0, 14], [0, 15], [0, 16], [1, 17], [2, 18], [2, 19], [1, 19], [2, 18], [3, 17], [4, 17], [3, 18], [4, 18], [3, 18], [4, 17], [4, 16], [3, 17], [3, 16], [4, 15], [4, 16], [5, 15], [6, 15], [5, 16], [5, 17], [6, 18], [6, 19], [7, 18], [8, 19], [7, 19], [8, 19], [8, 18], [9, 19], [10, 18], [11, 18], [10, 17], [11, 18], [12, 19], [13, 18], [13, 17], [12, 16], [13, 17], [12, 16], [12, 15], [11, 14], [12, 14], [11, 15], [10, 15], [9, 16], [8, 16], [7, 16], [7, 17], [8, 16], [9, 16], [10, 15], [11, 15], [10, 14], [9, 13], [8, 14], [8, 13], [7, 12], [7, 11], [6, 12], [5, 12], [4, 11], [4, 12], [5, 12], [5, 11], [4, 12], [3, 11], [3, 10], [2, 10], [2, 9], [3, 9], [4, 10], [4, 9], [5, 10], [6, 11], [7, 10], [7, 11], [8, 12], [8, 11], [9, 11], [10, 11], [11, 12], [12, 13], [11, 12], [10, 13], [10, 12], [10, 11], [11, 10], [10, 9], [10, 8], [11, 7], [10, 8], [11, 7], [10, 7], [11, 6], [10, 5]]
