[[12, 17], [11, 16], [10, 15], [9, 14], [8, 13], [7, 12], [7, 11], [7, 10], [6, 9], [5, 8], [4, 7], [3, 6], [2, 5], [2, 4]]
[[12, 17], [11, 16], [10, 15], [9, 14], [8, 13], [7, 12], [6, 11], [5, 10], [4, 9], [5, 8], [4, 7], [3, 6], [2, 5], [2, 4]]
[[12, 17], [11, 16], [10, 15], [9, 14], [9, 13], [8, 12], [8, 11], [7, 10], [6, 9], [5, 8], [4, 7], [3, 6], [2, 5], [2, 4]]
[[12, 17], [11, 16], [10, 15], [9, 14], [8, 13], [7, 12], [7, 11], [7, 10], [6, 9], [5, 8], [4, 7], [3, 6], [2, 5], [2, 4]]
[[12, 17], [11, 16], [10, 15], [9, 14], [8, 13], [7, 12], [6, 11], [6, 10], [5, 9], [4, 8], [3, 7], [2, 6], [1, 5], [2, 4]]
[[12, 17], [11, 16], [10, 15], [9, 14], [8, 13], [7, 12], [6, 11], [5, 10], [6, 9], [5, 8], [4, 7], [3, 6], [2, 5], [2, 4]]
[[12, 17], [11, 16], [10, 15], [9, 14], [9, 13], [8, 12], [8, 11], [7, 10], [6, 9], [5, 8], [4, 7], [3, 6], [2, 5], [2, 4]]
[[12, 17], [11, 16], [11, 15], [10, 14], [9, 13], [8, 12], [7, 11], [7, 10], [6, 9], [5, 8], [4, 7], [3, 6], [2, 5], [2, 4]]
[[12, 17], [11, 16], [10, 15], [9, 14], [8, 13], [7, 12], [8, 11], [7, 10], [6, 9], [5, 8], [4, 7], [3, 6], [2, 5], [2, 4]]
[[12, 17], [11, 16], [10, 15], [9, 14], [8, 13], [7, 12], [6, 11], [5, 10], [4, 9], [3, 8], [3, 7], [3, 6], [2, 5], [2, 4]]
[[12, 17], [11, 16], [10, 15], [9, 14], [8, 13], [7, 12], [7, 11], [6, 10], [5, 9], [4, 8], [4, 7], [3, 6], [2, 5], [2, 4]]
[[12, 17], [11, 16], [10, 15], [9, 14], [8, 13], [7, 12], [7, 11], [6, 10], [5, 9], [4, 8], [4, 7], [3, 6], [2, 5], [2, 4]]
[[12, 17], [11, 16], [10, 15], [9, 14], [8, 13], [8, 12], [7, 11], [6, 10], [5, 9], [4, 8], [3, 7], [2, 6], [2, 5], [2, 4]]
[[12, 17], [11, 16], [10, 15], [9, 14], [9, 13], [8, 12], [7, 11], [7, 10], [6, 9], [7, 8], [6, 7], [5, 6], [4, 5], [3, 4], [2, 4]]
[[12, 17], [11, 16], [10, 15], [9, 14], [8, 13], [8, 12], [7, 11], [6, 10], [5, 9], [4, 8], [3, 7], [3, 6], [2, 5], [1, 5], [2, 4]]
[[12, 17], [11, 16], [10, 15], [9, 14], [8, 13], [7, 12], [6, 11], [6, 10], [5, 9], [6, 8], [6, 7], [5, 6], [4, 5], [3, 4], [2, 4]]
[[12, 17], [11, 16], [10, 15], [9, 14], [8, 13], [8, 12], [7, 11], [6, 10], [7, 9], [6, 8], [6, 7], [5, 6], [4, 5], [3, 4], [2, 4]]
[[12, 17], [12, 16], [11, 15], [10, 14], [9, 13], [8, 12], [7, 11], [6, 10], [5, 9], [4, 8], [3, 7], [2, 6], [1, 5], [2, 5], [2, 4]]
[[12, 17], [11, 16], [11, 15], [10, 14], [9, 13], [8, 12], [7, 11], [6, 10], [5, 9], [6, 8], [5, 7], [5, 6], [4, 5], [3, 4], [2, 4]]
[[12, 17], [11, 16], [11, 15], [10, 15], [9, 14], [8, 13], [9, 13], [8, 12], [8, 11], [7, 10], [6, 9], [5, 8], [4, 7], [3, 6], [2, 5], [1, 5], [2, 4]]
