[[23, 6], [22, 5], [21, 6], [20, 7], [19, 7], [18, 7], [17, 7], [16, 8], [15, 7], [14, 7], [13, 7], [12, 7], [11, 7], [10, 8], [9, 8], [8, 9]]
[[23, 6], [22, 5], [21, 6], [20, 7], [19, 7], [18, 7], [17, 7], [16, 8], [15, 7], [14, 7], [13, 8], [12, 7], [11, 6], [10, 7], [9, 8], [8, 9]]
[[23, 6], [22, 7], [21, 6], [20, 7], [19, 8], [18, 7], [17, 8], [16, 7], [15, 6], [14, 7], [13, 7], [12, 7], [11, 8], [10, 8], [9, 9], [8, 9]]
[[23, 6], [22, 5], [21, 6], [20, 5], [19, 5], [18, 5], [17, 5], [16, 5], [15, 6], [14, 5], [13, 6], [12, 6], [11, 7], [10, 8], [9, 9], [8, 9]]
[[23, 6], [22, 5], [21, 6], [20, 7], [19, 7], [18, 7], [17, 7], [16, 8], [15, 7], [14, 7], [13, 7], [12, 7], [11, 7], [10, 8], [9, 8], [8, 9]]
[[23, 6], [22, 7], [21, 8], [20, 8], [19, 7], [18, 7], [17, 7], [16, 6], [15, 7], [14, 7], [13, 7], [12, 8], [11, 8], [10, 9], [9, 9], [8, 9]]
[[23, 6], [22, 7], [21, 6], [20, 5], [19, 5], [18, 6], [17, 7], [16, 6], [15, 6], [14, 5], [13, 5], [12, 6], [11, 6], [10, 7], [9, 8], [8, 9]]
[[23, 6], [22, 5], [21, 6], [20, 5], [19, 6], [18, 5], [17, 5], [16, 5], [15, 6], [14, 5], [13, 5], [12, 6], [11, 7], [10, 8], [9, 9], [8, 9]]
[[23, 6], [22, 6], [21, 6], [20, 5], [19, 4], [18, 5], [17, 5], [16, 6], [15, 6], [14, 7], [13, 8], [12, 7], [11, 6], [10, 7], [9, 8], [8, 9]]
[[23, 6], [22, 5], [21, 4], [20, 4], [19, 4], [18, 5], [17, 4], [16, 5], [15, 6], [14, 7], [13, 6], [12, 6], [11, 6], [10, 7], [9, 8], [8, 9]]
[[23, 6], [22, 7], [21, 8], [20, 9], [19, 8], [18, 7], [17, 8], [16, 8], [15, 7], [14, 7], [13, 7], [12, 7], [11, 8], [10, 8], [9, 9], [8, 9]]
[[23, 6], [22, 5], [21, 6], [20, 7], [19, 8], [18, 9], [17, 8], [16, 8], [15, 7], [14, 6], [13, 6], [12, 7], [11, 7], [10, 8], [9, 9], [8, 9]]
[[23, 6], [22, 7], [21, 6], [20, 5], [19, 4], [18, 5], [17, 5], [16, 6], [15, 6], [14, 7], [13, 8], [12, 8], [11, 8], [10, 9], [9, 8], [8, 9]]
[[23, 6], [22, 5], [21, 6], [20, 7], [19, 8], [18, 7], [17, 7], [16, 7], [15, 7], [14, 6], [13, 6], [12, 6], [11, 7], [10, 7], [9, 8], [8, 9]]
[[23, 6], [22, 7], [21, 6], [20, 7], [19, 6], [18, 7], [17, 8], [16, 8], [15, 7], [14, 8], [13, 7], [12, 8], [11, 9], [10, 9], [11, 9], [10, 8], [9, 8], [8, 9]]
[[23, 6], [22, 7], [21, 6], [20, 7], [19, 7], [18, 7], [17, 8], [16, 8], [15, 7], [14, 8], [13, 7], [12, 8], [11, 7], [10, 7], [9, 8], [9, 9], [9, 8], [9, 9], [8, 9]]
[[23, 6], [22, 5], [21, 6], [21, 5], [20, 5], [19, 6], [18, 7], [17, 8], [16, 8], [15, 7], [14, 6], [13, 7], [12, 6], [11, 7], [10, 7], [9, 8], [9, 9], [9, 8], [8, 9]]
[[23, 6], [22, 5], [21, 5], [20, 5], [21, 5], [20, 5], [19, 6], [18, 7], [19, 6], [18, 6], [17, 7], [16, 7], [15, 6], [14, 7], [13, 7], [12, 8], [11, 9], [10, 9], [9, 9], [8, 9]]
[[23, 6], [22, 6], [21, 5], [20, 4], [19, 5], [20, 5], [19, 5], [18, 6], [18, 7], [17, 8], [16, 7], [15, 6], [14, 7], [13, 7], [12, 7], [11, 7], [10, 8], [10, 9], [9, 8], [8, 9]]
[[23, 6], [22, 6], [21, 5], [20, 5], [19, 6], [18, 7], [17, 7], [18, 6], [17, 5], [16, 6], [15, 7], [15, 6], [16, 7], [15, 6], [14, 5], [13, 5], [12, 6], [11, 6], [10, 7], [10, 8], [9, 9], [8, 9]]
