[[8, 13], [9, 14], [10, 15], [11, 14], [12, 14], [13, 15], [14, 16], [15, 17], [16, 18], [17, 18], [18, 17], [19, 17], [20, 17], [21, 17], [22, 18], [23, 18]]
[[8, 13], [9, 14], [10, 15], [11, 16], [12, 17], [13, 18], [14, 19], [15, 19], [16, 19], [17, 19], [18, 18], [19, 18], [20, 17], [21, 18], [22, 18], [23, 18]]
[[8, 13], [9, 14], [10, 15], [11, 16], [12, 17], [13, 16], [14, 17], [15, 18], [16, 17], [17, 17], [18, 17], [19, 16], [20, 17], [21, 18], [22, 17], [23, 18]]
[[8, 13], [9, 14], [10, 15], [11, 15], [12, 15], [13, 15], [14, 16], [15, 17], [16, 18], [17, 19], [18, 18], [19, 17], [20, 16], [21, 17], [22, 17], [23, 18]]
[[8, 13], [9, 14], [10, 15], [11, 16], [12, 17], [13, 17], [14, 17], [15, 18], [16, 17], [17, 17], [18, 17], [19, 17], [20, 17], [21, 18], [22, 18], [23, 18]]
[[8, 13], [9, 14], [10, 15], [11, 16], [12, 16], [13, 17], [14, 17], [15, 18], [16, 19], [17, 18], [18, 18], [19, 17], [20, 16], [21, 17], [22, 17], [23, 18]]
[[8, 13], [9, 14], [10, 15], [11, 14], [12, 15], [13, 16], [14, 17], [15, 17], [16, 17], [17, 17], [18, 18], [19, 17], [20, 17], [21, 18], [22, 18], [23, 18]]
[[8, 13], [9, 14], [10, 15], [11, 16], [12, 15], [13, 16], [14, 17], [15, 17], [16, 16], [17, 17], [18, 17], [19, 18], [20, 17], [21, 17], [22, 17], [23, 18]]
[[8, 13], [9, 13], [10, 13], [11, 14], [12, 14], [13, 15], [14, 16], [15, 17], [16, 18], [17, 18], [18, 17], [19, 18], [20, 19], [21, 18], [22, 19], [23, 18]]
[[8, 13], [9, 14], [10, 15], [11, 14], [12, 15], [13, 16], [14, 17], [15, 18], [16, 18], [17, 18], [18, 19], [19, 18], [20, 18], [21, 19], [22, 18], [23, 18]]
[[8, 13], [9, 14], [10, 15], [11, 14], [12, 14], [13, 15], [14, 16], [15, 17], [16, 18], [17, 18], [18, 17], [19, 17], [20, 17], [21, 17], [22, 18], [23, 18]]
[[8, 13], [9, 14], [10, 15], [11, 16], [12, 17], [13, 18], [14, 18], [15, 19], [16, 18], [17, 19], [18, 18], [19, 17], [20, 18], [21, 18], [22, 18], [23, 18]]
[[8, 13], [9, 14], [10, 15], [11, 16], [12, 17], [13, 18], [14, 18], [15, 18], [16, 18], [17, 18], [18, 18], [19, 17], [20, 18], [21, 19], [22, 19], [23, 18]]
[[8, 13], [9, 12], [10, 13], [11, 14], [12, 15], [13, 15], [14, 16], [15, 17], [16, 18], [17, 19], [18, 18], [19, 18], [20, 17], [21, 17], [22, 18], [23, 18]]
[[8, 13], [9, 12], [10, 13], [11, 14], [12, 14], [12, 15], [12, 16], [13, 17], [14, 16], [15, 17], [16, 17], [17, 18], [18, 19], [19, 18], [20, 19], [21, 18], [22, 17], [23, 18]]
[[8, 13], [9, 14], [10, 15], [11, 14], [12, 15], [13, 16], [14, 17], [15, 16], [14, 17], [15, 18], [16, 19], [17, 19], [18, 18], [19, 19], [20, 19], [21, 19], [22, 19], [23, 18]]
[[8, 13], [9, 14], [10, 13], [11, 14], [11, 15], [12, 15], [13, 16], [13, 17], [14, 16], [13, 16], [14, 15], [15, 16], [16, 17], [17, 18], [16, 18], [17, 17], [18, 18], [19, 19], [20, 18], [21, 17], [22, 17], [23, 18]]
[[8, 13], [7, 12], [8, 11], [9, 12], [10, 12], [11, 11], [12, 12], [13, 12], [14, 12], [15, 11], [16, 12], [16, 13], [17, 13], [16, 14], [17, 14], [18, 15], [19, 15], [20, 16], [19, 16], [18, 17], [17, 17], [17, 18], [16, 18], [15, 17], [15, 18], [14, 19], [14, 18], [15, 19], [16, 19], [17, 19], [18, 18], [18, 19], [19, 18], [20, 18], [20, 19], [21, 19], [22, 18], [22, 17], [23, 16], [22, 16], [23, 15], [24, 15], [25, 14], [24, 14], [23, 14], [23, 13], [22, 14], [21, 15], [20, 14], [20, 15], [19, 15], [18, 15], [17, 15], [16, 16], [15, 17], [15, 16], [16, 17], [17, 18], [18, 17], [19, 17], [20, 16], [21, 16], [20, 17], [21, 17], [21, 18], [22, 19], [23, 19], [23, 18]]
[[8, 13], [7, 13], [6, 14], [5, 15], [6, 14], [5, 15], [5, 14], [6, 15], [5, 15], [6, 15], [5, 15], [4, 15], [3, 15], [2, 14], [1, 13], [2, 14], [1, 14], [1, 15], [0, 16], [1, 17], [1, 18], [1, 19], [2, 18], [2, 19], [2, 18], [3, 17], [3, 16], [4, 16], [4, 17], [4, 18], [5, 19], [4, 19], [5, 18], [6, 18], [5, 19], [6, 19], [7, 19], [7, 18], [8, 18], [8, 19], [8, 18], [7, 18], [8, 17], [8, 16], [8, 15], [8, 16], [9, 16], [10, 16], [11, 16], [10, 16], [11, 15], [11, 14], [12, 15], [12, 14], [12, 15], [12, 14], [13, 13], [13, 14], [14, 13], [15, 12], [14, 11], [15, 10], [16, 11], [17, 12], [16, 11], [15, 10], [16, 10], [16, 9], [15, 8], [14, 7], [13, 8], [13, 7], [14, 7], [15, 7], [15, 6], [16, 6], [15, 6], [14, 5], [15, 4], [16, 4], [17, 3], [16, 2], [16, 1], [15, 0], [16, 1], [16, 2], [17, 2], [17, 1], [18, 1], [19, 1], [20, 2], [19, 2], [20, 2], [21, 1], [22, 0], [23, 0], [22, 0], [21, 1], [21, 2], [22, 3], [23, 3], [23, 4], [22, 4], [21, 5], [21, 6], [20, 5], [21, 4], [22, 5], [21, 6], [22, 6], [22, 7], [23, 7], [24, 8], [24, 9], [23, 8], [22, 9], [21, 8], [20, 7], [19, 7], [18, 8], [19, 8], [20, 9], [19, 10], [18, 11], [17, 10], [18, 11], [17, 12], [18, 12], [17, 13], [17, 12], [18, 13], [19, 14], [20, 15], [20, 16], [21, 16], [21, 17], [22, 18], [23, 18], [22, 19], [23, 19], [23, 18]]
