[[11, 10], [11, 11], [12, 12], [13, 13], [13, 14], [13, 15], [14, 16], [13, 17]]
[[11, 10], [11, 11], [12, 12], [13, 13], [13, 14], [14, 15], [14, 16], [13, 17]]
[[11, 10], [12, 11], [13, 12], [13, 13], [13, 14], [14, 15], [14, 16], [13, 17]]
[[11, 10], [11, 11], [12, 12], [13, 13], [13, 14], [13, 15], [14, 16], [13, 17]]
[[11, 10], [11, 11], [12, 12], [13, 13], [14, 14], [14, 15], [13, 16], [13, 17]]
[[11, 10], [11, 11], [11, 12], [12, 13], [13, 14], [13, 15], [13, 16], [13, 17]]
[[11, 10], [10, 11], [11, 12], [12, 13], [12, 14], [12, 15], [13, 16], [13, 17]]
[[11, 10], [11, 11], [10, 12], [11, 13], [11, 14], [12, 15], [13, 16], [13, 17]]
[[11, 10], [12, 11], [13, 12], [12, 13], [13, 14], [13, 15], [12, 16], [13, 17]]
[[11, 10], [12, 11], [13, 12], [14, 13], [15, 14], [14, 15], [14, 16], [13, 17]]
[[11, 10], [10, 11], [10, 12], [9, 13], [10, 13], [11, 14], [12, 15], [12, 16], [13, 17]]
[[11, 10], [11, 9], [12, 10], [11, 10], [12, 11], [13, 12], [13, 13], [13, 14], [12, 15], [13, 15], [13, 16], [13, 17]]
[[11, 10], [10, 11], [9, 12], [10, 12], [10, 13], [11, 13], [11, 14], [12, 15], [13, 16], [12, 15], [13, 16], [13, 17]]
[[11, 10], [10, 11], [10, 12], [9, 12], [9, 13], [8, 14], [9, 15], [9, 14], [10, 15], [11, 16], [10, 15], [11, 14], [12, 14], [13, 14], [14, 15], [13, 15], [12, 15], [12, 16], [13, 17]]
