[[29, 11], [28, 10], [27, 9], [26, 8], [26, 7], [25, 6], [24, 5], [23, 4]]
[[29, 11], [28, 10], [27, 9], [26, 8], [26, 7], [25, 6], [24, 5], [23, 4]]
[[29, 11], [28, 10], [27, 9], [27, 8], [26, 7], [25, 6], [24, 5], [23, 4]]
[[29, 11], [28, 10], [27, 9], [26, 8], [25, 7], [24, 6], [24, 5], [23, 4]]
[[29, 11], [28, 10], [27, 9], [26, 8], [26, 7], [25, 6], [24, 5], [23, 4]]
[[29, 11], [28, 10], [27, 9], [26, 8], [25, 7], [24, 6], [23, 5], [23, 4]]
[[29, 11], [28, 10], [27, 9], [26, 8], [26, 7], [25, 6], [24, 5], [23, 4]]
[[29, 11], [28, 10], [27, 9], [27, 8], [26, 7], [25, 6], [24, 5], [23, 4]]
[[29, 11], [28, 10], [27, 9], [26, 8], [25, 7], [24, 6], [23, 5], [23, 4]]
[[29, 11], [28, 10], [27, 9], [26, 8], [25, 7], [24, 6], [23, 5], [23, 4]]
[[29, 11], [28, 10], [27, 9], [27, 8], [26, 7], [25, 6], [24, 5], [23, 4]]
[[29, 11], [28, 11], [27, 10], [26, 9], [25, 8], [25, 7], [25, 6], [25, 5], [24, 6], [24, 5], [23, 4]]
[[29, 11], [28, 10], [27, 9], [26, 8], [27, 8], [27, 9], [26, 8], [25, 7], [25, 6], [24, 5], [23, 4]]
[[29, 11], [28, 10], [29, 9], [28, 8], [29, 8], [29, 7], [28, 7], [27, 6], [26, 5], [27, 4], [27, 3], [26, 4], [26, 3], [25, 4], [24, 4], [23, 4]]
[[29, 11], [28, 10], [29, 10], [28, 9], [29, 8], [28, 7], [27, 6], [26, 6], [26, 7], [27, 8], [26, 9], [25, 9], [24, 10], [24, 9], [24, 8], [25, 8], [24, 7], [23, 7], [24, 6], [24, 5], [23, 4]]
[[29, 11], [29, 10], [28, 9], [29, 9], [28, 8], [28, 7], [27, 6], [28, 6], [27, 5], [28, 4], [29, 4], [28, 3], [28, 2], [27, 1], [27, 2], [28, 3], [28, 2], [27, 1], [28, 2], [29, 1], [28, 1], [27, 1], [26, 1], [25, 1], [24, 2], [23, 3], [22, 3], [23, 4], [22, 4], [21, 3], [21, 2], [20, 1], [19, 2], [20, 1], [19, 1], [19, 0], [20, 1], [20, 2], [21, 1], [22, 0], [23, 0], [22, 1], [23, 2], [23, 3], [22, 3], [22, 4], [23, 4], [22, 5], [22, 4], [23, 4]]
