[[12, 19], [13, 18], [14, 18], [15, 19], [16, 19], [17, 18]]
[[12, 19], [13, 18], [14, 18], [15, 17], [16, 18], [17, 18]]
[[12, 19], [13, 18], [14, 19], [15, 19], [16, 19], [17, 18]]
[[12, 19], [13, 19], [14, 19], [15, 18], [16, 19], [17, 18]]
[[12, 19], [13, 18], [14, 18], [15, 19], [16, 19], [17, 18]]
[[12, 19], [13, 19], [14, 19], [15, 18], [16, 19], [17, 18]]
[[12, 19], [13, 18], [14, 18], [15, 17], [16, 18], [17, 18]]
[[12, 19], [13, 18], [14, 19], [15, 19], [16, 19], [17, 18]]
[[12, 19], [13, 19], [14, 19], [15, 18], [16, 18], [17, 18]]
[[12, 19], [13, 19], [14, 19], [15, 19], [16, 18], [17, 18]]
[[12, 19], [13, 19], [14, 18], [15, 19], [16, 18], [17, 18]]
[[12, 19], [13, 19], [14, 19], [15, 19], [16, 18], [17, 18]]
[[12, 19], [13, 19], [14, 18], [13, 18], [14, 19], [15, 19], [16, 18], [15, 17], [16, 17], [16, 16], [16, 17], [17, 18]]
[[12, 19], [11, 18], [11, 17], [10, 17], [10, 18], [9, 17], [8, 16], [9, 16], [10, 15], [11, 16], [11, 15], [11, 14], [12, 15], [13, 15], [14, 15], [13, 14], [13, 13], [14, 14], [15, 13], [16, 14], [16, 13], [15, 14], [16, 15], [15, 16], [16, 17], [17, 17], [16, 16], [15, 17], [15, 16], [16, 16], [17, 17], [17, 18]]
