[[18, 14], [18, 13], [18, 12], [19, 11], [20, 10], [21, 9], [21, 8], [21, 7], [22, 6], [22, 5], [21, 4], [22, 3], [22, 2], [22, 1], [22, 0]]
[[18, 14], [17, 13], [16, 12], [17, 11], [18, 10], [19, 9], [20, 8], [21, 7], [21, 6], [21, 5], [21, 4], [21, 3], [22, 2], [23, 1], [22, 0]]
[[18, 14], [19, 13], [20, 12], [19, 11], [20, 10], [20, 9], [21, 8], [22, 7], [21, 6], [22, 5], [23, 4], [24, 3], [24, 2], [23, 1], [22, 0]]
[[18, 14], [18, 13], [17, 12], [18, 11], [19, 10], [19, 9], [20, 8], [21, 7], [22, 6], [22, 5], [23, 4], [23, 3], [22, 2], [23, 1], [22, 0]]
[[18, 14], [18, 13], [18, 12], [19, 11], [20, 10], [21, 9], [21, 8], [21, 7], [22, 6], [22, 5], [21, 4], [22, 3], [22, 2], [22, 1], [22, 0]]
[[18, 14], [17, 13], [18, 12], [19, 11], [20, 10], [20, 9], [21, 8], [22, 7], [23, 6], [24, 5], [24, 4], [23, 3], [23, 2], [22, 1], [22, 0]]
[[18, 14], [18, 13], [18, 12], [19, 11], [20, 10], [20, 9], [20, 8], [21, 7], [21, 6], [21, 5], [20, 4], [20, 3], [21, 2], [22, 1], [22, 0]]
[[18, 14], [19, 13], [20, 12], [21, 11], [22, 10], [22, 9], [22, 8], [23, 7], [22, 6], [22, 5], [22, 4], [21, 3], [22, 2], [23, 1], [22, 0]]
[[18, 14], [19, 13], [20, 12], [21, 11], [22, 10], [22, 9], [21, 8], [21, 7], [22, 6], [23, 5], [23, 4], [23, 3], [22, 2], [22, 1], [22, 0]]
[[18, 14], [18, 13], [17, 12], [18, 11], [19, 10], [20, 9], [21, 8], [21, 7], [22, 6], [23, 5], [24, 4], [24, 3], [23, 2], [22, 1], [22, 0]]
[[18, 14], [19, 13], [20, 12], [21, 11], [20, 10], [20, 9], [20, 8], [21, 7], [22, 6], [23, 5], [23, 4], [24, 3], [23, 2], [22, 1], [22, 0]]
[[18, 14], [19, 13], [20, 12], [20, 11], [21, 10], [22, 9], [23, 8], [22, 7], [22, 6], [21, 5], [22, 4], [22, 3], [22, 2], [23, 1], [22, 0]]
[[18, 14], [18, 13], [18, 12], [19, 11], [19, 10], [19, 9], [19, 8], [20, 7], [21, 6], [21, 5], [22, 4], [22, 3], [22, 2], [22, 1], [22, 0]]
[[18, 14], [19, 13], [20, 12], [20, 11], [21, 10], [22, 9], [22, 8], [21, 7], [22, 6], [22, 5], [22, 4], [23, 3], [23, 2], [22, 1], [22, 0]]
[[18, 14], [18, 13], [18, 14], [18, 13], [18, 12], [17, 11], [18, 10], [19, 9], [20, 8], [21, 7], [22, 6], [23, 5], [23, 4], [24, 4], [23, 3], [22, 2], [22, 1], [22, 0]]
[[18, 14], [18, 13], [17, 12], [17, 11], [18, 10], [19, 9], [20, 8], [19, 8], [18, 7], [19, 6], [20, 6], [20, 5], [21, 4], [20, 3], [19, 3], [20, 2], [20, 1], [20, 0], [21, 0], [22, 0]]
[[18, 14], [19, 13], [20, 12], [21, 11], [22, 12], [22, 11], [23, 12], [23, 11], [24, 11], [23, 10], [22, 9], [23, 9], [22, 8], [22, 9], [21, 8], [22, 7], [21, 6], [22, 5], [21, 4], [20, 3], [21, 3], [21, 2], [22, 1], [22, 2], [23, 1], [22, 0]]
[[18, 14], [18, 13], [17, 12], [18, 12], [18, 13], [17, 14], [16, 15], [15, 14], [14, 13], [14, 14], [14, 15], [15, 15], [14, 16], [13, 15], [14, 15], [13, 15], [14, 15], [13, 14], [12, 14], [11, 14], [10, 14], [11, 14], [11, 15], [11, 16], [11, 17], [12, 17], [13, 18], [14, 18], [15, 17], [14, 18], [15, 18], [16, 18], [17, 17], [18, 18], [19, 18], [18, 19], [19, 18], [20, 17], [21, 18], [22, 18], [22, 17], [23, 18], [24, 17], [25, 17], [26, 16], [25, 15], [24, 14], [24, 13], [25, 14], [26, 14], [27, 14], [28, 14], [29, 15], [29, 14], [28, 14], [27, 15], [28, 16], [27, 17], [28, 18], [28, 19], [27, 18], [26, 19], [25, 19], [24, 18], [25, 19], [25, 18], [24, 18], [23, 19], [24, 19], [23, 18], [22, 18], [21, 19], [22, 18], [22, 17], [21, 16], [20, 16], [20, 15], [20, 14], [19, 13], [20, 12], [21, 12], [22, 11], [22, 10], [22, 9], [21, 8], [22, 8], [23, 8], [23, 9], [24, 10], [23, 10], [24, 11], [25, 11], [24, 11], [23, 12], [22, 13], [23, 13], [24, 13], [23, 13], [23, 14], [24, 15], [25, 15], [26, 16], [26, 17], [25, 18], [24, 18], [25, 19], [26, 19], [26, 18], [27, 19], [27, 18], [28, 18], [29, 17], [28, 16], [27, 15], [27, 14], [28, 14], [29, 13], [28, 14], [29, 13], [28, 13], [27, 12], [27, 11], [26, 10], [25, 9], [26, 8], [25, 8], [25, 7], [24, 8], [23, 7], [22, 7], [23, 7], [22, 6], [23, 6], [23, 5], [23, 4], [23, 5], [24, 5], [25, 5], [26, 4], [25, 3], [26, 2], [27, 1], [26, 2], [26, 1], [26, 2], [27, 2], [27, 1], [26, 1], [27, 1], [26, 1], [25, 2], [24, 1], [23, 2], [24, 2], [23, 3], [22, 3], [21, 2], [20, 1], [19, 2], [19, 3], [18, 4], [19, 3], [20, 4], [21, 5], [21, 4], [22, 3], [22, 2], [23, 1], [22, 0]]
