[[19, 17], [18, 17], [17, 17], [16, 16], [15, 16], [14, 16], [13, 17]]
[[19, 17], [18, 17], [17, 18], [16, 17], [15, 17], [14, 17], [13, 17]]
[[19, 17], [18, 18], [17, 19], [16, 18], [15, 18], [14, 18], [13, 17]]
[[19, 17], [18, 18], [17, 18], [16, 18], [15, 17], [14, 16], [13, 17]]
[[19, 17], [18, 17], [17, 18], [16, 18], [15, 19], [14, 18], [13, 17]]
[[19, 17], [18, 17], [17, 17], [16, 16], [15, 17], [14, 16], [13, 17]]
[[19, 17], [18, 18], [17, 19], [16, 19], [15, 18], [14, 17], [13, 17]]
[[19, 17], [18, 17], [17, 17], [16, 16], [15, 16], [14, 17], [13, 17]]
[[19, 17], [18, 18], [17, 19], [16, 19], [15, 18], [14, 18], [13, 17]]
[[19, 17], [18, 17], [17, 18], [16, 18], [15, 17], [14, 18], [13, 17]]
[[19, 17], [18, 18], [17, 19], [16, 19], [15, 18], [14, 17], [13, 17]]
[[19, 17], [18, 17], [17, 17], [16, 16], [15, 17], [14, 16], [13, 17]]
[[19, 17], [18, 18], [17, 19], [16, 18], [15, 19], [14, 18], [13, 17]]
[[19, 17], [18, 17], [17, 17], [16, 16], [15, 16], [14, 16], [13, 17]]
[[19, 17], [18, 17], [17, 16], [16, 16], [15, 17], [14, 17], [14, 16], [13, 17]]
[[19, 17], [18, 18], [18, 19], [17, 19], [17, 18], [16, 17], [15, 16], [14, 15], [15, 16], [15, 15], [14, 14], [13, 15], [14, 16], [14, 17], [13, 17]]
[[19, 17], [18, 18], [17, 19], [16, 18], [16, 17], [15, 18], [16, 18], [17, 17], [16, 17], [15, 17], [14, 16], [15, 15], [15, 16], [14, 16], [15, 15], [15, 14], [15, 13], [14, 12], [15, 12], [16, 11], [15, 10], [16, 10], [17, 11], [16, 11], [16, 12], [15, 13], [16, 12], [15, 12], [14, 13], [13, 13], [12, 14], [13, 13], [14, 13], [15, 14], [16, 14], [15, 13], [16, 13], [17, 14], [16, 15], [17, 14], [18, 14], [18, 13], [17, 13], [17, 14], [16, 15], [16, 16], [15, 17], [14, 16], [13, 17], [14, 16], [15, 16], [14, 15], [13, 16], [12, 17], [12, 16], [13, 17]]
