[[22, 19], [21, 18], [21, 17], [20, 16], [19, 15], [18, 14], [17, 13], [16, 12], [15, 11], [14, 12], [13, 11], [12, 10], [11, 10], [10, 9], [9, 8], [8, 7], [7, 6], [6, 5], [6, 4], [5, 3], [5, 2], [4, 1], [4, 0]]
[[22, 19], [21, 18], [21, 17], [20, 16], [19, 16], [18, 15], [17, 14], [16, 14], [15, 13], [14, 12], [13, 12], [12, 11], [11, 10], [10, 9], [9, 8], [8, 7], [8, 6], [9, 5], [8, 4], [7, 3], [6, 2], [5, 1], [4, 0]]
[[22, 19], [21, 18], [21, 17], [20, 16], [19, 15], [18, 14], [17, 13], [16, 12], [15, 11], [14, 10], [13, 10], [12, 10], [11, 10], [10, 9], [9, 8], [8, 7], [7, 6], [6, 5], [6, 4], [5, 3], [6, 2], [5, 1], [4, 0]]
[[22, 19], [21, 18], [21, 17], [20, 16], [19, 15], [18, 14], [17, 13], [16, 12], [15, 11], [14, 11], [13, 10], [12, 11], [11, 10], [10, 9], [9, 8], [8, 7], [7, 6], [6, 5], [5, 4], [5, 3], [5, 2], [5, 1], [4, 0]]
[[22, 19], [21, 18], [21, 17], [20, 18], [19, 17], [18, 16], [17, 15], [16, 14], [15, 13], [14, 12], [13, 11], [12, 10], [11, 9], [10, 8], [9, 8], [8, 7], [7, 6], [7, 5], [6, 4], [5, 3], [6, 2], [5, 1], [4, 0]]
[[22, 19], [21, 18], [21, 17], [20, 16], [19, 15], [18, 14], [17, 13], [16, 13], [15, 12], [14, 11], [13, 10], [12, 10], [11, 9], [10, 9], [9, 8], [8, 7], [7, 6], [6, 5], [6, 4], [5, 3], [5, 2], [4, 1], [4, 0]]
[[22, 19], [21, 18], [21, 17], [20, 16], [19, 15], [18, 14], [17, 13], [16, 12], [15, 11], [14, 10], [13, 10], [12, 9], [11, 9], [10, 8], [9, 8], [8, 7], [7, 6], [7, 5], [6, 4], [5, 3], [6, 2], [5, 1], [4, 0]]
[[22, 19], [21, 18], [21, 17], [20, 16], [19, 16], [18, 15], [17, 14], [16, 14], [15, 13], [14, 12], [13, 12], [12, 11], [11, 10], [10, 9], [9, 8], [8, 7], [8, 6], [7, 5], [6, 4], [5, 3], [5, 2], [4, 1], [4, 0]]
[[22, 19], [21, 18], [21, 17], [20, 16], [19, 15], [18, 14], [17, 13], [16, 12], [15, 11], [14, 11], [13, 10], [12, 9], [11, 8], [10, 7], [9, 6], [9, 5], [8, 5], [7, 4], [8, 3], [7, 2], [6, 1], [5, 0], [4, 0]]
[[22, 19], [21, 18], [21, 17], [20, 16], [19, 15], [18, 14], [17, 13], [16, 12], [15, 11], [14, 11], [13, 12], [12, 11], [11, 10], [10, 9], [9, 8], [8, 7], [7, 6], [6, 5], [5, 4], [5, 3], [5, 2], [4, 1], [4, 0]]
[[22, 19], [21, 18], [21, 17], [20, 16], [19, 15], [18, 14], [17, 13], [16, 12], [15, 11], [14, 12], [13, 11], [12, 10], [11, 10], [10, 9], [9, 8], [8, 7], [7, 6], [6, 5], [6, 4], [5, 3], [5, 2], [4, 1], [4, 0]]
[[22, 19], [21, 18], [21, 17], [20, 16], [19, 16], [18, 15], [17, 15], [16, 14], [15, 13], [14, 12], [13, 12], [12, 11], [11, 10], [10, 9], [9, 9], [8, 8], [8, 7], [8, 6], [7, 5], [6, 4], [5, 3], [5, 2], [4, 1], [4, 0]]
[[22, 19], [21, 18], [21, 17], [20, 16], [19, 16], [18, 15], [17, 14], [16, 14], [15, 13], [14, 12], [13, 12], [12, 12], [11, 11], [10, 11], [9, 10], [8, 9], [8, 8], [8, 7], [9, 6], [8, 5], [7, 4], [7, 3], [6, 2], [5, 1], [4, 0]]
[[22, 19], [21, 18], [21, 17], [20, 16], [19, 16], [18, 15], [17, 15], [16, 14], [15, 13], [14, 12], [13, 12], [12, 11], [11, 10], [10, 9], [9, 8], [8, 7], [7, 7], [6, 6], [7, 5], [6, 4], [5, 3], [6, 2], [5, 1], [4, 1], [4, 0]]
[[22, 19], [21, 18], [21, 17], [20, 16], [19, 15], [18, 14], [17, 13], [16, 13], [15, 12], [14, 11], [13, 10], [12, 10], [11, 10], [10, 11], [9, 10], [10, 9], [9, 8], [8, 7], [7, 6], [7, 5], [6, 4], [7, 3], [6, 2], [5, 1], [4, 0]]
[[22, 19], [21, 18], [21, 17], [20, 16], [19, 15], [18, 15], [18, 14], [17, 13], [16, 12], [16, 11], [15, 10], [14, 10], [13, 10], [12, 10], [11, 9], [10, 9], [9, 8], [10, 7], [9, 8], [8, 7], [7, 6], [6, 5], [7, 4], [7, 3], [6, 2], [5, 1], [4, 0]]
[[22, 19], [21, 18], [21, 17], [20, 16], [19, 15], [19, 14], [18, 13], [17, 13], [16, 12], [15, 11], [14, 12], [13, 11], [12, 11], [11, 10], [10, 11], [9, 10], [8, 9], [7, 8], [7, 7], [7, 6], [7, 5], [8, 4], [7, 3], [6, 2], [6, 1], [5, 0], [4, 0]]
[[22, 19], [21, 18], [21, 17], [20, 16], [19, 15], [18, 15], [17, 14], [17, 13], [16, 12], [15, 11], [14, 11], [13, 12], [12, 11], [11, 12], [10, 11], [9, 10], [9, 11], [8, 10], [9, 10], [8, 9], [7, 8], [7, 7], [6, 6], [6, 5], [5, 5], [6, 4], [7, 3], [6, 2], [5, 1], [4, 0]]
[[22, 19], [21, 18], [21, 17], [20, 16], [19, 16], [19, 17], [18, 16], [18, 15], [17, 14], [16, 13], [15, 12], [14, 12], [13, 11], [12, 12], [11, 11], [11, 10], [10, 9], [9, 10], [9, 9], [10, 9], [9, 9], [8, 9], [7, 8], [6, 7], [7, 6], [7, 5], [6, 4], [5, 3], [5, 2], [5, 1], [4, 0]]
[[22, 19], [21, 18], [21, 17], [20, 16], [19, 15], [18, 14], [17, 13], [16, 13], [16, 12], [15, 11], [14, 10], [15, 11], [14, 11], [13, 10], [12, 11], [11, 10], [10, 11], [9, 10], [10, 11], [9, 10], [8, 9], [7, 8], [6, 8], [7, 7], [7, 6], [6, 5], [5, 4], [5, 3], [6, 2], [5, 2], [4, 1], [3, 2], [4, 1], [4, 0]]
