[[16, 3], [17, 2], [18, 2], [19, 2], [20, 1], [21, 2], [22, 1]]
[[16, 3], [17, 2], [18, 2], [19, 2], [20, 2], [21, 2], [22, 1]]
[[16, 3], [17, 2], [18, 1], [19, 2], [20, 1], [21, 2], [22, 1]]
[[16, 3], [17, 2], [18, 2], [19, 3], [20, 2], [21, 2], [22, 1]]
[[16, 3], [17, 3], [18, 3], [19, 2], [20, 2], [21, 1], [22, 1]]
[[16, 3], [17, 3], [18, 2], [19, 1], [20, 2], [21, 1], [22, 1]]
[[16, 3], [17, 2], [18, 1], [19, 1], [20, 1], [21, 1], [22, 1]]
[[16, 3], [17, 3], [18, 3], [19, 3], [20, 3], [21, 2], [22, 1]]
[[16, 3], [17, 2], [18, 1], [19, 1], [20, 1], [21, 1], [22, 1]]
[[16, 3], [17, 3], [18, 3], [19, 2], [20, 2], [21, 2], [22, 1]]
[[16, 3], [17, 2], [18, 2], [19, 2], [20, 1], [21, 2], [22, 1]]
[[16, 3], [15, 3], [16, 3], [17, 2], [17, 3], [18, 3], [19, 2], [20, 1], [20, 2], [21, 2], [22, 1]]
[[16, 3], [17, 3], [17, 2], [17, 1], [16, 0], [16, 1], [16, 0], [17, 1], [18, 0], [19, 1], [18, 2], [19, 2], [20, 2], [21, 1], [22, 2], [22, 1], [23, 1], [22, 1]]
[[16, 3], [17, 2], [18, 3], [18, 2], [18, 3], [17, 2], [16, 1], [17, 1], [16, 0], [15, 1], [14, 1], [15, 2], [14, 3], [14, 4], [13, 4], [13, 3], [13, 2], [13, 1], [12, 1], [12, 0], [13, 0], [14, 1], [15, 2], [14, 2], [15, 1], [16, 0], [17, 1], [18, 1], [19, 2], [20, 3], [19, 3], [20, 4], [19, 5], [18, 5], [19, 4], [18, 3], [17, 4], [17, 5], [18, 6], [17, 7], [18, 8], [17, 8], [18, 9], [19, 10], [19, 11], [18, 12], [19, 12], [20, 11], [21, 10], [21, 11], [20, 10], [20, 9], [21, 9], [22, 8], [21, 7], [22, 7], [23, 8], [24, 7], [23, 7], [24, 8], [23, 9], [24, 9], [25, 8], [26, 9], [27, 8], [27, 7], [26, 7], [25, 7], [26, 6], [27, 6], [26, 5], [26, 4], [25, 4], [24, 3], [25, 3], [24, 4], [25, 5], [24, 6], [23, 6], [22, 5], [23, 5], [23, 4], [23, 3], [22, 4], [21, 4], [22, 3], [21, 2], [20, 2], [21, 1], [21, 0], [22, 0], [22, 1]]
[[16, 3], [17, 4], [18, 3], [17, 2], [16, 1], [16, 0], [15, 1], [14, 2], [14, 1], [13, 2], [12, 2], [11, 2], [11, 1], [12, 0], [12, 1], [11, 0], [10, 1], [10, 0], [9, 0], [8, 0], [8, 1], [8, 2], [7, 2], [7, 3], [7, 4], [6, 3], [5, 2], [5, 3], [6, 2], [6, 1], [7, 0], [7, 1], [6, 0], [5, 0], [5, 1], [4, 2], [3, 1], [3, 0], [2, 0], [1, 1], [0, 2], [0, 3], [1, 3], [2, 2], [3, 3], [4, 3], [4, 4], [3, 4], [4, 5], [5, 6], [6, 5], [7, 5], [7, 6], [8, 5], [8, 4], [9, 4], [8, 3], [9, 2], [10, 2], [9, 3], [10, 4], [10, 3], [11, 4], [12, 5], [13, 6], [14, 5], [13, 4], [13, 5], [12, 4], [11, 3], [12, 3], [13, 3], [14, 3], [15, 4], [14, 5], [14, 4], [15, 5], [15, 6], [16, 7], [17, 7], [18, 6], [19, 7], [20, 6], [21, 7], [22, 7], [23, 8], [23, 9], [24, 9], [25, 8], [26, 8], [27, 8], [27, 7], [26, 6], [25, 6], [26, 5], [27, 4], [26, 3], [27, 3], [26, 4], [25, 5], [24, 5], [23, 4], [24, 4], [24, 3], [23, 3], [23, 2], [22, 2], [22, 1]]
