[[16, 5], [17, 6], [18, 7], [19, 6], [20, 7], [21, 8], [22, 9], [23, 9], [24, 9], [25, 8], [26, 9], [27, 10], [28, 10]]
[[16, 5], [17, 5], [18, 4], [19, 5], [20, 5], [21, 6], [22, 7], [23, 7], [24, 8], [25, 9], [26, 10], [27, 10], [28, 10]]
[[16, 5], [17, 6], [18, 7], [19, 7], [20, 8], [21, 9], [22, 10], [23, 9], [24, 10], [25, 11], [26, 10], [27, 10], [28, 10]]
[[16, 5], [17, 6], [18, 7], [19, 7], [20, 8], [21, 8], [22, 8], [23, 9], [24, 9], [25, 8], [26, 9], [27, 9], [28, 10]]
[[16, 5], [17, 5], [18, 6], [19, 6], [20, 7], [21, 8], [22, 7], [23, 7], [24, 7], [25, 8], [26, 9], [27, 10], [28, 10]]
[[16, 5], [17, 5], [18, 6], [19, 7], [20, 8], [21, 9], [22, 10], [23, 11], [24, 11], [25, 10], [26, 10], [27, 9], [28, 10]]
[[16, 5], [17, 4], [18, 4], [19, 5], [20, 6], [21, 6], [22, 7], [23, 8], [24, 8], [25, 9], [26, 10], [27, 11], [28, 10]]
[[16, 5], [17, 6], [18, 6], [19, 7], [20, 7], [21, 6], [22, 6], [23, 7], [24, 6], [25, 7], [26, 8], [27, 9], [28, 10]]
[[16, 5], [17, 6], [18, 7], [19, 7], [20, 8], [21, 9], [22, 10], [23, 10], [24, 9], [25, 8], [26, 9], [27, 10], [28, 10]]
[[16, 5], [17, 5], [18, 6], [19, 7], [20, 8], [21, 8], [22, 7], [23, 8], [24, 9], [25, 9], [26, 10], [27, 11], [28, 10]]
[[16, 5], [17, 5], [18, 5], [19, 5], [20, 5], [21, 6], [22, 6], [23, 7], [24, 8], [25, 9], [26, 10], [27, 11], [28, 10]]
[[16, 5], [17, 6], [18, 7], [19, 6], [20, 7], [21, 8], [22, 9], [23, 9], [24, 9], [25, 8], [26, 9], [27, 10], [28, 10]]
[[16, 5], [17, 5], [18, 6], [19, 7], [20, 8], [21, 9], [22, 9], [23, 9], [24, 10], [25, 9], [26, 9], [27, 9], [28, 10]]
[[16, 5], [17, 6], [18, 6], [19, 7], [20, 6], [21, 6], [22, 6], [23, 7], [24, 8], [23, 9], [24, 9], [25, 9], [26, 9], [27, 9], [28, 10]]
[[16, 5], [17, 6], [18, 5], [19, 5], [20, 6], [21, 6], [22, 6], [23, 6], [24, 7], [24, 8], [23, 9], [24, 10], [25, 10], [26, 9], [27, 9], [28, 9], [28, 10]]
[[16, 5], [17, 5], [18, 5], [19, 5], [20, 6], [20, 7], [21, 6], [22, 6], [23, 7], [22, 7], [23, 8], [24, 9], [25, 9], [24, 10], [25, 9], [26, 8], [25, 9], [25, 10], [26, 10], [27, 10], [28, 10]]
[[16, 5], [15, 6], [14, 5], [13, 4], [14, 3], [15, 3], [15, 2], [16, 2], [17, 3], [18, 4], [17, 4], [16, 3], [16, 4], [17, 5], [18, 6], [19, 6], [20, 5], [20, 4], [19, 5], [18, 5], [19, 4], [19, 3], [18, 2], [17, 2], [18, 1], [17, 1], [16, 1], [16, 0], [17, 0], [18, 0], [19, 0], [20, 0], [20, 1], [21, 2], [22, 2], [23, 3], [24, 3], [23, 4], [23, 5], [23, 6], [24, 5], [25, 6], [25, 7], [26, 8], [25, 8], [26, 9], [27, 10], [26, 10], [27, 9], [28, 10]]
