[[11, 3], [12, 3], [13, 3], [14, 4], [15, 5], [16, 6], [17, 5], [18, 6], [19, 7], [20, 7], [21, 8], [22, 9], [23, 10], [24, 11], [25, 10]]
[[11, 3], [12, 2], [13, 2], [14, 3], [15, 2], [16, 3], [17, 3], [18, 4], [19, 5], [20, 6], [21, 7], [22, 7], [23, 8], [24, 9], [25, 10]]
[[11, 3], [12, 4], [13, 3], [14, 3], [15, 3], [16, 3], [17, 4], [18, 5], [19, 6], [20, 7], [21, 8], [22, 9], [23, 9], [24, 9], [25, 10]]
[[11, 3], [12, 4], [13, 5], [14, 6], [15, 5], [16, 6], [17, 5], [18, 6], [19, 5], [20, 6], [21, 7], [22, 7], [23, 8], [24, 9], [25, 10]]
[[11, 3], [12, 4], [13, 3], [14, 4], [15, 5], [16, 5], [17, 5], [18, 6], [19, 5], [20, 6], [21, 7], [22, 7], [23, 8], [24, 9], [25, 10]]
[[11, 3], [12, 4], [13, 5], [14, 6], [15, 5], [16, 6], [17, 5], [18, 4], [19, 5], [20, 6], [21, 7], [22, 7], [23, 8], [24, 9], [25, 10]]
[[11, 3], [12, 4], [13, 5], [14, 6], [15, 7], [16, 6], [17, 5], [18, 6], [19, 7], [20, 7], [21, 6], [22, 7], [23, 8], [24, 9], [25, 10]]
[[11, 3], [12, 4], [13, 5], [14, 5], [15, 4], [16, 3], [17, 4], [18, 5], [19, 5], [20, 6], [21, 7], [22, 8], [23, 8], [24, 9], [25, 10]]
[[11, 3], [12, 4], [13, 5], [14, 6], [15, 5], [16, 6], [17, 5], [18, 4], [19, 5], [20, 6], [21, 7], [22, 7], [23, 8], [24, 9], [25, 10]]
[[11, 3], [12, 2], [13, 3], [14, 4], [15, 5], [16, 6], [17, 5], [18, 6], [19, 7], [20, 7], [21, 8], [22, 9], [23, 10], [24, 9], [25, 10]]
[[11, 3], [12, 4], [13, 5], [14, 4], [15, 4], [16, 4], [17, 4], [18, 4], [19, 5], [20, 6], [21, 6], [22, 7], [23, 8], [24, 9], [25, 10]]
[[11, 3], [12, 3], [13, 3], [14, 2], [15, 2], [16, 3], [17, 4], [18, 5], [19, 5], [20, 5], [21, 6], [22, 7], [23, 8], [24, 9], [25, 10]]
[[11, 3], [12, 3], [13, 2], [14, 3], [15, 3], [16, 3], [17, 4], [18, 5], [19, 6], [20, 7], [21, 8], [22, 9], [23, 8], [24, 9], [25, 10]]
[[11, 3], [12, 3], [13, 3], [14, 4], [15, 5], [16, 5], [17, 4], [18, 3], [19, 4], [20, 5], [21, 6], [22, 7], [23, 8], [24, 9], [25, 10]]
[[11, 3], [12, 3], [13, 3], [14, 4], [15, 5], [16, 6], [17, 5], [18, 6], [19, 7], [20, 7], [21, 8], [22, 9], [23, 10], [24, 11], [25, 10]]
[[11, 3], [12, 3], [13, 3], [14, 3], [15, 2], [15, 3], [16, 4], [17, 4], [18, 5], [19, 5], [20, 5], [21, 6], [22, 7], [23, 8], [24, 9], [25, 10]]
[[11, 3], [12, 2], [13, 2], [14, 3], [14, 4], [15, 5], [16, 4], [17, 5], [18, 5], [19, 6], [20, 7], [21, 7], [22, 7], [23, 8], [24, 9], [25, 10]]
[[11, 3], [12, 2], [13, 2], [14, 3], [15, 4], [15, 5], [16, 6], [17, 7], [18, 6], [19, 7], [20, 7], [21, 8], [22, 7], [23, 8], [24, 9], [25, 10]]
[[11, 3], [12, 3], [13, 2], [14, 2], [15, 3], [16, 4], [17, 5], [18, 6], [18, 7], [19, 6], [20, 7], [21, 8], [22, 9], [23, 10], [24, 9], [25, 10]]
[[11, 3], [12, 2], [13, 3], [14, 4], [15, 4], [16, 4], [17, 5], [18, 6], [19, 5], [20, 6], [21, 6], [21, 7], [22, 8], [23, 9], [24, 10], [25, 10]]
