[[28, 19], [27, 19], [26, 18], [25, 17], [25, 16], [24, 15]]
[[28, 19], [27, 18], [27, 17], [26, 16], [25, 15], [24, 15]]
[[28, 19], [27, 19], [26, 18], [25, 17], [24, 16], [24, 15]]
[[28, 19], [27, 19], [26, 18], [25, 17], [25, 16], [24, 15]]
[[28, 19], [27, 18], [26, 18], [25, 17], [25, 16], [24, 15]]
[[28, 19], [27, 19], [26, 18], [25, 17], [25, 16], [24, 15]]
[[28, 19], [27, 18], [26, 18], [25, 17], [24, 16], [24, 15]]
[[28, 19], [27, 18], [27, 17], [26, 16], [25, 15], [24, 15]]
[[28, 19], [27, 18], [26, 18], [25, 17], [25, 16], [24, 15]]
[[28, 19], [28, 18], [28, 17], [27, 16], [26, 15], [25, 15], [24, 15]]
[[28, 19], [28, 18], [27, 17], [26, 16], [25, 17], [24, 16], [24, 15]]
[[28, 19], [27, 19], [27, 18], [27, 17], [26, 18], [25, 17], [24, 16], [25, 15], [24, 15]]
[[28, 19], [27, 18], [28, 17], [28, 18], [27, 17], [26, 16], [25, 17], [26, 16], [25, 15], [25, 16], [24, 15]]
[[28, 19], [27, 18], [27, 17], [26, 18], [25, 18], [25, 19], [24, 19], [23, 18], [22, 19], [22, 18], [23, 17], [24, 18], [25, 17], [26, 16], [25, 15], [24, 15]]
