[[27, 13], [26, 14], [25, 15], [24, 16], [25, 17], [24, 18], [23, 19]]
[[27, 13], [26, 14], [25, 15], [24, 16], [25, 17], [24, 18], [23, 19]]
[[27, 13], [26, 14], [26, 15], [26, 16], [25, 17], [24, 18], [23, 19]]
[[27, 13], [26, 14], [25, 15], [24, 16], [25, 17], [24, 18], [23, 19]]
[[27, 13], [26, 14], [25, 15], [24, 16], [25, 17], [24, 18], [23, 19]]
[[27, 13], [26, 14], [25, 15], [24, 16], [23, 17], [22, 18], [23, 19]]
[[27, 13], [26, 14], [25, 15], [26, 16], [25, 17], [24, 18], [23, 19]]
[[27, 13], [26, 14], [25, 15], [24, 16], [23, 17], [23, 18], [23, 19]]
[[27, 13], [26, 14], [25, 15], [24, 16], [23, 17], [24, 18], [23, 19]]
[[27, 13], [27, 14], [26, 15], [26, 16], [25, 17], [24, 18], [23, 19]]
[[27, 13], [26, 14], [25, 15], [24, 16], [23, 17], [23, 18], [23, 19]]
[[27, 13], [26, 14], [25, 15], [24, 16], [25, 17], [24, 18], [23, 19]]
[[27, 13], [26, 14], [25, 15], [26, 16], [25, 17], [24, 18], [23, 19]]
[[27, 13], [26, 14], [25, 15], [24, 16], [23, 17], [22, 18], [23, 19]]
[[27, 13], [26, 14], [25, 15], [24, 16], [23, 17], [23, 18], [23, 19]]
[[27, 13], [26, 14], [25, 15], [24, 16], [23, 17], [22, 18], [23, 19]]
[[27, 13], [27, 14], [26, 15], [25, 15], [24, 16], [23, 17], [22, 18], [23, 19]]
[[27, 13], [28, 14], [27, 15], [26, 16], [25, 17], [26, 17], [26, 18], [26, 19], [25, 18], [24, 18], [23, 19]]
[[27, 13], [27, 14], [27, 13], [26, 13], [25, 14], [24, 15], [23, 16], [22, 17], [22, 18], [21, 19], [22, 19], [23, 19]]
[[27, 13], [26, 14], [25, 15], [24, 16], [25, 17], [26, 16], [26, 17], [25, 18], [26, 18], [26, 19], [25, 19], [24, 19], [23, 19]]
