[[14, 14], [15, 13], [16, 12], [17, 12], [18, 12], [19, 11], [20, 10], [21, 11], [22, 11], [23, 10], [24, 9], [25, 8], [26, 9]]
[[14, 14], [15, 13], [16, 12], [17, 12], [18, 12], [19, 11], [20, 10], [21, 11], [22, 11], [23, 10], [24, 9], [25, 8], [26, 9]]
[[14, 14], [15, 13], [16, 13], [17, 12], [18, 11], [19, 11], [20, 10], [21, 11], [22, 11], [23, 10], [24, 9], [25, 8], [26, 9]]
[[14, 14], [15, 13], [16, 13], [17, 14], [18, 13], [19, 12], [20, 11], [21, 11], [22, 10], [23, 9], [24, 9], [25, 8], [26, 9]]
[[14, 14], [15, 13], [16, 12], [17, 12], [18, 12], [19, 11], [20, 10], [21, 11], [22, 11], [23, 10], [24, 9], [25, 8], [26, 9]]
[[14, 14], [15, 13], [16, 12], [17, 11], [18, 11], [19, 11], [20, 10], [21, 10], [22, 10], [23, 10], [24, 9], [25, 8], [26, 9]]
[[14, 14], [15, 13], [16, 12], [17, 12], [18, 11], [19, 12], [20, 11], [21, 10], [22, 10], [23, 9], [24, 8], [25, 8], [26, 9]]
[[14, 14], [15, 14], [16, 13], [17, 12], [18, 11], [19, 10], [20, 10], [21, 10], [22, 10], [23, 9], [24, 8], [25, 8], [26, 9]]
[[14, 14], [15, 13], [16, 12], [17, 12], [18, 12], [19, 11], [20, 10], [21, 10], [22, 10], [23, 9], [24, 9], [24, 8], [25, 8], [26, 9]]
[[14, 14], [15, 13], [16, 12], [17, 11], [18, 12], [19, 11], [20, 10], [20, 9], [21, 8], [22, 8], [23, 8], [24, 9], [25, 8], [26, 9]]
[[14, 14], [15, 15], [16, 14], [17, 15], [18, 14], [19, 13], [19, 12], [19, 11], [20, 10], [21, 10], [22, 10], [23, 9], [24, 8], [25, 8], [26, 9]]
[[14, 14], [15, 14], [16, 13], [17, 12], [18, 11], [19, 11], [18, 11], [19, 10], [20, 9], [21, 8], [22, 8], [23, 8], [24, 8], [25, 8], [26, 9]]
[[14, 14], [15, 14], [16, 13], [17, 12], [18, 11], [19, 11], [18, 11], [19, 10], [20, 9], [21, 8], [22, 7], [23, 8], [24, 8], [25, 8], [26, 9]]
[[14, 14], [15, 13], [16, 13], [17, 14], [18, 14], [19, 13], [20, 13], [19, 12], [19, 11], [20, 10], [21, 9], [22, 10], [23, 10], [24, 9], [25, 8], [26, 9]]
[[14, 14], [15, 13], [16, 12], [17, 11], [18, 11], [19, 12], [20, 12], [21, 12], [21, 11], [21, 10], [22, 11], [22, 10], [23, 10], [24, 10], [25, 11], [25, 12], [26, 11], [26, 12], [26, 13], [27, 12], [26, 12], [27, 12], [28, 11], [29, 12], [28, 11], [29, 10], [29, 9], [28, 8], [27, 7], [27, 6], [26, 7], [25, 8], [26, 9]]
[[14, 14], [15, 15], [15, 14], [16, 13], [17, 14], [18, 13], [18, 14], [18, 13], [19, 13], [20, 13], [20, 12], [21, 13], [20, 12], [19, 11], [18, 10], [18, 11], [17, 10], [18, 9], [19, 8], [20, 8], [20, 7], [19, 7], [19, 8], [20, 7], [21, 6], [22, 7], [22, 6], [23, 6], [23, 7], [24, 7], [25, 7], [26, 8], [26, 9]]
[[14, 14], [15, 15], [15, 14], [16, 13], [16, 12], [17, 12], [18, 12], [18, 11], [19, 10], [18, 9], [18, 10], [19, 11], [20, 10], [21, 9], [22, 8], [21, 7], [22, 6], [23, 6], [23, 5], [24, 4], [23, 3], [24, 2], [25, 3], [26, 3], [26, 4], [27, 4], [26, 5], [27, 6], [28, 6], [29, 5], [28, 6], [28, 7], [28, 8], [27, 8], [26, 7], [27, 8], [26, 9]]
[[14, 14], [13, 14], [12, 14], [13, 15], [14, 16], [13, 17], [14, 17], [15, 18], [14, 19], [15, 19], [16, 18], [17, 18], [16, 19], [17, 19], [18, 18], [18, 19], [19, 19], [20, 18], [21, 19], [22, 18], [23, 17], [24, 16], [24, 15], [25, 15], [26, 14], [25, 13], [24, 12], [23, 12], [23, 13], [22, 12], [21, 12], [22, 13], [23, 14], [23, 15], [22, 15], [23, 16], [22, 16], [21, 17], [21, 18], [22, 19], [23, 18], [22, 17], [21, 16], [21, 15], [20, 15], [19, 16], [19, 15], [20, 14], [20, 13], [21, 13], [20, 12], [19, 11], [18, 12], [19, 13], [18, 14], [17, 14], [17, 15], [16, 14], [15, 15], [15, 14], [15, 13], [16, 13], [17, 12], [16, 12], [17, 11], [17, 10], [18, 10], [18, 9], [19, 10], [20, 10], [21, 11], [22, 11], [23, 10], [24, 9], [24, 10], [23, 11], [22, 10], [21, 10], [21, 9], [20, 9], [19, 8], [20, 8], [21, 8], [20, 7], [21, 6], [21, 7], [22, 6], [22, 5], [22, 4], [21, 5], [21, 4], [22, 3], [23, 4], [24, 5], [24, 4], [23, 5], [23, 6], [22, 7], [23, 7], [24, 7], [24, 8], [25, 7], [26, 7], [26, 8], [26, 9]]
