[[9, 18], [10, 18], [11, 18], [12, 18]]
[[9, 18], [10, 17], [11, 18], [12, 18]]
[[9, 18], [10, 17], [11, 18], [12, 18]]
[[9, 18], [10, 18], [11, 18], [12, 18]]
[[9, 18], [10, 18], [11, 19], [12, 18]]
[[9, 18], [10, 19], [11, 18], [12, 18]]
[[9, 18], [10, 17], [11, 18], [12, 18]]
[[9, 18], [10, 19], [11, 19], [12, 18]]
[[9, 18], [10, 18], [10, 19], [10, 18], [11, 19], [12, 18]]
[[9, 18], [10, 17], [11, 18], [12, 18], [13, 18], [12, 18]]
[[9, 18], [10, 17], [11, 18], [11, 19], [11, 18], [12, 18]]
[[9, 18], [9, 19], [8, 18], [7, 18], [8, 17], [8, 18], [9, 18], [8, 19], [7, 18], [6, 18], [5, 18], [4, 18], [3, 17], [2, 18], [1, 19], [1, 18], [0, 17], [1, 16], [2, 17], [3, 18], [2, 17], [1, 16], [2, 15], [2, 16], [1, 15], [1, 16], [0, 15], [1, 14], [0, 14], [1, 15], [2, 14], [2, 13], [3, 13], [4, 12], [5, 11], [5, 10], [4, 9], [5, 8], [5, 7], [5, 6], [5, 5], [4, 6], [5, 6], [6, 6], [6, 5], [7, 4], [8, 4], [9, 3], [8, 2], [9, 1], [10, 0], [10, 1], [9, 0], [8, 1], [7, 1], [6, 2], [7, 2], [7, 3], [7, 2], [7, 1], [8, 0], [7, 1], [6, 1], [5, 2], [5, 1], [4, 1], [3, 2], [4, 2], [3, 2], [2, 3], [3, 4], [2, 5], [1, 5], [1, 6], [1, 5], [0, 5], [1, 5], [2, 6], [1, 7], [2, 7], [3, 8], [4, 8], [3, 9], [3, 10], [4, 11], [5, 10], [6, 10], [7, 11], [6, 12], [7, 12], [8, 13], [8, 14], [7, 13], [6, 13], [5, 14], [4, 13], [5, 13], [6, 13], [7, 14], [8, 14], [8, 13], [7, 14], [8, 13], [9, 13], [10, 12], [11, 11], [10, 11], [10, 10], [10, 11], [10, 10], [9, 9], [9, 8], [10, 7], [9, 6], [10, 6], [11, 5], [10, 4], [10, 3], [11, 4], [11, 5], [11, 6], [12, 6], [13, 7], [14, 7], [13, 6], [13, 7], [14, 6], [15, 6], [16, 7], [15, 7], [14, 8], [13, 9], [14, 9], [15, 9], [16, 8], [16, 9], [16, 10], [16, 11], [16, 10], [15, 9], [14, 10], [13, 11], [14, 12], [14, 13], [13, 13], [12, 13], [11, 13], [10, 12], [11, 11], [12, 12], [12, 11], [13, 11], [14, 11], [15, 12], [16, 12], [15, 11], [16, 12], [17, 12], [18, 11], [19, 11], [20, 10], [19, 9], [18, 8], [19, 7], [20, 7], [21, 8], [20, 9], [21, 10], [22, 10], [23, 10], [22, 11], [22, 12], [23, 13], [24, 14], [25, 13], [25, 12], [26, 11], [25, 11], [26, 11], [27, 10], [26, 9], [25, 10], [26, 10], [26, 9], [27, 8], [26, 7], [27, 7], [28, 8], [29, 9], [28, 10], [29, 11], [28, 12], [27, 13], [28, 12], [29, 13], [28, 14], [29, 15], [28, 16], [28, 17], [27, 16], [26, 15], [27, 15], [28, 14], [27, 13], [26, 12], [26, 11], [25, 11], [25, 10], [24, 9], [23, 8], [24, 7], [23, 8], [22, 7], [21, 8], [21, 9], [21, 10], [20, 11], [21, 12], [22, 11], [22, 10], [22, 11], [22, 12], [22, 13], [23, 14], [24, 15], [25, 16], [26, 17], [27, 18], [28, 17], [27, 17], [26, 16], [25, 17], [24, 18], [25, 19], [25, 18], [25, 17], [24, 17], [23, 16], [22, 15], [21, 14], [22, 14], [21, 13], [20, 12], [21, 13], [20, 14], [19, 14], [18, 15], [18, 16], [19, 16], [19, 17], [19, 18], [18, 18], [19, 19], [18, 18], [19, 17], [18, 18], [17, 18], [16, 18], [16, 19], [15, 19], [14, 18], [15, 17], [15, 16], [14, 16], [15, 15], [14, 15], [13, 14], [13, 13], [12, 14], [11, 13], [11, 14], [11, 15], [10, 15], [9, 15], [8, 15], [9, 15], [10, 16], [10, 17], [10, 18], [10, 19], [11, 18], [12, 19], [13, 19], [12, 18]]
