[[7, 5], [8, 6], [9, 5], [10, 4], [11, 5], [12, 6], [13, 5], [14, 6], [15, 7], [16, 8], [17, 9]]
[[7, 5], [8, 6], [9, 7], [10, 8], [11, 7], [12, 7], [13, 7], [14, 6], [15, 7], [16, 8], [17, 9]]
[[7, 5], [8, 6], [9, 7], [10, 6], [11, 7], [12, 7], [13, 6], [14, 6], [15, 7], [16, 8], [17, 9]]
[[7, 5], [8, 6], [9, 5], [10, 6], [11, 7], [12, 7], [13, 6], [14, 7], [15, 7], [16, 8], [17, 9]]
[[7, 5], [8, 6], [9, 7], [10, 7], [11, 8], [12, 7], [13, 8], [14, 8], [15, 9], [16, 8], [17, 9]]
[[7, 5], [8, 6], [9, 7], [10, 8], [11, 7], [12, 6], [13, 5], [14, 6], [15, 7], [16, 8], [17, 9]]
[[7, 5], [8, 6], [9, 7], [10, 6], [11, 7], [12, 7], [13, 7], [14, 8], [15, 9], [16, 10], [17, 9]]
[[7, 5], [8, 6], [9, 5], [10, 6], [11, 6], [12, 7], [13, 7], [14, 8], [15, 7], [16, 8], [17, 9]]
[[7, 5], [8, 6], [9, 7], [10, 7], [11, 6], [12, 6], [13, 7], [14, 8], [15, 9], [16, 8], [17, 9]]
[[7, 5], [8, 6], [9, 5], [10, 4], [11, 5], [12, 6], [13, 5], [14, 6], [15, 7], [16, 8], [17, 9]]
[[7, 5], [8, 4], [9, 5], [10, 6], [11, 6], [12, 7], [13, 7], [14, 6], [15, 7], [16, 8], [17, 9]]
[[7, 5], [8, 6], [9, 5], [10, 6], [11, 7], [12, 7], [13, 8], [14, 7], [15, 7], [16, 8], [17, 9]]
[[7, 5], [8, 5], [9, 5], [10, 6], [11, 5], [12, 5], [13, 5], [14, 6], [15, 7], [16, 8], [17, 9]]
[[7, 5], [7, 4], [8, 4], [9, 5], [10, 6], [11, 6], [12, 7], [13, 6], [14, 7], [15, 7], [16, 8], [17, 9]]
[[7, 5], [8, 4], [9, 5], [10, 6], [11, 6], [12, 6], [13, 6], [13, 7], [14, 8], [15, 9], [16, 9], [17, 9]]
[[7, 5], [8, 5], [9, 5], [10, 6], [11, 6], [12, 6], [12, 7], [13, 7], [14, 6], [15, 7], [16, 7], [17, 8], [16, 9], [17, 8], [18, 9], [17, 9]]
[[7, 5], [8, 6], [9, 7], [10, 7], [11, 8], [11, 9], [12, 9], [11, 10], [11, 9], [12, 9], [13, 9], [14, 10], [13, 10], [14, 9], [15, 9], [16, 8], [17, 9]]
[[7, 5], [7, 4], [8, 5], [9, 5], [10, 6], [11, 6], [12, 7], [12, 6], [13, 5], [14, 6], [14, 7], [15, 6], [16, 5], [17, 6], [16, 7], [15, 7], [14, 8], [13, 9], [14, 9], [15, 10], [16, 10], [15, 9], [16, 9], [17, 9]]
[[7, 5], [8, 4], [7, 4], [6, 3], [5, 2], [5, 1], [5, 0], [6, 1], [7, 1], [8, 1], [8, 0], [9, 1], [9, 2], [10, 1], [11, 1], [12, 1], [13, 2], [12, 2], [13, 1], [14, 2], [15, 1], [15, 2], [16, 1], [17, 2], [18, 3], [18, 2], [19, 2], [19, 1], [20, 2], [21, 1], [20, 0], [21, 0], [20, 1], [21, 1], [20, 2], [19, 3], [19, 2], [18, 1], [18, 2], [19, 3], [20, 3], [21, 4], [20, 4], [19, 5], [18, 6], [19, 7], [18, 8], [19, 7], [20, 7], [19, 7], [19, 8], [19, 9], [18, 9], [17, 9]]
