[[26, 13], [25, 14], [24, 15], [23, 14], [22, 15], [21, 14], [20, 13], [19, 12], [18, 13], [17, 13], [16, 13], [15, 12], [14, 11], [13, 11], [12, 10], [11, 9]]
[[26, 13], [25, 12], [24, 13], [23, 14], [22, 15], [21, 14], [20, 13], [19, 13], [18, 13], [17, 14], [16, 13], [15, 12], [14, 11], [13, 11], [12, 10], [11, 9]]
[[26, 13], [25, 13], [24, 12], [23, 13], [22, 14], [21, 15], [20, 16], [19, 15], [18, 14], [17, 13], [16, 12], [15, 11], [14, 12], [13, 11], [12, 10], [11, 9]]
[[26, 13], [25, 13], [24, 13], [23, 13], [22, 14], [21, 14], [20, 14], [19, 14], [18, 13], [17, 12], [16, 13], [15, 12], [14, 11], [13, 11], [12, 10], [11, 9]]
[[26, 13], [25, 14], [24, 15], [23, 14], [22, 15], [21, 14], [20, 13], [19, 12], [18, 13], [17, 13], [16, 13], [15, 12], [14, 11], [13, 11], [12, 10], [11, 9]]
[[26, 13], [25, 12], [24, 12], [23, 13], [22, 14], [21, 13], [20, 13], [19, 12], [18, 12], [17, 11], [16, 12], [15, 11], [14, 12], [13, 11], [12, 10], [11, 9]]
[[26, 13], [25, 12], [24, 12], [23, 13], [22, 14], [21, 14], [20, 14], [19, 13], [18, 13], [17, 13], [16, 13], [15, 12], [14, 11], [13, 11], [12, 10], [11, 9]]
[[26, 13], [25, 14], [24, 15], [23, 14], [22, 13], [21, 14], [20, 14], [19, 14], [18, 15], [17, 14], [16, 13], [15, 12], [14, 11], [13, 11], [12, 10], [11, 9]]
[[26, 13], [25, 13], [24, 13], [23, 13], [22, 13], [21, 14], [20, 14], [19, 13], [18, 12], [17, 11], [16, 12], [15, 13], [14, 12], [13, 11], [12, 10], [11, 9]]
[[26, 13], [25, 13], [24, 13], [23, 13], [22, 14], [21, 14], [20, 14], [19, 14], [18, 14], [17, 14], [16, 14], [15, 13], [14, 12], [13, 11], [12, 10], [11, 9]]
[[26, 13], [25, 13], [24, 13], [23, 14], [22, 14], [21, 15], [20, 16], [19, 16], [18, 15], [17, 15], [16, 14], [15, 13], [14, 12], [13, 11], [12, 10], [11, 9]]
[[26, 13], [25, 13], [24, 13], [23, 14], [22, 15], [21, 14], [20, 14], [19, 14], [18, 14], [17, 13], [16, 13], [15, 12], [14, 12], [13, 11], [12, 10], [11, 9]]
[[26, 13], [25, 13], [24, 12], [23, 13], [22, 13], [21, 13], [20, 13], [19, 14], [18, 15], [17, 15], [16, 14], [15, 13], [14, 12], [13, 11], [12, 10], [11, 9]]
[[26, 13], [25, 13], [24, 13], [23, 14], [22, 15], [21, 16], [20, 17], [19, 16], [18, 15], [17, 14], [16, 14], [15, 13], [14, 12], [13, 11], [12, 10], [11, 9]]
[[26, 13], [25, 14], [24, 13], [23, 14], [22, 13], [21, 13], [20, 13], [19, 13], [18, 13], [17, 14], [16, 13], [15, 12], [14, 11], [13, 11], [12, 10], [11, 9]]
[[26, 13], [25, 14], [24, 14], [24, 15], [25, 16], [24, 16], [23, 16], [22, 16], [21, 15], [20, 14], [19, 15], [19, 14], [18, 13], [17, 12], [17, 11], [18, 12], [17, 11], [16, 12], [15, 13], [14, 12], [13, 11], [12, 10], [11, 9]]
[[26, 13], [25, 13], [26, 14], [25, 14], [25, 15], [24, 15], [25, 15], [24, 15], [23, 14], [22, 15], [21, 15], [20, 16], [19, 17], [19, 18], [18, 18], [17, 18], [16, 17], [16, 16], [15, 15], [16, 14], [15, 13], [14, 12], [13, 11], [12, 10], [12, 11], [12, 10], [11, 10], [11, 9]]
[[26, 13], [25, 14], [25, 15], [24, 15], [25, 16], [24, 15], [23, 16], [22, 16], [21, 15], [20, 14], [19, 15], [20, 16], [20, 15], [19, 14], [19, 15], [18, 14], [18, 13], [17, 14], [17, 13], [18, 12], [17, 13], [16, 12], [15, 12], [14, 12], [13, 11], [12, 10], [12, 9], [11, 10], [11, 9]]
[[26, 13], [26, 14], [27, 15], [26, 14], [25, 15], [24, 15], [23, 14], [22, 15], [21, 16], [20, 15], [20, 16], [19, 15], [18, 14], [17, 14], [17, 13], [17, 14], [16, 13], [15, 13], [16, 14], [15, 14], [16, 13], [16, 14], [15, 13], [14, 12], [14, 11], [13, 11], [12, 10], [12, 9], [12, 10], [11, 9]]
[[26, 13], [25, 14], [26, 15], [26, 14], [25, 15], [24, 16], [23, 17], [22, 16], [22, 15], [21, 15], [21, 14], [21, 13], [21, 12], [20, 13], [19, 12], [18, 13], [17, 12], [17, 11], [16, 10], [15, 9], [16, 8], [15, 8], [14, 9], [15, 8], [14, 7], [13, 7], [12, 7], [11, 8], [10, 8], [9, 9], [10, 10], [11, 9]]
