[[2, 16], [3, 15], [4, 15], [5, 14], [6, 13], [7, 12], [8, 11], [9, 10], [10, 10], [11, 9], [12, 8], [13, 9], [14, 9]]
[[2, 16], [3, 15], [4, 14], [5, 14], [6, 13], [7, 12], [8, 11], [9, 10], [10, 10], [11, 9], [12, 8], [13, 9], [14, 9]]
[[2, 16], [3, 15], [4, 14], [5, 13], [6, 13], [7, 12], [8, 11], [9, 12], [10, 11], [11, 10], [12, 10], [13, 10], [14, 9]]
[[2, 16], [3, 15], [4, 14], [5, 13], [6, 13], [7, 12], [8, 11], [9, 12], [10, 11], [11, 11], [12, 11], [13, 10], [14, 9]]
[[2, 16], [3, 15], [4, 15], [5, 14], [6, 13], [7, 12], [8, 11], [9, 10], [10, 10], [11, 9], [12, 8], [13, 9], [14, 9]]
[[2, 16], [3, 15], [4, 14], [5, 13], [6, 12], [7, 12], [8, 11], [9, 12], [10, 11], [11, 11], [12, 10], [13, 9], [14, 9]]
[[2, 16], [3, 15], [4, 14], [5, 14], [6, 13], [7, 13], [8, 12], [9, 12], [10, 11], [11, 10], [12, 10], [13, 9], [14, 9]]
[[2, 16], [3, 15], [4, 14], [5, 13], [6, 12], [7, 11], [8, 10], [9, 10], [10, 10], [11, 10], [12, 10], [13, 9], [14, 9]]
[[2, 16], [3, 16], [4, 15], [5, 14], [6, 13], [7, 14], [8, 13], [9, 12], [10, 11], [11, 10], [12, 11], [13, 10], [14, 9]]
[[2, 16], [3, 15], [4, 15], [5, 14], [6, 13], [7, 12], [8, 11], [9, 12], [10, 11], [11, 11], [12, 10], [13, 10], [14, 9]]
[[2, 16], [3, 15], [4, 14], [5, 14], [6, 13], [7, 12], [8, 12], [9, 12], [10, 11], [11, 12], [12, 11], [13, 10], [14, 9]]
[[2, 16], [3, 15], [4, 14], [5, 13], [6, 12], [7, 12], [8, 11], [9, 10], [10, 10], [11, 9], [12, 10], [13, 9], [14, 9]]
[[2, 16], [3, 15], [4, 14], [5, 13], [6, 12], [7, 11], [8, 11], [9, 12], [10, 13], [11, 12], [12, 11], [13, 10], [14, 9]]
[[2, 16], [3, 15], [4, 14], [5, 13], [6, 12], [7, 11], [8, 11], [9, 12], [10, 11], [11, 11], [12, 11], [13, 10], [14, 9]]
[[2, 16], [3, 16], [4, 15], [5, 14], [6, 13], [7, 13], [8, 13], [9, 12], [10, 11], [10, 10], [11, 11], [12, 11], [13, 10], [14, 9]]
[[2, 16], [3, 16], [4, 15], [5, 14], [6, 13], [7, 12], [8, 12], [9, 12], [10, 11], [11, 11], [12, 10], [13, 11], [13, 10], [14, 9]]
[[2, 16], [3, 15], [4, 14], [5, 13], [4, 12], [5, 11], [6, 10], [7, 9], [8, 10], [9, 10], [10, 11], [11, 10], [12, 10], [13, 9], [14, 8], [14, 9]]
[[2, 16], [3, 15], [3, 14], [4, 14], [4, 13], [5, 12], [5, 11], [6, 10], [7, 9], [8, 9], [9, 10], [9, 9], [10, 8], [11, 7], [12, 8], [13, 9], [13, 10], [14, 9]]
[[2, 16], [3, 15], [2, 14], [3, 13], [4, 13], [3, 14], [4, 13], [5, 12], [5, 11], [6, 10], [7, 11], [8, 12], [9, 12], [10, 11], [11, 10], [11, 11], [12, 10], [13, 9], [14, 8], [14, 9]]
[[2, 16], [2, 15], [2, 14], [1, 13], [2, 13], [3, 13], [4, 12], [4, 11], [5, 10], [6, 10], [7, 9], [8, 10], [9, 10], [9, 9], [10, 10], [11, 10], [12, 10], [13, 9], [14, 8], [14, 9]]
