[[4, 4], [5, 5], [6, 5], [7, 6], [8, 7], [9, 8], [10, 9], [11, 8], [12, 9], [13, 8], [14, 8], [15, 9], [16, 9], [17, 9], [18, 10], [19, 11]]
[[4, 4], [5, 5], [6, 6], [7, 5], [8, 6], [9, 6], [10, 7], [11, 6], [12, 7], [13, 7], [14, 8], [15, 8], [16, 8], [17, 9], [18, 10], [19, 11]]
[[4, 4], [5, 5], [6, 4], [7, 5], [8, 5], [9, 6], [10, 6], [11, 7], [12, 7], [13, 6], [14, 7], [15, 8], [16, 9], [17, 10], [18, 11], [19, 11]]
[[4, 4], [5, 4], [6, 5], [7, 5], [8, 6], [9, 7], [10, 7], [11, 8], [12, 9], [13, 8], [14, 9], [15, 9], [16, 10], [17, 10], [18, 10], [19, 11]]
[[4, 4], [5, 5], [6, 6], [7, 7], [8, 8], [9, 8], [10, 8], [11, 8], [12, 9], [13, 8], [14, 8], [15, 8], [16, 9], [17, 10], [18, 11], [19, 11]]
[[4, 4], [5, 5], [6, 6], [7, 7], [8, 8], [9, 7], [10, 6], [11, 7], [12, 7], [13, 6], [14, 6], [15, 7], [16, 8], [17, 9], [18, 10], [19, 11]]
[[4, 4], [5, 5], [6, 5], [7, 6], [8, 7], [9, 8], [10, 9], [11, 8], [12, 9], [13, 8], [14, 8], [15, 9], [16, 9], [17, 9], [18, 10], [19, 11]]
[[4, 4], [5, 4], [6, 4], [7, 5], [8, 6], [9, 6], [10, 6], [11, 7], [12, 7], [13, 8], [14, 9], [15, 8], [16, 9], [17, 10], [18, 11], [19, 11]]
[[4, 4], [5, 4], [6, 5], [7, 6], [8, 7], [9, 8], [10, 8], [11, 7], [12, 7], [13, 7], [14, 8], [15, 9], [16, 9], [17, 9], [18, 10], [19, 11]]
[[4, 4], [5, 4], [6, 5], [7, 5], [8, 5], [9, 6], [10, 7], [11, 7], [12, 8], [13, 8], [14, 8], [15, 9], [16, 10], [17, 11], [18, 11], [19, 11]]
[[4, 4], [5, 5], [6, 4], [7, 5], [8, 5], [9, 6], [10, 7], [11, 7], [12, 7], [13, 8], [14, 9], [15, 10], [16, 11], [17, 12], [18, 12], [19, 11]]
[[4, 4], [5, 4], [6, 4], [7, 4], [8, 5], [9, 6], [10, 7], [11, 8], [12, 7], [13, 7], [14, 8], [15, 8], [16, 9], [17, 10], [18, 10], [19, 11]]
[[4, 4], [5, 5], [6, 4], [7, 5], [8, 6], [9, 7], [10, 8], [11, 8], [12, 7], [13, 8], [14, 9], [15, 10], [16, 11], [17, 11], [18, 11], [19, 11]]
[[4, 4], [5, 4], [6, 5], [7, 6], [8, 7], [9, 8], [10, 9], [11, 8], [12, 9], [13, 8], [14, 9], [15, 10], [16, 11], [17, 10], [18, 10], [19, 11]]
[[4, 4], [5, 5], [6, 6], [7, 7], [8, 7], [9, 6], [10, 7], [11, 6], [12, 6], [13, 7], [14, 8], [15, 9], [16, 10], [17, 11], [18, 11], [19, 11]]
[[4, 4], [5, 5], [6, 6], [7, 7], [8, 7], [9, 8], [10, 7], [11, 8], [12, 9], [12, 8], [13, 8], [14, 8], [15, 9], [15, 10], [16, 11], [17, 12], [18, 12], [19, 11]]
[[4, 4], [5, 5], [6, 6], [7, 7], [8, 7], [7, 7], [8, 8], [9, 8], [10, 7], [11, 6], [12, 7], [12, 8], [13, 8], [14, 9], [15, 8], [16, 9], [17, 10], [18, 11], [19, 11]]
[[4, 4], [5, 5], [6, 6], [7, 7], [8, 7], [7, 7], [8, 8], [9, 8], [10, 7], [11, 7], [12, 7], [13, 7], [14, 8], [15, 7], [16, 8], [16, 9], [17, 10], [18, 10], [18, 11], [18, 12], [18, 11], [19, 11]]
[[4, 4], [5, 5], [5, 4], [6, 5], [5, 5], [6, 5], [7, 5], [8, 6], [9, 6], [10, 7], [11, 8], [12, 7], [12, 8], [13, 7], [14, 7], [15, 6], [14, 7], [15, 8], [15, 9], [15, 8], [14, 9], [15, 9], [16, 10], [17, 10], [18, 11], [19, 11]]
[[4, 4], [3, 4], [4, 4], [4, 3], [5, 4], [5, 5], [6, 5], [7, 5], [7, 6], [7, 5], [8, 5], [9, 6], [10, 7], [10, 6], [10, 7], [11, 6], [12, 6], [12, 5], [11, 6], [10, 7], [10, 6], [11, 6], [12, 7], [13, 7], [14, 8], [15, 8], [15, 9], [16, 10], [17, 9], [17, 8], [17, 9], [17, 10], [18, 11], [19, 11]]
