[[16, 13], [17, 14], [18, 13], [19, 14], [20, 14], [21, 15], [22, 16]]
[[16, 13], [17, 14], [18, 15], [19, 15], [20, 15], [21, 16], [22, 16]]
[[16, 13], [17, 13], [18, 14], [19, 15], [20, 15], [21, 16], [22, 16]]
[[16, 13], [17, 14], [18, 15], [19, 14], [20, 14], [21, 15], [22, 16]]
[[16, 13], [17, 14], [18, 13], [19, 14], [20, 15], [21, 16], [22, 16]]
[[16, 13], [17, 14], [18, 15], [19, 16], [20, 17], [21, 16], [22, 16]]
[[16, 13], [17, 12], [18, 13], [19, 14], [20, 15], [21, 15], [22, 16]]
[[16, 13], [17, 13], [18, 14], [19, 15], [20, 16], [21, 16], [22, 16]]
[[16, 13], [17, 14], [18, 15], [19, 16], [20, 15], [21, 15], [22, 16]]
[[16, 13], [17, 14], [18, 15], [19, 15], [20, 16], [21, 16], [22, 16]]
[[16, 13], [17, 14], [18, 13], [19, 14], [20, 14], [21, 15], [22, 16]]
[[16, 13], [16, 12], [17, 13], [18, 14], [19, 15], [20, 16], [21, 15], [22, 16]]
[[16, 13], [17, 14], [18, 13], [18, 14], [19, 15], [20, 16], [21, 17], [22, 16]]
[[16, 13], [17, 14], [18, 14], [17, 15], [16, 15], [16, 16], [15, 17], [15, 18], [16, 19], [15, 19], [16, 19], [17, 18], [17, 17], [18, 18], [19, 18], [20, 18], [21, 18], [21, 19], [22, 19], [23, 18], [23, 17], [23, 16], [24, 15], [25, 16], [25, 15], [25, 14], [26, 13], [25, 12], [26, 11], [25, 12], [25, 13], [26, 14], [26, 15], [27, 16], [26, 17], [26, 18], [25, 17], [24, 17], [24, 18], [23, 18], [24, 18], [23, 18], [23, 17], [22, 16]]
[[16, 13], [17, 14], [16, 15], [17, 14], [18, 13], [19, 13], [19, 12], [20, 13], [21, 14], [22, 13], [23, 14], [24, 15], [25, 16], [24, 17], [23, 18], [22, 19], [21, 19], [20, 18], [21, 18], [20, 17], [20, 18], [19, 18], [19, 19], [18, 19], [19, 18], [18, 19], [19, 19], [18, 19], [19, 18], [18, 17], [18, 16], [19, 15], [20, 16], [21, 16], [22, 15], [23, 14], [22, 15], [22, 14], [21, 15], [20, 16], [19, 16], [18, 17], [19, 18], [20, 18], [21, 18], [21, 17], [21, 16], [21, 17], [22, 16]]
