[[13, 15], [12, 14], [12, 13], [11, 12], [10, 11], [9, 10], [8, 9], [7, 8], [6, 7], [5, 6], [5, 5], [4, 4], [3, 3], [2, 2]]
[[13, 15], [13, 14], [12, 13], [11, 12], [10, 11], [9, 10], [8, 9], [7, 8], [6, 7], [5, 6], [5, 5], [4, 4], [3, 3], [2, 2]]
[[13, 15], [13, 14], [12, 13], [11, 12], [10, 11], [9, 10], [8, 9], [7, 8], [6, 7], [5, 6], [4, 5], [3, 4], [2, 3], [2, 2]]
[[13, 15], [12, 14], [12, 13], [11, 12], [10, 11], [9, 10], [8, 9], [7, 8], [6, 7], [5, 6], [5, 5], [4, 4], [3, 3], [2, 2]]
[[13, 15], [13, 14], [12, 13], [11, 12], [10, 11], [9, 10], [8, 9], [8, 8], [7, 7], [6, 6], [5, 5], [4, 4], [3, 3], [2, 2]]
[[13, 15], [12, 14], [11, 13], [11, 12], [10, 11], [9, 10], [8, 9], [7, 8], [6, 7], [5, 6], [4, 5], [3, 4], [2, 3], [2, 2]]
[[13, 15], [12, 14], [11, 13], [11, 12], [10, 11], [9, 10], [8, 9], [7, 8], [6, 7], [6, 6], [5, 5], [4, 4], [3, 3], [2, 2]]
[[13, 15], [12, 14], [11, 13], [11, 12], [10, 11], [9, 10], [8, 9], [7, 8], [7, 7], [6, 6], [5, 5], [4, 4], [3, 3], [2, 2]]
[[13, 15], [12, 14], [11, 13], [11, 12], [10, 11], [9, 10], [8, 9], [8, 8], [7, 7], [6, 6], [5, 5], [4, 4], [3, 3], [2, 2]]
[[13, 15], [12, 14], [12, 13], [11, 12], [10, 11], [9, 10], [8, 9], [8, 8], [7, 7], [6, 6], [5, 5], [4, 4], [3, 3], [2, 2]]
[[13, 15], [12, 14], [12, 13], [11, 12], [10, 11], [10, 10], [9, 9], [8, 8], [7, 7], [6, 6], [5, 5], [4, 4], [3, 3], [2, 2]]
[[13, 15], [12, 14], [11, 13], [11, 12], [10, 11], [9, 10], [8, 9], [7, 8], [6, 7], [5, 6], [4, 5], [3, 4], [3, 3], [2, 2]]
[[13, 15], [12, 14], [11, 13], [11, 12], [10, 11], [9, 10], [8, 9], [8, 8], [7, 7], [6, 6], [5, 5], [4, 4], [3, 3], [2, 2]]
[[13, 15], [12, 14], [12, 13], [11, 12], [10, 11], [9, 10], [8, 9], [7, 8], [6, 7], [5, 6], [4, 5], [3, 4], [3, 3], [2, 2]]
[[13, 15], [12, 14], [11, 13], [11, 12], [10, 11], [9, 10], [8, 9], [7, 8], [6, 7], [5, 6], [5, 5], [4, 4], [3, 3], [2, 2]]
[[13, 15], [13, 14], [12, 13], [11, 12], [10, 11], [9, 10], [8, 9], [7, 8], [6, 7], [5, 6], [5, 5], [4, 4], [4, 3], [3, 2], [3, 1], [2, 2]]
[[13, 15], [13, 14], [12, 13], [11, 12], [10, 11], [9, 10], [8, 10], [7, 9], [6, 8], [5, 7], [5, 6], [5, 5], [5, 4], [4, 3], [3, 3], [2, 2]]
[[13, 15], [13, 14], [12, 13], [11, 12], [10, 11], [9, 10], [8, 9], [7, 9], [6, 8], [5, 7], [5, 6], [5, 5], [5, 4], [4, 4], [4, 3], [3, 3], [2, 3], [2, 2]]
[[13, 15], [12, 14], [13, 14], [12, 13], [11, 12], [10, 11], [11, 10], [10, 10], [11, 9], [10, 8], [9, 7], [9, 8], [8, 7], [7, 6], [6, 5], [6, 4], [5, 3], [4, 3], [3, 4], [3, 3], [2, 2]]
[[13, 15], [12, 14], [11, 14], [12, 13], [11, 12], [10, 11], [9, 10], [8, 9], [7, 10], [7, 9], [7, 8], [6, 7], [7, 6], [6, 5], [5, 5], [4, 4], [3, 4], [2, 3], [2, 2], [2, 1], [2, 2]]
