[[26, 18], [25, 18], [24, 17], [23, 16], [22, 17], [21, 18], [20, 18], [19, 17], [18, 18], [17, 17], [16, 16], [15, 17], [14, 16], [13, 15]]
[[26, 18], [25, 19], [24, 19], [23, 19], [22, 18], [21, 17], [20, 16], [19, 15], [18, 16], [17, 16], [16, 17], [15, 16], [14, 16], [13, 15]]
[[26, 18], [25, 18], [24, 17], [23, 16], [22, 17], [21, 18], [20, 18], [19, 17], [18, 16], [17, 15], [16, 16], [15, 17], [14, 16], [13, 15]]
[[26, 18], [25, 19], [24, 19], [23, 18], [22, 17], [21, 17], [20, 17], [19, 17], [18, 17], [17, 16], [16, 15], [15, 16], [14, 15], [13, 15]]
[[26, 18], [25, 19], [24, 19], [23, 19], [22, 18], [21, 17], [20, 16], [19, 15], [18, 16], [17, 16], [16, 16], [15, 16], [14, 15], [13, 15]]
[[26, 18], [25, 18], [24, 19], [23, 18], [22, 17], [21, 16], [20, 17], [19, 18], [18, 17], [17, 17], [16, 17], [15, 16], [14, 15], [13, 15]]
[[26, 18], [25, 19], [24, 19], [23, 18], [22, 17], [21, 18], [20, 17], [19, 17], [18, 17], [17, 16], [16, 17], [15, 17], [14, 16], [13, 15]]
[[26, 18], [25, 18], [24, 19], [23, 19], [22, 18], [21, 17], [20, 17], [19, 16], [18, 16], [17, 15], [16, 15], [15, 14], [14, 15], [13, 15]]
[[26, 18], [25, 18], [24, 17], [23, 16], [22, 17], [21, 18], [20, 18], [19, 17], [18, 18], [17, 17], [16, 16], [15, 17], [14, 16], [13, 15]]
[[26, 18], [25, 19], [24, 19], [23, 18], [22, 18], [21, 17], [20, 17], [19, 16], [18, 16], [17, 16], [16, 15], [15, 15], [14, 15], [13, 15]]
[[26, 18], [25, 19], [24, 19], [23, 18], [22, 17], [21, 17], [20, 17], [19, 17], [18, 17], [17, 17], [16, 16], [15, 16], [14, 15], [13, 16], [13, 15]]
[[26, 18], [25, 18], [24, 17], [23, 16], [22, 15], [21, 16], [20, 17], [19, 18], [19, 19], [18, 18], [17, 18], [16, 17], [16, 16], [15, 17], [14, 16], [13, 15]]
[[26, 18], [25, 19], [24, 19], [23, 19], [22, 19], [21, 18], [20, 17], [20, 18], [19, 18], [18, 17], [18, 16], [17, 15], [17, 14], [16, 14], [15, 14], [14, 15], [14, 16], [13, 15]]
[[26, 18], [25, 17], [24, 16], [23, 15], [22, 14], [22, 15], [21, 14], [20, 15], [20, 14], [19, 15], [19, 14], [18, 13], [17, 13], [17, 14], [16, 15], [15, 15], [14, 16], [13, 15]]
[[26, 18], [25, 17], [24, 16], [23, 15], [22, 16], [22, 15], [21, 16], [20, 17], [19, 18], [19, 19], [19, 18], [18, 17], [18, 16], [17, 16], [16, 15], [15, 14], [15, 15], [16, 16], [16, 15], [16, 16], [15, 16], [15, 15], [14, 15], [13, 15]]
[[26, 18], [25, 17], [24, 17], [25, 18], [26, 19], [25, 19], [24, 19], [23, 18], [23, 19], [22, 19], [21, 18], [21, 19], [22, 18], [21, 17], [22, 16], [22, 15], [21, 15], [20, 16], [19, 17], [19, 16], [20, 17], [19, 16], [18, 15], [17, 15], [17, 16], [16, 15], [16, 14], [15, 15], [14, 15], [13, 15]]
[[26, 18], [27, 19], [27, 18], [28, 18], [28, 17], [27, 16], [26, 17], [26, 16], [27, 15], [28, 15], [29, 16], [29, 15], [28, 14], [27, 14], [26, 14], [25, 15], [24, 15], [23, 16], [22, 17], [23, 18], [24, 19], [25, 18], [24, 17], [24, 16], [23, 15], [22, 15], [22, 16], [21, 15], [20, 16], [21, 17], [20, 17], [20, 18], [19, 19], [20, 19], [19, 18], [19, 17], [18, 18], [17, 17], [16, 17], [16, 16], [17, 15], [17, 14], [18, 13], [17, 12], [16, 13], [16, 12], [15, 12], [15, 13], [14, 12], [13, 13], [12, 12], [11, 12], [10, 11], [10, 12], [9, 12], [8, 11], [7, 12], [6, 11], [5, 11], [6, 12], [6, 13], [5, 12], [5, 13], [4, 13], [4, 12], [3, 13], [2, 12], [1, 12], [0, 12], [0, 13], [1, 14], [1, 15], [2, 16], [2, 17], [2, 18], [2, 19], [3, 19], [3, 18], [4, 17], [3, 16], [4, 16], [4, 15], [5, 16], [6, 17], [7, 17], [6, 16], [5, 15], [4, 14], [5, 14], [6, 14], [7, 13], [8, 12], [8, 13], [7, 14], [8, 14], [8, 15], [9, 14], [9, 15], [10, 14], [11, 13], [12, 14], [13, 14], [12, 13], [13, 12], [14, 13], [15, 14], [16, 15], [16, 14], [15, 15], [14, 16], [15, 17], [14, 18], [13, 17], [13, 18], [14, 17], [13, 16], [12, 17], [11, 17], [12, 16], [11, 16], [12, 15], [13, 14], [14, 15], [13, 16], [13, 17], [14, 16], [13, 15]]
