[[28, 8], [29, 7], [28, 6], [27, 5], [26, 4], [27, 3]]
[[28, 8], [27, 7], [28, 6], [29, 5], [28, 4], [27, 3]]
[[28, 8], [29, 7], [29, 6], [28, 5], [28, 4], [27, 3]]
[[28, 8], [29, 7], [28, 6], [27, 5], [26, 4], [27, 3]]
[[28, 8], [28, 7], [27, 6], [27, 5], [28, 4], [27, 3]]
[[28, 8], [28, 7], [28, 6], [27, 5], [26, 4], [27, 3]]
[[28, 8], [29, 7], [28, 6], [28, 5], [28, 4], [27, 3]]
[[28, 8], [29, 7], [28, 6], [27, 5], [26, 4], [27, 3]]
[[28, 8], [27, 7], [27, 6], [27, 5], [26, 4], [27, 3]]
[[28, 8], [29, 9], [28, 9], [29, 8], [28, 7], [29, 7], [28, 6], [27, 5], [28, 4], [27, 3]]
