[[20, 19], [20, 18], [21, 17], [21, 16], [20, 15], [19, 14], [19, 13], [18, 12], [19, 11], [20, 10], [21, 9], [21, 8]]
[[20, 19], [21, 18], [22, 17], [22, 16], [21, 15], [20, 14], [20, 13], [20, 12], [19, 11], [20, 10], [20, 9], [21, 8]]
[[20, 19], [20, 18], [21, 17], [20, 16], [21, 15], [20, 14], [19, 13], [18, 12], [18, 11], [19, 10], [20, 9], [21, 8]]
[[20, 19], [19, 18], [19, 17], [20, 16], [20, 15], [19, 14], [20, 13], [19, 12], [19, 11], [20, 10], [20, 9], [21, 8]]
[[20, 19], [20, 18], [21, 17], [21, 16], [20, 15], [19, 14], [19, 13], [18, 12], [19, 11], [20, 10], [21, 9], [21, 8]]
[[20, 19], [20, 18], [20, 17], [20, 16], [19, 15], [19, 14], [20, 13], [19, 12], [19, 11], [19, 10], [20, 9], [21, 8]]
[[20, 19], [21, 18], [21, 17], [21, 16], [21, 15], [21, 14], [20, 13], [21, 12], [21, 11], [21, 10], [21, 9], [21, 8]]
[[20, 19], [21, 18], [22, 17], [21, 16], [20, 15], [19, 14], [20, 13], [21, 12], [22, 11], [22, 10], [22, 9], [21, 8]]
[[20, 19], [21, 18], [21, 17], [21, 16], [20, 15], [20, 14], [19, 13], [20, 12], [21, 11], [20, 10], [20, 9], [21, 8]]
[[20, 19], [21, 18], [21, 17], [21, 16], [20, 15], [20, 14], [19, 13], [19, 12], [19, 11], [20, 10], [21, 9], [21, 8]]
[[20, 19], [21, 18], [21, 17], [21, 16], [20, 15], [19, 14], [19, 13], [20, 12], [21, 11], [20, 10], [20, 9], [21, 8]]
[[20, 19], [21, 18], [22, 17], [22, 16], [21, 15], [20, 14], [20, 13], [20, 12], [21, 11], [21, 10], [20, 9], [21, 8]]
[[20, 19], [20, 18], [21, 17], [20, 16], [20, 15], [20, 14], [21, 13], [22, 12], [21, 11], [20, 10], [20, 9], [21, 8]]
[[20, 19], [21, 18], [21, 17], [20, 16], [21, 15], [21, 14], [20, 13], [19, 12], [19, 11], [19, 10], [20, 9], [21, 8]]
[[20, 19], [20, 18], [21, 17], [20, 16], [21, 15], [20, 14], [19, 13], [18, 12], [18, 11], [19, 11], [18, 10], [19, 9], [19, 8], [20, 8], [20, 9], [21, 8]]
[[20, 19], [19, 18], [19, 17], [20, 16], [21, 15], [20, 15], [21, 14], [21, 13], [22, 14], [21, 15], [21, 14], [22, 13], [21, 12], [21, 11], [20, 10], [21, 9], [22, 9], [23, 9], [22, 8], [22, 9], [21, 8]]
[[20, 19], [21, 18], [22, 19], [23, 18], [24, 17], [23, 16], [23, 15], [22, 16], [21, 15], [20, 14], [21, 14], [22, 13], [22, 14], [23, 15], [24, 14], [24, 13], [24, 12], [23, 11], [22, 10], [21, 10], [22, 11], [23, 10], [22, 9], [21, 8]]
[[20, 19], [19, 18], [18, 19], [18, 18], [17, 19], [16, 19], [17, 18], [17, 19], [16, 19], [15, 18], [14, 18], [13, 18], [13, 17], [12, 18], [13, 18], [12, 17], [12, 16], [13, 16], [12, 15], [11, 14], [10, 13], [10, 12], [9, 12], [9, 13], [8, 14], [7, 15], [8, 14], [7, 13], [6, 12], [5, 13], [4, 14], [3, 14], [2, 14], [1, 14], [2, 15], [1, 16], [1, 15], [2, 15], [1, 15], [0, 14], [1, 13], [0, 12], [1, 11], [2, 11], [1, 11], [2, 10], [1, 9], [2, 9], [3, 8], [2, 7], [1, 7], [1, 6], [0, 7], [1, 6], [2, 6], [1, 5], [2, 4], [2, 3], [1, 4], [0, 3], [1, 2], [2, 2], [1, 1], [2, 1], [2, 0], [3, 0], [4, 0], [4, 1], [5, 2], [6, 2], [7, 1], [7, 0], [8, 0], [9, 1], [9, 2], [8, 3], [7, 4], [6, 4], [5, 5], [4, 5], [4, 6], [5, 7], [5, 8], [5, 9], [6, 10], [7, 9], [8, 10], [9, 11], [8, 11], [8, 10], [9, 11], [10, 11], [11, 10], [10, 10], [11, 9], [11, 8], [12, 8], [13, 9], [14, 9], [15, 10], [16, 10], [17, 11], [17, 10], [16, 11], [17, 12], [18, 13], [18, 14], [18, 13], [19, 13], [18, 12], [18, 11], [17, 10], [16, 9], [15, 9], [14, 8], [14, 7], [14, 6], [13, 6], [14, 5], [15, 4], [16, 5], [16, 6], [16, 7], [16, 8], [16, 9], [15, 8], [14, 8], [15, 7], [14, 7], [13, 8], [12, 7], [11, 6], [10, 7], [11, 8], [12, 7], [12, 6], [12, 5], [13, 5], [14, 5], [13, 4], [12, 3], [13, 2], [14, 3], [15, 4], [14, 4], [14, 5], [15, 6], [16, 5], [17, 4], [17, 5], [18, 5], [19, 6], [19, 7], [18, 6], [19, 5], [19, 4], [20, 4], [20, 3], [19, 2], [20, 3], [21, 4], [22, 5], [23, 5], [24, 6], [25, 7], [25, 8], [26, 8], [26, 9], [25, 8], [24, 7], [25, 6], [25, 5], [26, 5], [25, 5], [26, 6], [25, 7], [26, 8], [27, 7], [27, 8], [27, 9], [28, 10], [27, 11], [26, 11], [27, 10], [28, 10], [28, 9], [28, 8], [28, 7], [29, 6], [29, 5], [29, 4], [28, 4], [29, 3], [29, 2], [29, 1], [29, 0], [28, 0], [27, 1], [26, 1], [27, 1], [26, 2], [27, 2], [26, 1], [26, 2], [27, 3], [27, 4], [27, 3], [26, 4], [25, 3], [24, 2], [23, 1], [22, 2], [21, 1], [20, 0], [21, 0], [21, 1], [20, 2], [21, 3], [22, 4], [23, 4], [22, 5], [21, 6], [22, 5], [23, 6], [23, 7], [22, 8], [22, 9], [22, 8], [23, 7], [24, 6], [24, 7], [25, 8], [24, 9], [25, 10], [24, 10], [25, 9], [24, 10], [24, 11], [23, 12], [23, 13], [22, 14], [21, 15], [21, 16], [21, 15], [20, 15], [20, 14], [19, 13], [18, 14], [17, 15], [18, 16], [19, 17], [20, 18], [21, 17], [22, 17], [22, 18], [22, 19], [23, 18], [24, 17], [24, 16], [25, 15], [24, 15], [25, 15], [26, 15], [27, 16], [28, 15], [29, 15], [29, 14], [29, 15], [29, 16], [29, 17], [28, 18], [28, 17], [27, 17], [26, 18], [25, 17], [24, 16], [24, 17], [24, 16], [23, 15], [23, 14], [24, 13], [24, 12], [25, 11], [24, 12], [23, 11], [22, 11], [23, 11], [22, 10], [21, 9], [20, 10], [19, 10], [18, 9], [19, 10], [20, 9], [20, 8], [20, 7], [21, 8]]
