[[26, 10], [26, 9], [25, 8], [24, 7], [23, 6], [22, 5], [21, 5], [20, 4], [19, 3], [18, 3], [17, 3], [16, 2], [15, 1], [14, 2], [13, 3], [12, 2], [11, 1], [10, 0], [9, 0], [8, 1], [7, 2], [6, 2], [5, 2], [4, 2], [3, 1], [2, 1], [1, 1], [0, 1]]
[[26, 10], [26, 9], [25, 8], [24, 7], [23, 6], [22, 6], [21, 6], [20, 5], [19, 6], [18, 5], [17, 4], [16, 5], [15, 4], [14, 3], [13, 3], [12, 2], [11, 1], [10, 0], [9, 0], [8, 0], [7, 1], [6, 1], [5, 2], [4, 2], [3, 1], [2, 1], [1, 1], [0, 1]]
[[26, 10], [26, 9], [25, 8], [24, 7], [23, 6], [22, 6], [21, 6], [20, 5], [19, 6], [18, 7], [17, 6], [16, 5], [15, 5], [14, 4], [13, 3], [12, 2], [11, 1], [10, 0], [9, 1], [8, 1], [7, 0], [6, 0], [5, 1], [4, 1], [3, 2], [2, 1], [1, 1], [0, 1]]
[[26, 10], [26, 9], [25, 8], [24, 7], [23, 6], [22, 5], [21, 4], [20, 4], [19, 4], [18, 4], [17, 3], [16, 2], [15, 1], [14, 2], [13, 1], [12, 2], [11, 1], [10, 0], [9, 1], [8, 1], [7, 0], [6, 1], [5, 2], [4, 1], [3, 1], [2, 0], [1, 1], [0, 1]]
[[26, 10], [26, 9], [25, 8], [24, 7], [23, 6], [22, 5], [21, 4], [20, 4], [19, 3], [18, 4], [17, 3], [16, 3], [15, 2], [14, 2], [13, 1], [12, 2], [11, 1], [10, 0], [9, 1], [8, 2], [7, 3], [6, 4], [5, 3], [4, 2], [3, 1], [2, 0], [1, 1], [0, 1]]
[[26, 10], [26, 9], [25, 8], [24, 7], [23, 6], [22, 5], [21, 5], [20, 4], [19, 4], [18, 4], [17, 3], [16, 2], [15, 1], [14, 0], [13, 0], [12, 0], [11, 1], [10, 0], [9, 0], [8, 0], [7, 1], [6, 1], [5, 1], [4, 1], [3, 1], [2, 0], [1, 1], [0, 1]]
[[26, 10], [26, 9], [25, 8], [24, 7], [23, 6], [22, 6], [21, 5], [20, 4], [19, 3], [18, 2], [17, 2], [16, 1], [15, 2], [14, 2], [13, 2], [12, 1], [11, 0], [10, 0], [9, 0], [8, 1], [7, 1], [6, 1], [5, 1], [4, 1], [3, 2], [2, 1], [1, 1], [0, 1]]
[[26, 10], [26, 9], [25, 8], [24, 7], [23, 7], [22, 6], [21, 5], [20, 4], [19, 4], [18, 3], [17, 2], [16, 3], [15, 3], [14, 3], [13, 2], [12, 2], [11, 1], [10, 0], [9, 0], [8, 1], [7, 1], [6, 2], [5, 2], [4, 1], [3, 2], [2, 1], [1, 1], [0, 1]]
[[26, 10], [26, 9], [25, 8], [24, 7], [23, 7], [22, 6], [21, 6], [20, 5], [19, 4], [18, 5], [17, 4], [16, 3], [15, 2], [14, 3], [13, 3], [12, 2], [11, 1], [10, 0], [9, 0], [8, 0], [7, 0], [6, 0], [5, 1], [4, 1], [3, 0], [2, 1], [1, 1], [0, 1]]
[[26, 10], [26, 9], [25, 8], [24, 7], [23, 6], [22, 5], [21, 5], [20, 4], [19, 3], [18, 3], [17, 3], [16, 3], [15, 3], [14, 2], [13, 1], [12, 0], [11, 1], [10, 0], [9, 1], [8, 1], [7, 1], [6, 0], [5, 0], [4, 1], [3, 1], [2, 0], [1, 1], [0, 1]]
[[26, 10], [26, 9], [25, 8], [24, 7], [23, 6], [22, 5], [21, 4], [20, 4], [19, 3], [18, 4], [17, 3], [16, 3], [15, 4], [14, 3], [13, 3], [12, 2], [11, 1], [10, 0], [9, 1], [8, 0], [7, 1], [6, 1], [5, 2], [4, 3], [3, 2], [2, 1], [1, 1], [0, 1]]
[[26, 10], [26, 9], [25, 8], [24, 7], [23, 6], [22, 5], [21, 5], [20, 4], [19, 4], [18, 4], [17, 3], [16, 2], [15, 1], [14, 0], [13, 0], [12, 0], [11, 1], [10, 0], [9, 0], [8, 0], [7, 0], [6, 0], [5, 0], [4, 1], [3, 1], [2, 1], [1, 1], [0, 1]]
[[26, 10], [26, 9], [25, 8], [24, 7], [23, 6], [22, 5], [21, 5], [20, 4], [19, 3], [18, 3], [17, 3], [16, 2], [15, 1], [14, 2], [13, 3], [12, 2], [11, 1], [10, 0], [9, 0], [8, 1], [7, 2], [6, 2], [5, 2], [4, 2], [3, 1], [2, 1], [1, 1], [0, 1]]
[[26, 10], [26, 9], [25, 8], [24, 7], [23, 6], [23, 5], [22, 5], [21, 5], [20, 4], [19, 3], [18, 3], [17, 2], [16, 1], [15, 1], [14, 0], [13, 1], [12, 2], [11, 1], [10, 0], [9, 0], [8, 0], [7, 1], [6, 2], [5, 2], [4, 1], [3, 2], [2, 1], [1, 1], [0, 1]]
[[26, 10], [27, 9], [26, 8], [25, 7], [24, 6], [23, 5], [22, 5], [21, 5], [20, 4], [19, 3], [18, 3], [17, 2], [16, 1], [15, 1], [14, 0], [13, 1], [12, 2], [11, 1], [10, 0], [9, 0], [8, 0], [7, 1], [6, 1], [5, 1], [4, 1], [3, 1], [2, 1], [1, 1], [0, 1]]
[[26, 10], [26, 9], [25, 8], [24, 7], [23, 6], [22, 5], [22, 4], [21, 3], [20, 4], [19, 3], [18, 4], [17, 5], [16, 5], [15, 4], [14, 3], [13, 3], [12, 2], [11, 1], [10, 0], [9, 1], [8, 0], [7, 1], [6, 0], [5, 0], [4, 1], [3, 0], [2, 1], [1, 1], [0, 1]]
[[26, 10], [26, 9], [25, 8], [24, 7], [23, 6], [22, 5], [21, 5], [20, 4], [20, 3], [19, 3], [18, 3], [17, 2], [16, 1], [15, 0], [14, 0], [13, 0], [12, 1], [11, 0], [10, 0], [9, 0], [8, 1], [7, 2], [6, 2], [5, 2], [4, 1], [3, 1], [2, 1], [1, 1], [0, 1]]
[[26, 10], [26, 9], [25, 8], [24, 7], [23, 6], [23, 5], [23, 4], [22, 5], [21, 5], [20, 5], [19, 4], [18, 4], [17, 3], [16, 2], [15, 2], [14, 2], [13, 1], [12, 0], [11, 0], [10, 0], [9, 1], [8, 2], [7, 1], [6, 2], [5, 2], [4, 1], [3, 0], [2, 0], [1, 1], [0, 1]]
[[26, 10], [27, 9], [26, 8], [25, 8], [25, 7], [24, 6], [23, 5], [22, 4], [22, 3], [21, 3], [20, 3], [19, 4], [18, 4], [17, 3], [16, 2], [15, 3], [14, 2], [13, 2], [12, 1], [11, 0], [10, 0], [9, 1], [8, 2], [7, 1], [6, 0], [5, 1], [4, 1], [3, 1], [2, 1], [1, 1], [0, 1]]
[[26, 10], [26, 9], [25, 8], [24, 7], [23, 6], [23, 5], [22, 4], [21, 4], [20, 3], [19, 3], [18, 4], [17, 4], [16, 3], [15, 4], [14, 3], [13, 2], [12, 2], [11, 1], [11, 0], [10, 0], [9, 1], [8, 2], [7, 2], [6, 1], [5, 2], [4, 1], [3, 0], [2, 1], [1, 1], [0, 0], [0, 1]]
