[[8, 0], [9, 1], [10, 2], [11, 2], [12, 2], [13, 3], [14, 3]]
[[8, 0], [9, 0], [10, 1], [11, 2], [12, 2], [13, 2], [14, 3]]
[[8, 0], [9, 1], [10, 2], [11, 2], [12, 2], [13, 3], [14, 3]]
[[8, 0], [9, 0], [10, 1], [11, 2], [12, 2], [13, 2], [14, 3]]
[[8, 0], [9, 1], [10, 2], [11, 2], [12, 2], [13, 3], [14, 3]]
[[8, 0], [9, 1], [10, 1], [11, 2], [12, 1], [13, 2], [14, 3]]
[[8, 0], [9, 1], [10, 1], [11, 2], [12, 1], [13, 2], [14, 3]]
[[8, 0], [9, 1], [10, 2], [11, 3], [12, 3], [13, 3], [14, 3]]
[[8, 0], [9, 0], [10, 1], [11, 2], [12, 3], [13, 3], [14, 3]]
[[8, 0], [9, 1], [10, 2], [11, 2], [12, 2], [13, 3], [14, 3]]
[[8, 0], [9, 1], [10, 1], [11, 2], [12, 3], [13, 3], [14, 3]]
[[8, 0], [9, 0], [10, 1], [11, 2], [12, 3], [13, 2], [14, 3]]
[[8, 0], [9, 0], [10, 1], [11, 2], [12, 3], [13, 2], [14, 3]]
[[8, 0], [9, 1], [10, 1], [11, 0], [12, 1], [13, 2], [14, 3]]
[[8, 0], [9, 1], [10, 1], [11, 2], [12, 3], [13, 3], [14, 3]]
[[8, 0], [9, 1], [10, 1], [11, 2], [12, 3], [13, 3], [14, 3]]
[[8, 0], [9, 1], [10, 1], [11, 2], [12, 1], [13, 2], [14, 3]]
[[8, 0], [9, 1], [10, 1], [11, 0], [12, 1], [13, 1], [14, 1], [13, 1], [13, 2], [14, 3]]
[[8, 0], [9, 0], [10, 1], [11, 2], [12, 2], [13, 2], [13, 3], [14, 4], [13, 3], [14, 3]]
[[8, 0], [9, 1], [9, 0], [10, 1], [11, 0], [12, 0], [13, 0], [14, 0], [15, 1], [14, 2], [14, 3]]
