[[14, 15], [13, 15], [12, 16], [11, 17], [10, 16], [9, 15], [8, 16], [7, 17], [6, 17], [5, 17], [4, 18], [3, 19]]
[[14, 15], [13, 15], [12, 15], [11, 16], [10, 16], [9, 15], [8, 16], [7, 17], [6, 18], [5, 19], [4, 19], [3, 19]]
[[14, 15], [13, 15], [12, 16], [11, 16], [10, 17], [9, 18], [8, 18], [7, 17], [6, 16], [5, 17], [4, 18], [3, 19]]
[[14, 15], [13, 15], [12, 16], [11, 17], [10, 16], [9, 15], [8, 16], [7, 17], [6, 17], [5, 17], [4, 18], [3, 19]]
[[14, 15], [13, 16], [12, 16], [11, 17], [10, 18], [9, 18], [8, 17], [7, 17], [6, 17], [5, 17], [4, 18], [3, 19]]
[[14, 15], [13, 14], [12, 15], [11, 16], [10, 16], [9, 17], [8, 16], [7, 17], [6, 18], [5, 19], [4, 18], [3, 19]]
[[14, 15], [13, 16], [12, 17], [11, 16], [10, 16], [9, 17], [8, 18], [7, 17], [6, 16], [5, 17], [4, 18], [3, 19]]
[[14, 15], [13, 16], [12, 16], [11, 17], [10, 17], [9, 18], [8, 18], [7, 17], [6, 18], [5, 19], [4, 19], [3, 19]]
[[14, 15], [13, 15], [12, 16], [11, 17], [10, 16], [9, 15], [8, 16], [7, 17], [6, 18], [5, 19], [4, 18], [3, 19]]
[[14, 15], [13, 15], [12, 16], [11, 17], [10, 17], [9, 17], [8, 17], [7, 18], [6, 18], [5, 17], [4, 18], [3, 19]]
[[14, 15], [13, 16], [12, 16], [11, 17], [10, 16], [9, 16], [8, 17], [7, 18], [6, 18], [5, 19], [4, 19], [3, 19]]
[[14, 15], [13, 15], [12, 16], [11, 17], [10, 17], [9, 17], [8, 16], [7, 17], [6, 17], [5, 17], [4, 18], [3, 19]]
[[14, 15], [13, 16], [12, 17], [11, 16], [10, 16], [9, 17], [8, 17], [7, 18], [6, 19], [5, 19], [4, 19], [3, 18], [3, 19]]
[[14, 15], [13, 16], [12, 16], [11, 17], [10, 17], [9, 17], [8, 18], [7, 17], [6, 18], [5, 17], [4, 18], [3, 18], [3, 19]]
[[14, 15], [13, 16], [12, 15], [11, 16], [10, 16], [10, 17], [9, 16], [8, 16], [7, 17], [6, 16], [5, 17], [4, 18], [3, 19]]
[[14, 15], [13, 16], [12, 16], [11, 17], [10, 17], [9, 18], [8, 17], [7, 18], [6, 19], [5, 19], [4, 18], [4, 17], [4, 18], [3, 19]]
[[14, 15], [13, 16], [12, 17], [11, 16], [10, 17], [9, 17], [8, 17], [7, 18], [6, 19], [5, 19], [4, 18], [3, 19], [4, 19], [3, 19]]
[[14, 15], [13, 15], [12, 16], [12, 17], [11, 17], [10, 17], [9, 16], [8, 16], [7, 17], [6, 17], [5, 17], [6, 18], [5, 19], [4, 18], [3, 19]]
[[14, 15], [13, 16], [12, 17], [13, 18], [12, 18], [11, 17], [10, 16], [9, 17], [9, 16], [8, 17], [7, 18], [6, 19], [5, 19], [4, 18], [4, 19], [3, 19]]
[[14, 15], [13, 16], [12, 16], [11, 17], [11, 16], [10, 17], [9, 18], [10, 19], [10, 18], [9, 17], [8, 18], [8, 19], [7, 18], [8, 18], [9, 18], [10, 17], [9, 17], [10, 18], [10, 19], [9, 19], [8, 19], [7, 19], [6, 19], [5, 19], [4, 18], [3, 19]]
