[[5, 16], [6, 16], [7, 15], [8, 14], [9, 14], [10, 13], [11, 12], [12, 12], [13, 12], [14, 11], [15, 10], [16, 9], [17, 8], [18, 7], [19, 7], [20, 6]]
[[5, 16], [6, 15], [7, 15], [8, 15], [9, 15], [10, 14], [11, 13], [12, 13], [13, 12], [14, 11], [15, 10], [16, 9], [17, 8], [18, 8], [19, 7], [20, 6]]
[[5, 16], [6, 15], [7, 14], [8, 14], [9, 13], [10, 13], [11, 13], [12, 12], [13, 11], [14, 11], [15, 10], [16, 10], [17, 9], [18, 8], [19, 7], [20, 6]]
[[5, 16], [6, 16], [7, 15], [8, 14], [9, 14], [10, 13], [11, 13], [12, 12], [13, 12], [14, 11], [15, 10], [16, 9], [17, 9], [18, 8], [19, 7], [20, 6]]
[[5, 16], [6, 16], [7, 15], [8, 14], [9, 13], [10, 12], [11, 11], [12, 11], [13, 10], [14, 9], [15, 8], [16, 7], [17, 6], [18, 5], [19, 6], [20, 6]]
[[5, 16], [6, 15], [7, 14], [8, 14], [9, 13], [10, 13], [11, 12], [12, 11], [13, 10], [14, 9], [15, 10], [16, 9], [17, 9], [18, 8], [19, 7], [20, 6]]
[[5, 16], [6, 16], [7, 15], [8, 16], [9, 15], [10, 14], [11, 13], [12, 12], [13, 11], [14, 11], [15, 10], [16, 9], [17, 9], [18, 8], [19, 7], [20, 6]]
[[5, 16], [6, 15], [7, 14], [8, 14], [9, 15], [10, 14], [11, 13], [12, 12], [13, 12], [14, 11], [15, 10], [16, 9], [17, 9], [18, 8], [19, 7], [20, 6]]
[[5, 16], [6, 15], [7, 16], [8, 15], [9, 14], [10, 13], [11, 12], [12, 12], [13, 11], [14, 11], [15, 10], [16, 9], [17, 9], [18, 8], [19, 7], [20, 6]]
[[5, 16], [6, 16], [7, 15], [8, 14], [9, 14], [10, 14], [11, 13], [12, 13], [13, 12], [14, 11], [15, 10], [16, 9], [17, 8], [18, 8], [19, 7], [20, 6]]
[[5, 16], [6, 15], [7, 16], [8, 15], [9, 14], [10, 13], [11, 13], [12, 12], [13, 11], [14, 11], [15, 10], [16, 9], [17, 9], [18, 8], [19, 7], [20, 6]]
[[5, 16], [6, 16], [7, 15], [8, 14], [9, 14], [10, 14], [11, 13], [12, 13], [13, 12], [14, 11], [15, 10], [16, 10], [17, 9], [18, 8], [19, 7], [20, 6]]
[[5, 16], [6, 16], [7, 15], [8, 14], [9, 14], [10, 13], [11, 12], [12, 12], [13, 12], [14, 11], [15, 10], [16, 9], [17, 8], [18, 7], [19, 7], [20, 6]]
[[5, 16], [6, 16], [7, 15], [8, 14], [9, 14], [10, 13], [11, 13], [12, 12], [13, 11], [14, 12], [15, 12], [16, 11], [16, 10], [17, 9], [18, 8], [19, 7], [20, 6]]
[[5, 16], [6, 15], [7, 14], [8, 15], [9, 14], [10, 13], [11, 13], [12, 12], [13, 11], [14, 11], [15, 10], [15, 9], [16, 8], [17, 8], [18, 7], [19, 6], [20, 6]]
[[5, 16], [6, 15], [7, 15], [8, 15], [9, 14], [10, 13], [11, 13], [12, 12], [13, 12], [14, 13], [15, 12], [16, 11], [16, 10], [17, 9], [18, 8], [19, 7], [20, 6]]
[[5, 16], [6, 15], [7, 14], [8, 13], [9, 13], [10, 12], [11, 12], [12, 11], [13, 10], [14, 11], [15, 10], [16, 9], [16, 10], [17, 9], [18, 8], [19, 7], [20, 6]]
[[5, 16], [6, 16], [7, 15], [8, 14], [9, 14], [10, 13], [11, 13], [12, 12], [13, 12], [14, 12], [15, 12], [16, 11], [16, 10], [17, 9], [18, 8], [19, 7], [20, 6]]
[[5, 16], [6, 15], [7, 14], [8, 13], [9, 14], [10, 14], [11, 13], [12, 13], [13, 12], [14, 12], [15, 12], [16, 12], [17, 11], [16, 10], [17, 9], [18, 8], [19, 7], [20, 6]]
[[5, 16], [5, 17], [6, 18], [7, 19], [8, 18], [9, 17], [10, 17], [11, 16], [12, 17], [13, 16], [14, 17], [14, 16], [13, 16], [14, 16], [15, 15], [15, 14], [16, 13], [15, 12], [16, 11], [16, 10], [17, 9], [18, 8], [19, 7], [20, 6]]
