[[26, 4], [25, 3], [24, 3], [23, 2], [22, 2], [21, 3], [20, 2], [19, 1], [18, 2], [17, 2], [16, 3], [15, 2], [14, 2], [13, 3], [12, 4], [11, 5], [10, 6], [9, 5], [8, 6]]
[[26, 4], [25, 4], [24, 3], [23, 2], [22, 3], [21, 3], [20, 2], [19, 1], [18, 2], [17, 3], [16, 3], [15, 2], [14, 2], [13, 3], [12, 4], [11, 5], [10, 4], [9, 5], [8, 6]]
[[26, 4], [25, 3], [24, 2], [23, 3], [22, 3], [21, 4], [20, 3], [19, 4], [18, 3], [17, 2], [16, 3], [15, 4], [14, 4], [13, 5], [12, 6], [11, 7], [10, 6], [9, 5], [8, 6]]
[[26, 4], [25, 3], [24, 3], [23, 2], [22, 2], [21, 3], [20, 2], [19, 1], [18, 2], [17, 2], [16, 3], [15, 2], [14, 2], [13, 3], [12, 4], [11, 5], [10, 6], [9, 5], [8, 6]]
[[26, 4], [25, 3], [24, 2], [23, 2], [22, 3], [21, 4], [20, 3], [19, 4], [18, 3], [17, 3], [16, 2], [15, 2], [14, 3], [13, 4], [12, 5], [11, 5], [10, 4], [9, 5], [8, 6]]
[[26, 4], [25, 5], [24, 4], [23, 4], [22, 3], [21, 2], [20, 1], [19, 1], [18, 2], [17, 2], [16, 3], [15, 4], [14, 5], [13, 5], [12, 4], [11, 5], [10, 6], [9, 5], [8, 6]]
[[26, 4], [25, 4], [24, 3], [23, 3], [22, 4], [21, 3], [20, 2], [19, 1], [18, 2], [17, 1], [16, 0], [15, 0], [14, 1], [13, 1], [12, 2], [11, 3], [10, 4], [9, 5], [8, 6]]
[[26, 4], [25, 3], [24, 2], [23, 1], [22, 2], [21, 3], [20, 3], [19, 4], [18, 3], [17, 2], [16, 3], [15, 4], [14, 4], [13, 4], [12, 3], [11, 3], [10, 4], [9, 5], [8, 6]]
[[26, 4], [25, 4], [24, 4], [23, 3], [22, 4], [21, 3], [20, 2], [19, 1], [18, 2], [17, 1], [16, 1], [15, 2], [14, 3], [13, 3], [12, 3], [11, 4], [10, 4], [9, 5], [8, 6]]
[[26, 4], [25, 3], [24, 3], [23, 2], [22, 2], [21, 2], [20, 3], [19, 4], [18, 3], [17, 2], [16, 2], [15, 2], [14, 3], [13, 3], [12, 3], [11, 4], [10, 4], [9, 5], [8, 6]]
[[26, 4], [25, 4], [24, 3], [23, 3], [22, 4], [21, 3], [20, 2], [19, 1], [18, 2], [17, 3], [16, 2], [15, 1], [14, 2], [13, 3], [12, 4], [11, 5], [10, 4], [9, 5], [8, 6]]
[[26, 4], [25, 4], [24, 4], [23, 3], [22, 3], [21, 2], [20, 1], [19, 0], [18, 1], [17, 2], [16, 3], [15, 4], [14, 4], [13, 5], [12, 6], [11, 7], [10, 6], [9, 5], [8, 6]]
[[26, 4], [25, 3], [24, 4], [23, 4], [22, 3], [21, 2], [20, 1], [19, 1], [18, 2], [17, 3], [16, 3], [15, 4], [14, 4], [13, 5], [12, 4], [11, 5], [10, 6], [9, 7], [8, 6]]
[[26, 4], [25, 3], [24, 2], [23, 1], [22, 2], [21, 3], [20, 2], [19, 1], [18, 2], [17, 3], [16, 3], [15, 4], [14, 4], [13, 4], [12, 5], [11, 5], [10, 6], [9, 5], [8, 6]]
[[26, 4], [25, 4], [24, 3], [23, 3], [22, 3], [21, 2], [20, 1], [19, 1], [18, 1], [17, 2], [16, 1], [15, 1], [14, 2], [13, 3], [12, 4], [11, 5], [10, 4], [9, 5], [8, 6]]
[[26, 4], [25, 5], [24, 4], [23, 4], [22, 3], [21, 2], [20, 2], [19, 1], [18, 0], [17, 1], [16, 2], [15, 2], [14, 3], [13, 3], [12, 4], [11, 5], [10, 4], [9, 5], [8, 6]]
[[26, 4], [25, 3], [24, 2], [23, 3], [22, 3], [21, 2], [20, 2], [19, 1], [18, 2], [17, 2], [16, 1], [15, 2], [14, 3], [14, 4], [13, 5], [12, 4], [11, 5], [10, 6], [9, 7], [8, 6]]
[[26, 4], [25, 3], [24, 4], [23, 5], [22, 4], [21, 3], [20, 2], [19, 1], [18, 0], [17, 0], [16, 0], [16, 1], [15, 2], [14, 2], [13, 2], [12, 2], [11, 3], [10, 4], [9, 5], [8, 6]]
[[26, 4], [25, 5], [24, 4], [23, 4], [22, 3], [21, 2], [20, 2], [19, 1], [18, 0], [17, 0], [16, 1], [16, 2], [15, 2], [14, 2], [13, 3], [12, 4], [12, 5], [12, 4], [11, 5], [10, 4], [9, 5], [8, 6]]
[[26, 4], [25, 4], [24, 4], [23, 3], [22, 3], [21, 2], [20, 2], [19, 1], [18, 0], [17, 1], [16, 0], [16, 1], [15, 2], [14, 3], [14, 4], [14, 3], [13, 4], [12, 5], [11, 5], [10, 6], [9, 7], [8, 6]]
