[[27, 12], [26, 12], [25, 13], [24, 14], [23, 14], [22, 15], [21, 16], [20, 17], [19, 17], [18, 17]]
[[27, 12], [26, 12], [25, 13], [24, 14], [23, 15], [22, 16], [21, 16], [20, 17], [19, 18], [18, 17]]
[[27, 12], [26, 13], [25, 14], [24, 13], [23, 13], [22, 14], [21, 15], [20, 16], [19, 17], [18, 17]]
[[27, 12], [26, 13], [25, 14], [24, 15], [23, 16], [22, 17], [21, 18], [20, 18], [19, 18], [18, 17]]
[[27, 12], [26, 12], [25, 13], [24, 14], [23, 14], [22, 15], [21, 16], [20, 17], [19, 17], [18, 17]]
[[27, 12], [26, 13], [25, 13], [24, 13], [23, 14], [22, 15], [21, 16], [20, 17], [19, 18], [18, 17]]
[[27, 12], [26, 12], [25, 13], [24, 14], [23, 15], [22, 15], [21, 16], [20, 16], [19, 17], [18, 17]]
[[27, 12], [26, 12], [25, 13], [24, 14], [23, 15], [22, 16], [21, 17], [20, 17], [19, 17], [18, 17]]
[[27, 12], [26, 13], [25, 13], [24, 14], [23, 15], [22, 16], [21, 17], [20, 17], [19, 18], [18, 17]]
[[27, 12], [26, 12], [25, 13], [24, 14], [23, 15], [22, 16], [21, 17], [20, 16], [19, 17], [18, 17]]
[[27, 12], [26, 13], [25, 14], [24, 15], [23, 16], [22, 15], [21, 16], [20, 17], [19, 17], [18, 17]]
[[27, 12], [26, 12], [25, 12], [24, 13], [23, 14], [22, 15], [21, 16], [20, 17], [19, 17], [18, 17]]
[[27, 12], [26, 13], [25, 14], [24, 15], [23, 16], [22, 17], [21, 17], [20, 17], [19, 17], [18, 17]]
[[27, 12], [26, 13], [25, 14], [24, 15], [23, 16], [22, 17], [21, 17], [20, 17], [19, 18], [18, 17]]
[[27, 12], [26, 13], [26, 12], [25, 13], [25, 14], [24, 15], [23, 16], [24, 17], [23, 18], [23, 17], [22, 17], [21, 18], [20, 17], [19, 17], [18, 17]]
[[27, 12], [26, 13], [25, 14], [24, 15], [25, 14], [24, 15], [23, 16], [24, 17], [23, 16], [22, 16], [22, 17], [22, 16], [21, 15], [20, 16], [19, 17], [18, 17]]
[[27, 12], [26, 13], [25, 12], [25, 13], [24, 14], [23, 14], [22, 14], [21, 15], [22, 15], [21, 15], [20, 14], [19, 13], [18, 12], [19, 12], [19, 13], [18, 14], [17, 15], [16, 14], [15, 15], [16, 15], [17, 15], [18, 14], [18, 15], [19, 15], [20, 15], [19, 15], [18, 16], [17, 16], [17, 17], [18, 17]]
[[27, 12], [26, 13], [25, 13], [24, 13], [25, 14], [24, 14], [24, 15], [23, 15], [22, 14], [22, 15], [21, 16], [21, 15], [20, 14], [19, 14], [18, 13], [17, 13], [17, 14], [16, 15], [15, 14], [15, 15], [14, 16], [13, 17], [14, 17], [15, 18], [15, 19], [14, 19], [13, 18], [12, 18], [13, 18], [13, 17], [12, 18], [11, 18], [10, 18], [11, 18], [10, 17], [9, 17], [8, 17], [7, 18], [6, 17], [5, 16], [4, 16], [4, 17], [5, 18], [4, 19], [3, 19], [2, 19], [3, 18], [2, 17], [1, 18], [1, 17], [0, 18], [0, 17], [1, 16], [2, 17], [3, 16], [3, 15], [4, 14], [3, 13], [2, 13], [3, 14], [4, 15], [3, 14], [3, 13], [2, 14], [1, 15], [0, 15], [1, 16], [0, 15], [1, 14], [2, 13], [1, 14], [0, 13], [1, 12], [2, 11], [3, 10], [2, 9], [1, 8], [1, 9], [0, 9], [1, 10], [2, 11], [3, 10], [4, 10], [4, 11], [5, 10], [6, 10], [7, 10], [6, 9], [7, 9], [6, 8], [7, 9], [7, 8], [8, 7], [8, 6], [9, 5], [10, 4], [11, 4], [10, 4], [9, 5], [8, 4], [7, 4], [6, 5], [6, 4], [7, 4], [8, 5], [8, 6], [7, 7], [7, 6], [6, 5], [5, 6], [4, 6], [5, 5], [5, 6], [4, 5], [4, 4], [5, 3], [6, 2], [7, 2], [6, 2], [7, 1], [8, 1], [9, 2], [10, 1], [11, 1], [10, 0], [11, 0], [10, 1], [11, 0], [12, 1], [13, 2], [12, 1], [12, 2], [11, 3], [11, 4], [12, 4], [11, 4], [10, 5], [10, 6], [9, 6], [9, 7], [8, 8], [9, 9], [10, 9], [11, 9], [12, 10], [12, 9], [12, 10], [11, 11], [11, 12], [10, 11], [11, 10], [12, 9], [12, 8], [13, 9], [13, 8], [12, 7], [12, 8], [13, 9], [13, 10], [14, 11], [14, 10], [15, 9], [14, 8], [15, 7], [16, 7], [15, 6], [15, 5], [16, 4], [16, 3], [16, 2], [16, 3], [17, 2], [16, 1], [15, 0], [16, 1], [17, 0], [18, 1], [19, 1], [20, 0], [21, 0], [22, 1], [22, 2], [22, 1], [21, 1], [21, 2], [22, 2], [22, 1], [23, 2], [23, 3], [24, 3], [23, 3], [23, 2], [24, 1], [24, 0], [25, 1], [25, 2], [24, 2], [25, 3], [26, 3], [26, 4], [25, 5], [24, 4], [23, 4], [24, 5], [23, 4], [24, 4], [23, 5], [22, 6], [21, 5], [20, 6], [19, 7], [18, 6], [19, 7], [20, 7], [20, 6], [19, 6], [18, 5], [19, 4], [19, 5], [18, 4], [18, 5], [17, 5], [16, 4], [17, 5], [16, 6], [15, 6], [16, 7], [16, 8], [17, 9], [17, 10], [16, 11], [17, 11], [17, 10], [18, 11], [19, 11], [20, 12], [19, 12], [20, 13], [20, 14], [20, 15], [20, 14], [20, 15], [21, 16], [22, 17], [23, 17], [22, 16], [23, 17], [22, 18], [21, 17], [22, 16], [21, 17], [20, 18], [20, 17], [19, 17], [18, 17]]
