[[5, 19], [6, 18], [7, 19], [8, 19], [9, 19], [10, 18], [11, 17], [12, 17], [13, 16], [14, 17], [15, 16], [16, 15], [17, 16], [18, 16], [19, 15], [20, 16]]
[[5, 19], [6, 19], [7, 18], [8, 18], [9, 19], [10, 18], [11, 18], [12, 17], [13, 18], [14, 17], [15, 16], [16, 15], [17, 16], [18, 17], [19, 17], [20, 16]]
[[5, 19], [6, 18], [7, 18], [8, 18], [9, 19], [10, 19], [11, 18], [12, 17], [13, 18], [14, 19], [15, 18], [16, 17], [17, 17], [18, 16], [19, 17], [20, 16]]
[[5, 19], [6, 19], [7, 18], [8, 18], [9, 19], [10, 18], [11, 17], [12, 17], [13, 18], [14, 17], [15, 18], [16, 17], [17, 16], [18, 15], [19, 16], [20, 16]]
[[5, 19], [6, 18], [7, 19], [8, 19], [9, 19], [10, 18], [11, 17], [12, 17], [13, 16], [14, 17], [15, 16], [16, 15], [17, 16], [18, 16], [19, 15], [20, 16]]
[[5, 19], [6, 18], [7, 19], [8, 19], [9, 19], [10, 19], [11, 18], [12, 17], [13, 16], [14, 16], [15, 15], [16, 15], [17, 16], [18, 16], [19, 16], [20, 16]]
[[5, 19], [6, 19], [7, 18], [8, 19], [9, 19], [10, 19], [11, 18], [12, 18], [13, 18], [14, 17], [15, 16], [16, 16], [17, 17], [18, 18], [19, 17], [20, 16]]
[[5, 19], [6, 19], [7, 18], [8, 19], [9, 19], [10, 18], [11, 18], [12, 17], [13, 18], [14, 17], [15, 17], [16, 16], [17, 16], [18, 16], [19, 15], [20, 16]]
[[5, 19], [6, 19], [7, 18], [8, 18], [9, 19], [10, 18], [11, 18], [12, 18], [13, 18], [14, 17], [15, 17], [16, 17], [17, 16], [18, 16], [19, 15], [20, 16]]
[[5, 19], [6, 18], [7, 17], [8, 18], [9, 19], [10, 18], [11, 18], [12, 18], [13, 18], [14, 17], [15, 16], [16, 17], [17, 17], [18, 17], [19, 16], [20, 16]]
[[5, 19], [6, 18], [7, 17], [8, 18], [9, 19], [10, 18], [11, 18], [12, 17], [13, 16], [14, 16], [15, 15], [16, 16], [17, 17], [18, 17], [19, 17], [20, 16]]
[[5, 19], [6, 18], [7, 19], [8, 18], [9, 19], [10, 18], [11, 18], [12, 18], [13, 18], [14, 17], [15, 18], [16, 17], [17, 16], [18, 16], [19, 17], [20, 16]]
[[5, 19], [6, 19], [7, 18], [8, 19], [9, 19], [10, 18], [11, 18], [12, 17], [13, 18], [14, 17], [15, 16], [16, 17], [17, 17], [18, 17], [19, 16], [20, 16]]
[[5, 19], [6, 19], [7, 19], [8, 18], [9, 19], [10, 19], [11, 18], [12, 17], [13, 16], [13, 15], [14, 16], [15, 15], [16, 16], [17, 15], [18, 16], [19, 16], [20, 16]]
[[5, 19], [6, 19], [7, 19], [8, 19], [9, 19], [10, 19], [10, 18], [11, 18], [12, 18], [13, 18], [14, 17], [15, 16], [16, 17], [16, 16], [17, 16], [18, 16], [19, 16], [20, 16]]
[[5, 19], [6, 18], [7, 18], [8, 17], [7, 17], [8, 18], [9, 19], [10, 19], [11, 18], [12, 17], [12, 18], [13, 19], [14, 19], [15, 18], [16, 17], [17, 17], [18, 18], [19, 17], [20, 16]]
[[5, 19], [6, 18], [6, 19], [7, 18], [8, 18], [9, 19], [10, 18], [11, 17], [12, 17], [13, 18], [13, 19], [14, 19], [15, 18], [16, 17], [17, 16], [18, 15], [18, 16], [19, 16], [20, 15], [20, 16]]
[[5, 19], [6, 19], [6, 18], [7, 19], [8, 19], [9, 19], [10, 18], [11, 18], [12, 17], [13, 18], [12, 18], [13, 19], [14, 19], [15, 18], [16, 18], [17, 18], [18, 17], [17, 17], [18, 18], [19, 19], [18, 19], [19, 18], [20, 18], [21, 17], [21, 18], [20, 17], [20, 16]]
[[5, 19], [6, 18], [7, 19], [6, 19], [7, 18], [8, 19], [9, 19], [10, 19], [10, 18], [11, 17], [12, 17], [12, 18], [11, 17], [12, 16], [12, 15], [11, 16], [12, 17], [13, 18], [14, 17], [15, 18], [16, 18], [16, 19], [17, 18], [17, 17], [17, 16], [18, 15], [19, 16], [19, 17], [20, 17], [21, 18], [20, 17], [20, 16]]
[[5, 19], [6, 19], [7, 18], [8, 17], [8, 18], [9, 19], [10, 19], [10, 18], [11, 17], [10, 16], [9, 16], [8, 16], [7, 17], [6, 18], [5, 17], [6, 16], [6, 17], [5, 16], [5, 15], [4, 14], [3, 14], [4, 15], [3, 15], [3, 16], [4, 16], [3, 17], [3, 18], [2, 19], [1, 18], [2, 17], [1, 17], [2, 16], [1, 15], [0, 14], [1, 13], [0, 13], [1, 12], [1, 11], [0, 10], [0, 11], [1, 10], [1, 9], [0, 9], [1, 8], [0, 8], [0, 7], [0, 6], [1, 6], [1, 5], [0, 4], [0, 3], [1, 3], [1, 2], [0, 1], [0, 2], [1, 1], [1, 0], [2, 1], [3, 0], [4, 0], [5, 0], [6, 0], [5, 1], [5, 2], [6, 2], [7, 3], [8, 2], [8, 3], [9, 3], [9, 2], [10, 1], [11, 1], [11, 0], [12, 0], [13, 1], [12, 2], [11, 2], [11, 3], [12, 3], [13, 2], [14, 2], [15, 1], [16, 2], [17, 3], [17, 4], [16, 3], [16, 4], [15, 5], [15, 6], [15, 7], [14, 8], [13, 9], [12, 9], [12, 10], [11, 9], [10, 10], [10, 9], [9, 8], [8, 7], [8, 8], [8, 9], [9, 10], [8, 10], [9, 9], [10, 8], [10, 7], [11, 6], [11, 7], [12, 6], [13, 5], [13, 4], [14, 4], [15, 3], [15, 2], [14, 3], [15, 4], [16, 5], [17, 5], [17, 6], [16, 7], [16, 8], [15, 9], [14, 10], [14, 11], [13, 11], [13, 10], [12, 11], [11, 11], [12, 12], [11, 12], [12, 12], [13, 11], [14, 12], [15, 13], [15, 14], [14, 15], [15, 15], [15, 16], [14, 17], [15, 18], [15, 19], [16, 18], [17, 19], [18, 18], [17, 17], [16, 17], [17, 18], [18, 19], [19, 19], [19, 18], [20, 17], [21, 16], [22, 16], [23, 15], [23, 16], [24, 15], [25, 15], [24, 14], [23, 14], [23, 13], [22, 13], [21, 13], [21, 14], [20, 14], [19, 13], [19, 14], [18, 15], [19, 15], [20, 16]]
