[[3, 18], [4, 19], [5, 19], [6, 19], [7, 18], [8, 17], [9, 16], [10, 15], [11, 15], [12, 16], [13, 15], [14, 14], [15, 13], [16, 12], [17, 11], [18, 10], [19, 9], [20, 9], [21, 10], [22, 9], [23, 9], [24, 9]]
[[3, 18], [4, 19], [5, 19], [6, 19], [7, 18], [8, 17], [9, 16], [10, 15], [11, 15], [12, 16], [13, 15], [14, 14], [15, 13], [16, 12], [17, 11], [18, 10], [19, 9], [20, 8], [21, 9], [22, 8], [23, 9], [24, 9]]
[[3, 18], [4, 18], [5, 19], [6, 19], [7, 18], [8, 17], [9, 16], [10, 15], [11, 15], [12, 16], [13, 15], [14, 14], [15, 13], [16, 12], [17, 11], [18, 10], [19, 9], [20, 9], [21, 9], [22, 8], [23, 8], [24, 9]]
[[3, 18], [4, 19], [5, 19], [6, 19], [7, 18], [8, 17], [9, 16], [10, 15], [11, 15], [12, 16], [13, 15], [14, 14], [15, 13], [16, 12], [17, 11], [18, 10], [19, 9], [20, 9], [21, 10], [22, 9], [23, 9], [24, 9]]
[[3, 18], [4, 18], [5, 19], [6, 19], [7, 18], [8, 17], [9, 16], [10, 15], [11, 14], [12, 14], [13, 13], [14, 12], [15, 11], [16, 12], [17, 11], [18, 10], [19, 10], [20, 9], [21, 10], [22, 9], [23, 9], [24, 9]]
[[3, 18], [4, 19], [5, 19], [6, 19], [7, 18], [8, 17], [9, 16], [10, 15], [11, 15], [12, 14], [13, 13], [14, 12], [15, 11], [16, 12], [17, 11], [18, 10], [19, 9], [20, 8], [21, 9], [22, 9], [23, 8], [24, 9]]
[[3, 18], [4, 18], [5, 19], [6, 19], [7, 18], [8, 17], [9, 16], [10, 15], [11, 15], [12, 15], [13, 14], [14, 13], [15, 13], [16, 12], [17, 11], [18, 10], [19, 10], [20, 10], [21, 10], [22, 9], [23, 8], [24, 9]]
[[3, 18], [4, 18], [5, 19], [6, 19], [7, 18], [8, 17], [9, 16], [10, 15], [11, 15], [12, 15], [13, 14], [14, 14], [15, 13], [16, 12], [17, 11], [18, 10], [19, 9], [20, 9], [21, 9], [22, 8], [23, 8], [24, 9]]
[[3, 18], [4, 18], [5, 19], [6, 19], [7, 18], [8, 18], [9, 17], [10, 17], [11, 16], [12, 15], [13, 14], [14, 14], [15, 13], [16, 12], [17, 11], [18, 10], [19, 10], [20, 10], [21, 9], [22, 9], [23, 9], [24, 9]]
[[3, 18], [4, 18], [5, 19], [6, 19], [7, 18], [8, 17], [9, 16], [10, 15], [11, 16], [12, 15], [13, 14], [14, 14], [15, 13], [16, 12], [17, 11], [18, 10], [19, 10], [20, 10], [21, 9], [22, 8], [23, 9], [24, 9]]
[[3, 18], [4, 19], [5, 19], [6, 19], [7, 18], [8, 18], [9, 17], [10, 17], [11, 16], [12, 15], [13, 14], [14, 14], [15, 13], [16, 13], [17, 12], [18, 11], [19, 10], [20, 9], [21, 9], [22, 8], [23, 9], [24, 9]]
[[3, 18], [4, 19], [5, 19], [6, 19], [7, 18], [8, 18], [9, 17], [10, 17], [11, 16], [12, 15], [13, 15], [14, 14], [15, 13], [16, 12], [17, 11], [18, 11], [19, 10], [20, 10], [21, 9], [22, 9], [23, 8], [24, 9]]
[[3, 18], [4, 18], [5, 19], [6, 19], [7, 18], [8, 17], [9, 16], [10, 15], [11, 14], [12, 13], [13, 12], [14, 11], [15, 12], [16, 12], [17, 11], [18, 10], [19, 10], [20, 10], [21, 9], [22, 9], [23, 8], [24, 9]]
[[3, 18], [4, 19], [5, 19], [6, 19], [7, 18], [8, 17], [9, 16], [10, 15], [11, 14], [12, 15], [13, 15], [14, 14], [15, 13], [16, 12], [17, 11], [18, 11], [19, 10], [20, 9], [21, 9], [22, 9], [23, 8], [24, 9]]
[[3, 18], [4, 19], [5, 19], [6, 19], [7, 18], [8, 17], [9, 16], [10, 15], [11, 15], [12, 16], [13, 16], [13, 15], [14, 14], [15, 13], [16, 12], [17, 11], [18, 10], [19, 10], [20, 10], [21, 9], [22, 9], [23, 9], [24, 9]]
[[3, 18], [4, 19], [4, 18], [5, 19], [6, 19], [7, 18], [8, 17], [9, 16], [10, 15], [11, 14], [12, 14], [13, 15], [14, 14], [15, 13], [16, 12], [17, 11], [18, 11], [19, 10], [20, 10], [21, 9], [21, 10], [22, 9], [23, 9], [24, 9]]
[[3, 18], [4, 19], [5, 19], [6, 19], [7, 19], [8, 18], [9, 19], [10, 19], [11, 19], [12, 19], [11, 18], [11, 17], [12, 16], [13, 15], [14, 14], [15, 13], [16, 12], [17, 11], [18, 11], [19, 10], [20, 10], [21, 9], [22, 8], [23, 9], [24, 9]]
[[3, 18], [4, 19], [5, 19], [6, 19], [7, 18], [8, 17], [9, 16], [10, 17], [11, 16], [12, 17], [12, 16], [13, 15], [14, 14], [15, 13], [16, 12], [17, 11], [18, 11], [19, 10], [20, 9], [19, 9], [20, 10], [20, 11], [21, 10], [22, 9], [23, 9], [24, 9]]
[[3, 18], [4, 19], [5, 19], [6, 19], [7, 18], [8, 17], [9, 17], [10, 18], [11, 18], [12, 19], [12, 18], [13, 17], [12, 17], [11, 16], [12, 17], [13, 17], [14, 16], [15, 15], [16, 14], [16, 13], [16, 12], [17, 11], [18, 11], [19, 10], [20, 10], [21, 9], [21, 10], [22, 9], [23, 9], [24, 9]]
[[3, 18], [3, 17], [4, 18], [5, 19], [6, 19], [7, 18], [8, 17], [9, 16], [10, 17], [11, 16], [11, 15], [12, 16], [11, 15], [12, 15], [13, 14], [14, 13], [15, 13], [16, 12], [16, 13], [17, 12], [18, 12], [18, 11], [19, 12], [20, 11], [19, 10], [19, 9], [20, 9], [21, 8], [22, 8], [22, 7], [22, 8], [23, 9], [24, 9]]
