[[19, 7], [18, 8], [17, 8], [16, 8], [15, 9], [14, 10], [13, 11], [12, 12], [11, 13], [10, 14], [9, 14], [8, 14]]
[[19, 7], [18, 7], [17, 8], [16, 9], [15, 10], [14, 10], [13, 11], [12, 12], [11, 13], [10, 14], [9, 14], [8, 14]]
[[19, 7], [18, 7], [17, 8], [16, 9], [15, 10], [14, 10], [13, 11], [12, 12], [11, 13], [10, 14], [9, 13], [8, 14]]
[[19, 7], [18, 8], [17, 8], [16, 8], [15, 9], [14, 10], [13, 11], [12, 12], [11, 13], [10, 14], [9, 14], [8, 14]]
[[19, 7], [18, 7], [17, 8], [16, 9], [15, 9], [14, 10], [13, 11], [12, 12], [11, 13], [10, 14], [9, 13], [8, 14]]
[[19, 7], [18, 7], [17, 8], [16, 9], [15, 9], [14, 10], [13, 11], [12, 12], [11, 13], [10, 14], [9, 13], [8, 14]]
[[19, 7], [18, 7], [17, 7], [16, 8], [15, 9], [14, 10], [13, 11], [12, 12], [11, 13], [10, 14], [9, 15], [8, 14]]
[[19, 7], [18, 8], [17, 8], [16, 8], [15, 9], [14, 10], [13, 11], [12, 12], [11, 13], [10, 14], [9, 14], [8, 14]]
[[19, 7], [18, 8], [17, 8], [16, 9], [15, 10], [14, 11], [13, 11], [12, 12], [11, 13], [10, 14], [9, 15], [8, 14]]
[[19, 7], [18, 7], [17, 8], [16, 9], [15, 9], [14, 10], [13, 11], [12, 12], [11, 13], [10, 14], [9, 15], [8, 14]]
[[19, 7], [18, 7], [17, 8], [16, 9], [15, 10], [14, 10], [13, 11], [12, 12], [11, 13], [10, 12], [9, 13], [8, 14]]
[[19, 7], [18, 8], [17, 7], [16, 8], [15, 9], [14, 10], [13, 11], [12, 12], [12, 13], [11, 14], [10, 14], [9, 13], [8, 14]]
[[19, 7], [18, 7], [17, 7], [16, 7], [15, 8], [14, 8], [13, 9], [12, 9], [11, 10], [10, 11], [10, 12], [9, 13], [8, 14]]
[[19, 7], [18, 7], [17, 8], [16, 7], [15, 8], [14, 8], [13, 9], [12, 9], [11, 10], [12, 10], [11, 10], [10, 11], [10, 12], [9, 13], [8, 14]]
[[19, 7], [18, 7], [17, 6], [16, 5], [16, 6], [15, 7], [14, 8], [13, 9], [14, 10], [13, 11], [12, 12], [11, 13], [10, 12], [9, 13], [8, 14]]
[[19, 7], [19, 8], [20, 7], [19, 6], [18, 7], [17, 8], [18, 8], [17, 8], [16, 8], [15, 9], [16, 9], [15, 9], [14, 9], [13, 9], [12, 9], [11, 10], [10, 11], [10, 12], [9, 13], [8, 14]]
[[19, 7], [18, 7], [17, 7], [16, 7], [15, 7], [16, 7], [16, 8], [15, 7], [14, 7], [13, 8], [12, 9], [11, 10], [10, 11], [9, 11], [8, 12], [8, 13], [7, 13], [7, 14], [8, 15], [7, 14], [6, 15], [7, 14], [8, 14]]
[[19, 7], [20, 6], [19, 5], [18, 4], [17, 5], [18, 5], [17, 5], [16, 5], [16, 4], [17, 5], [16, 5], [15, 5], [16, 6], [15, 7], [14, 8], [15, 7], [14, 8], [13, 9], [12, 10], [12, 11], [12, 12], [12, 13], [11, 13], [10, 12], [9, 13], [8, 14]]
[[19, 7], [18, 8], [18, 7], [17, 6], [16, 5], [16, 6], [15, 6], [14, 7], [13, 6], [13, 5], [12, 5], [11, 6], [10, 7], [10, 8], [9, 8], [9, 7], [8, 7], [7, 7], [6, 8], [6, 9], [6, 10], [6, 9], [7, 8], [8, 8], [8, 9], [9, 8], [9, 9], [9, 10], [9, 9], [10, 10], [9, 11], [8, 12], [9, 13], [8, 14]]
[[19, 7], [18, 7], [19, 8], [18, 7], [17, 7], [16, 8], [15, 7], [16, 8], [15, 7], [16, 7], [15, 7], [16, 8], [15, 9], [16, 10], [16, 11], [15, 11], [14, 10], [15, 11], [14, 10], [13, 11], [12, 12], [12, 11], [12, 10], [11, 10], [10, 10], [9, 10], [10, 11], [11, 10], [10, 10], [9, 11], [10, 12], [11, 13], [10, 14], [10, 15], [9, 15], [8, 14]]
