[[27, 3], [26, 3], [25, 3], [24, 2], [23, 2], [22, 3], [21, 4], [20, 5], [19, 4], [18, 5]]
[[27, 3], [26, 4], [25, 3], [24, 2], [23, 3], [22, 4], [21, 3], [20, 4], [19, 4], [18, 5]]
[[27, 3], [26, 2], [25, 3], [24, 3], [23, 2], [22, 3], [21, 4], [20, 5], [19, 4], [18, 5]]
[[27, 3], [26, 3], [25, 3], [24, 2], [23, 2], [22, 3], [21, 4], [20, 5], [19, 4], [18, 5]]
[[27, 3], [26, 3], [25, 4], [24, 3], [23, 4], [22, 4], [21, 4], [20, 3], [19, 4], [18, 5]]
[[27, 3], [26, 4], [25, 3], [24, 2], [23, 3], [22, 4], [21, 5], [20, 5], [19, 4], [18, 5]]
[[27, 3], [26, 3], [25, 2], [24, 3], [23, 4], [22, 4], [21, 4], [20, 3], [19, 4], [18, 5]]
[[27, 3], [26, 4], [25, 4], [24, 3], [23, 3], [22, 3], [21, 4], [20, 4], [19, 4], [18, 5]]
[[27, 3], [27, 2], [27, 1], [27, 0], [28, 1], [27, 1], [26, 0], [25, 1], [25, 2], [24, 2], [23, 2], [22, 1], [23, 2], [22, 3], [23, 4], [22, 5], [21, 6], [20, 5], [19, 4], [18, 5]]
[[27, 3], [26, 4], [25, 4], [24, 3], [23, 2], [24, 3], [23, 2], [24, 1], [25, 2], [24, 2], [25, 3], [26, 3], [25, 2], [24, 2], [23, 3], [22, 3], [21, 4], [20, 4], [19, 4], [18, 5]]
[[27, 3], [27, 2], [26, 3], [25, 2], [24, 3], [23, 3], [24, 2], [24, 1], [23, 0], [22, 1], [21, 0], [20, 1], [19, 2], [19, 1], [18, 0], [18, 1], [17, 2], [18, 2], [18, 3], [17, 4], [17, 3], [18, 3], [19, 4], [18, 5]]
[[27, 3], [28, 3], [29, 2], [29, 3], [28, 4], [27, 4], [28, 5], [29, 5], [28, 6], [27, 6], [26, 6], [25, 6], [24, 6], [24, 7], [23, 7], [22, 7], [21, 8], [20, 7], [21, 6], [21, 5], [22, 4], [21, 3], [20, 3], [20, 4], [21, 4], [20, 5], [19, 4], [18, 5]]
