[[24, 18], [23, 19], [22, 18], [21, 18], [20, 18], [19, 17], [18, 18], [17, 19], [16, 18], [15, 17], [14, 18], [13, 18], [12, 19], [11, 19], [10, 18], [9, 17], [8, 18], [7, 18]]
[[24, 18], [23, 19], [22, 18], [21, 18], [20, 18], [19, 18], [18, 17], [17, 17], [16, 18], [15, 17], [14, 17], [13, 18], [12, 18], [11, 18], [10, 18], [9, 17], [8, 18], [7, 18]]
[[24, 18], [23, 19], [22, 19], [21, 18], [20, 18], [19, 18], [18, 19], [17, 18], [16, 17], [15, 17], [14, 16], [13, 16], [12, 17], [11, 18], [10, 18], [9, 19], [8, 18], [7, 18]]
[[24, 18], [23, 19], [22, 18], [21, 18], [20, 18], [19, 18], [18, 18], [17, 19], [16, 18], [15, 17], [14, 17], [13, 17], [12, 17], [11, 16], [10, 17], [9, 17], [8, 18], [7, 18]]
[[24, 18], [23, 19], [22, 18], [21, 19], [20, 18], [19, 19], [18, 18], [17, 19], [16, 19], [15, 18], [14, 17], [13, 18], [12, 19], [11, 19], [10, 19], [9, 19], [8, 18], [7, 18]]
[[24, 18], [23, 18], [22, 17], [21, 18], [20, 18], [19, 19], [18, 18], [17, 17], [16, 17], [15, 16], [14, 15], [13, 15], [12, 16], [11, 17], [10, 18], [9, 17], [8, 18], [7, 18]]
[[24, 18], [23, 17], [22, 17], [21, 18], [20, 17], [19, 18], [18, 18], [17, 18], [16, 17], [15, 16], [14, 17], [13, 18], [12, 19], [11, 18], [10, 18], [9, 19], [8, 18], [7, 18]]
[[24, 18], [23, 19], [22, 19], [21, 19], [20, 18], [19, 18], [18, 19], [17, 18], [16, 17], [15, 16], [14, 17], [13, 17], [12, 17], [11, 16], [10, 17], [9, 18], [8, 18], [7, 18]]
[[24, 18], [23, 19], [22, 18], [21, 18], [20, 18], [19, 17], [18, 18], [17, 19], [16, 18], [15, 17], [14, 18], [13, 18], [12, 19], [11, 19], [10, 18], [9, 17], [8, 18], [7, 18]]
[[24, 18], [23, 18], [22, 19], [21, 18], [20, 18], [19, 19], [18, 18], [17, 19], [16, 19], [15, 18], [14, 17], [13, 18], [12, 18], [11, 17], [10, 18], [9, 17], [8, 18], [7, 18]]
[[24, 18], [23, 18], [22, 19], [21, 18], [20, 18], [19, 18], [18, 18], [17, 19], [16, 18], [15, 18], [14, 17], [13, 17], [12, 17], [11, 18], [10, 18], [9, 17], [8, 18], [7, 18]]
[[24, 18], [23, 17], [22, 18], [21, 18], [20, 18], [19, 18], [18, 17], [17, 18], [16, 18], [15, 18], [14, 18], [13, 17], [12, 17], [11, 17], [10, 18], [9, 19], [8, 18], [7, 18]]
[[24, 18], [24, 19], [23, 18], [22, 18], [21, 18], [20, 17], [19, 17], [18, 17], [17, 18], [16, 19], [15, 18], [14, 18], [13, 19], [12, 18], [12, 19], [11, 18], [10, 18], [9, 19], [8, 18], [7, 18]]
[[24, 18], [24, 19], [23, 19], [22, 19], [21, 19], [20, 18], [19, 18], [18, 18], [17, 18], [16, 19], [15, 18], [14, 17], [13, 18], [12, 19], [11, 18], [11, 17], [10, 16], [9, 17], [8, 18], [7, 18]]
[[24, 18], [23, 18], [23, 19], [22, 19], [21, 19], [20, 18], [19, 17], [18, 17], [19, 18], [18, 17], [17, 18], [16, 19], [15, 18], [14, 18], [13, 17], [12, 18], [11, 19], [10, 19], [10, 18], [9, 17], [8, 18], [7, 18]]
[[24, 18], [25, 18], [25, 17], [24, 16], [23, 15], [24, 14], [23, 13], [22, 14], [21, 15], [21, 16], [22, 17], [21, 18], [20, 18], [19, 19], [18, 18], [17, 19], [16, 19], [15, 18], [14, 18], [14, 19], [13, 18], [12, 18], [12, 17], [11, 16], [10, 17], [10, 18], [9, 19], [8, 18], [7, 18]]
[[24, 18], [23, 17], [24, 18], [25, 19], [24, 19], [23, 19], [22, 19], [22, 18], [21, 18], [20, 18], [19, 19], [18, 18], [19, 17], [18, 16], [17, 16], [16, 16], [15, 15], [14, 15], [14, 16], [14, 17], [15, 17], [15, 18], [14, 18], [13, 18], [12, 18], [11, 18], [10, 17], [9, 17], [10, 18], [9, 17], [8, 16], [7, 17], [8, 16], [8, 15], [8, 16], [7, 15], [6, 16], [5, 15], [4, 16], [5, 17], [4, 16], [5, 17], [6, 17], [7, 18]]
[[24, 18], [25, 18], [26, 17], [25, 17], [24, 17], [24, 16], [25, 15], [26, 14], [26, 13], [25, 12], [24, 11], [25, 11], [24, 12], [23, 11], [22, 11], [21, 10], [21, 11], [22, 11], [22, 10], [22, 9], [21, 10], [22, 10], [22, 11], [21, 12], [20, 11], [19, 11], [18, 12], [18, 11], [17, 12], [17, 13], [16, 14], [16, 13], [17, 14], [17, 13], [18, 13], [19, 14], [18, 14], [17, 15], [18, 15], [17, 14], [17, 13], [16, 12], [16, 13], [17, 13], [17, 14], [17, 13], [16, 13], [15, 14], [14, 14], [13, 15], [14, 15], [13, 15], [14, 16], [14, 17], [13, 17], [14, 18], [15, 17], [16, 18], [16, 17], [15, 17], [14, 18], [13, 18], [12, 19], [13, 19], [12, 18], [11, 18], [11, 17], [10, 17], [9, 18], [9, 19], [8, 18], [7, 18]]
[[24, 18], [25, 19], [26, 18], [26, 17], [27, 18], [28, 17], [28, 16], [28, 17], [27, 17], [26, 16], [25, 16], [24, 17], [24, 18], [24, 19], [23, 18], [23, 19], [22, 18], [23, 17], [22, 17], [21, 16], [22, 15], [23, 14], [24, 14], [23, 14], [24, 14], [24, 15], [25, 14], [26, 13], [26, 12], [25, 11], [26, 10], [25, 10], [24, 10], [24, 11], [24, 10], [23, 10], [23, 9], [22, 8], [22, 9], [21, 8], [21, 7], [20, 6], [19, 7], [19, 8], [18, 8], [19, 9], [20, 9], [20, 10], [20, 9], [21, 10], [20, 10], [19, 11], [18, 11], [19, 12], [19, 11], [18, 10], [19, 9], [19, 10], [18, 10], [18, 11], [17, 11], [16, 11], [15, 10], [14, 11], [14, 12], [15, 13], [15, 12], [15, 13], [14, 14], [15, 15], [14, 16], [15, 15], [15, 16], [15, 17], [16, 17], [17, 16], [17, 17], [18, 18], [17, 19], [16, 19], [15, 18], [14, 19], [14, 18], [13, 17], [12, 17], [11, 18], [12, 18], [11, 17], [10, 17], [10, 18], [9, 17], [8, 16], [7, 17], [7, 18], [6, 18], [7, 18], [6, 17], [7, 18]]
[[24, 18], [24, 19], [25, 18], [26, 17], [26, 16], [27, 16], [28, 16], [29, 15], [28, 14], [29, 14], [29, 13], [28, 12], [28, 13], [27, 14], [26, 14], [25, 13], [25, 14], [26, 13], [25, 12], [24, 11], [23, 11], [22, 11], [22, 10], [21, 9], [21, 8], [21, 7], [21, 6], [22, 6], [23, 6], [23, 7], [24, 8], [23, 9], [23, 10], [24, 10], [25, 10], [26, 10], [26, 11], [27, 11], [26, 12], [25, 11], [24, 12], [23, 13], [22, 14], [23, 14], [23, 15], [22, 15], [21, 16], [21, 15], [20, 14], [20, 15], [19, 14], [18, 14], [17, 13], [17, 14], [17, 15], [17, 16], [16, 17], [16, 16], [15, 16], [14, 15], [14, 16], [15, 15], [14, 14], [15, 13], [16, 12], [16, 13], [17, 12], [17, 11], [16, 10], [16, 9], [17, 8], [17, 7], [16, 8], [15, 8], [14, 9], [13, 8], [14, 8], [14, 7], [15, 6], [16, 6], [15, 5], [14, 5], [14, 4], [14, 3], [15, 4], [15, 3], [16, 4], [16, 5], [17, 4], [17, 3], [18, 2], [17, 1], [16, 2], [17, 2], [16, 1], [15, 0], [15, 1], [16, 0], [17, 0], [18, 1], [18, 0], [19, 0], [20, 1], [21, 0], [22, 1], [23, 2], [22, 3], [23, 3], [24, 4], [23, 4], [22, 5], [23, 6], [22, 7], [21, 8], [20, 7], [19, 7], [18, 8], [18, 9], [17, 9], [18, 10], [17, 10], [16, 11], [15, 12], [15, 11], [14, 10], [13, 10], [12, 9], [12, 10], [13, 9], [12, 8], [13, 7], [14, 6], [13, 6], [12, 5], [11, 4], [10, 5], [10, 6], [11, 6], [11, 5], [12, 4], [11, 3], [10, 2], [11, 2], [10, 3], [9, 3], [8, 4], [9, 4], [10, 4], [9, 5], [8, 6], [7, 6], [7, 5], [8, 5], [9, 6], [8, 7], [7, 7], [6, 7], [5, 6], [4, 7], [3, 8], [2, 9], [3, 10], [4, 10], [3, 11], [4, 12], [4, 11], [5, 11], [6, 10], [5, 9], [6, 9], [7, 9], [7, 10], [7, 11], [8, 10], [8, 9], [9, 10], [10, 11], [10, 10], [9, 11], [8, 12], [9, 12], [10, 12], [11, 12], [12, 13], [11, 14], [12, 14], [13, 14], [13, 15], [13, 16], [14, 15], [14, 14], [13, 13], [13, 12], [13, 11], [12, 12], [11, 13], [10, 14], [9, 15], [8, 15], [7, 16], [6, 15], [5, 15], [5, 14], [4, 14], [4, 15], [3, 15], [2, 16], [1, 17], [2, 17], [1, 16], [1, 15], [0, 16], [0, 15], [1, 14], [2, 13], [2, 12], [3, 13], [4, 13], [5, 12], [5, 13], [6, 14], [7, 15], [6, 16], [5, 17], [5, 18], [6, 19], [7, 18]]
