[[19, 19], [20, 18], [21, 17], [22, 17], [23, 16], [24, 15], [25, 16], [26, 15], [27, 15], [28, 15]]
[[19, 19], [20, 19], [21, 18], [22, 17], [23, 16], [24, 16], [25, 16], [26, 17], [27, 16], [28, 15]]
[[19, 19], [20, 18], [21, 18], [22, 17], [23, 18], [24, 18], [25, 17], [26, 16], [27, 16], [28, 15]]
[[19, 19], [20, 18], [21, 17], [22, 16], [23, 15], [24, 15], [25, 16], [26, 17], [27, 16], [28, 15]]
[[19, 19], [20, 18], [21, 17], [22, 16], [23, 15], [24, 15], [25, 15], [26, 15], [27, 14], [28, 15]]
[[19, 19], [20, 19], [21, 18], [22, 17], [23, 17], [24, 17], [25, 18], [26, 17], [27, 16], [28, 15]]
[[19, 19], [20, 18], [21, 17], [22, 17], [23, 16], [24, 15], [25, 14], [26, 14], [27, 15], [28, 15]]
[[19, 19], [20, 18], [21, 17], [22, 16], [23, 15], [24, 14], [25, 14], [26, 14], [27, 14], [28, 15]]
[[19, 19], [20, 18], [21, 17], [22, 17], [23, 16], [24, 15], [25, 16], [26, 15], [27, 15], [28, 15]]
[[19, 19], [20, 19], [21, 18], [22, 18], [23, 17], [24, 18], [25, 18], [25, 17], [26, 16], [27, 16], [28, 15]]
[[19, 19], [20, 18], [21, 18], [22, 17], [22, 16], [23, 15], [24, 15], [25, 14], [26, 15], [27, 16], [28, 15]]
[[19, 19], [20, 19], [21, 18], [22, 19], [23, 18], [24, 17], [25, 18], [25, 17], [26, 17], [27, 16], [28, 15]]
[[19, 19], [20, 18], [20, 17], [21, 16], [21, 17], [22, 18], [23, 17], [24, 17], [24, 16], [25, 15], [26, 15], [27, 15], [28, 15]]
[[19, 19], [20, 18], [21, 17], [22, 16], [23, 15], [24, 14], [23, 15], [24, 15], [25, 15], [25, 14], [25, 15], [26, 16], [26, 15], [27, 15], [28, 15]]
[[19, 19], [20, 19], [21, 18], [22, 19], [23, 19], [24, 19], [25, 19], [24, 18], [25, 18], [26, 19], [27, 19], [27, 18], [26, 17], [27, 16], [27, 15], [28, 15]]
