[[0, 10], [1, 9], [2, 9], [3, 8], [4, 7], [5, 7], [6, 7], [7, 6], [8, 6], [9, 5], [10, 4], [11, 3], [12, 3], [13, 3], [14, 2], [15, 1], [16, 1], [17, 2], [18, 2], [19, 1], [20, 2], [21, 1], [22, 0], [23, 0]]
[[0, 10], [1, 10], [2, 9], [3, 8], [4, 7], [5, 6], [6, 5], [7, 4], [8, 3], [9, 3], [10, 3], [11, 2], [12, 1], [13, 2], [14, 1], [15, 2], [16, 2], [17, 3], [18, 2], [19, 2], [20, 1], [21, 1], [22, 1], [23, 0]]
[[0, 10], [1, 10], [2, 9], [3, 8], [4, 7], [5, 6], [6, 6], [7, 5], [8, 5], [9, 4], [10, 4], [11, 5], [12, 4], [13, 3], [14, 2], [15, 1], [16, 2], [17, 2], [18, 1], [19, 0], [20, 0], [21, 1], [22, 1], [23, 0]]
[[0, 10], [1, 9], [2, 9], [3, 8], [4, 7], [5, 7], [6, 7], [7, 6], [8, 6], [9, 5], [10, 4], [11, 3], [12, 3], [13, 3], [14, 2], [15, 1], [16, 1], [17, 2], [18, 2], [19, 1], [20, 2], [21, 1], [22, 0], [23, 0]]
[[0, 10], [1, 9], [2, 9], [3, 8], [4, 7], [5, 7], [6, 6], [7, 5], [8, 6], [9, 5], [10, 5], [11, 4], [12, 3], [13, 2], [14, 2], [15, 2], [16, 3], [17, 2], [18, 1], [19, 1], [20, 0], [21, 0], [22, 1], [23, 0]]
[[0, 10], [1, 10], [2, 9], [3, 8], [4, 7], [5, 6], [6, 5], [7, 4], [8, 5], [9, 4], [10, 3], [11, 3], [12, 2], [13, 1], [14, 2], [15, 2], [16, 1], [17, 2], [18, 2], [19, 2], [20, 1], [21, 0], [22, 1], [23, 0]]
[[0, 10], [1, 9], [2, 9], [3, 8], [4, 7], [5, 6], [6, 6], [7, 6], [8, 5], [9, 5], [10, 4], [11, 3], [12, 2], [13, 1], [14, 2], [15, 2], [16, 1], [17, 1], [18, 0], [19, 0], [20, 0], [21, 1], [22, 0], [23, 0]]
[[0, 10], [1, 9], [2, 9], [3, 8], [4, 7], [5, 6], [6, 6], [7, 5], [8, 5], [9, 5], [10, 4], [11, 3], [12, 2], [13, 1], [14, 2], [15, 1], [16, 1], [17, 1], [18, 0], [19, 0], [20, 1], [21, 1], [22, 1], [23, 0]]
[[0, 10], [1, 9], [2, 8], [3, 8], [4, 7], [5, 6], [6, 7], [7, 6], [8, 5], [9, 4], [10, 3], [11, 2], [12, 3], [13, 2], [14, 1], [15, 2], [16, 2], [17, 1], [18, 0], [19, 0], [20, 1], [21, 0], [22, 1], [23, 0]]
[[0, 10], [1, 9], [2, 9], [3, 8], [4, 7], [5, 7], [6, 7], [7, 6], [8, 5], [9, 4], [10, 3], [11, 2], [12, 3], [13, 2], [14, 1], [15, 1], [16, 1], [17, 2], [18, 1], [19, 2], [20, 1], [21, 0], [22, 1], [23, 0]]
[[0, 10], [1, 10], [2, 9], [3, 8], [4, 7], [5, 6], [6, 6], [7, 6], [8, 5], [9, 4], [10, 3], [11, 2], [12, 2], [13, 1], [14, 0], [15, 1], [16, 2], [17, 3], [18, 2], [19, 1], [20, 1], [21, 1], [22, 1], [23, 0]]
[[0, 10], [1, 9], [2, 8], [3, 7], [4, 7], [5, 6], [6, 5], [7, 6], [8, 5], [9, 4], [10, 3], [11, 3], [12, 3], [13, 2], [14, 1], [15, 1], [16, 1], [17, 2], [18, 2], [19, 1], [20, 2], [21, 1], [22, 0], [23, 0]]
[[0, 10], [1, 9], [2, 8], [3, 7], [4, 7], [5, 6], [6, 5], [7, 6], [8, 6], [9, 5], [10, 6], [11, 5], [12, 5], [13, 4], [14, 4], [15, 3], [16, 2], [17, 2], [18, 2], [19, 1], [20, 1], [21, 0], [22, 0], [23, 0]]
[[0, 10], [1, 10], [2, 9], [3, 8], [4, 7], [5, 7], [6, 6], [7, 5], [8, 6], [9, 5], [10, 4], [11, 4], [12, 4], [13, 3], [14, 2], [15, 1], [16, 0], [17, 1], [18, 1], [19, 1], [20, 1], [21, 1], [22, 0], [23, 0]]
[[0, 10], [1, 9], [2, 8], [3, 8], [4, 7], [5, 7], [6, 6], [7, 6], [8, 5], [9, 4], [10, 3], [11, 3], [12, 2], [13, 2], [14, 2], [15, 3], [16, 2], [17, 1], [17, 2], [18, 2], [19, 2], [20, 1], [21, 0], [21, 1], [22, 0], [23, 0]]
[[0, 10], [1, 9], [2, 8], [3, 7], [4, 7], [5, 6], [6, 6], [7, 6], [8, 5], [9, 4], [10, 3], [11, 2], [12, 1], [13, 2], [14, 1], [14, 2], [15, 1], [15, 2], [16, 1], [17, 1], [18, 1], [19, 1], [20, 0], [21, 1], [22, 0], [23, 0]]
[[0, 10], [1, 9], [2, 9], [3, 8], [4, 7], [5, 7], [6, 6], [7, 6], [8, 5], [9, 4], [10, 5], [10, 4], [11, 5], [12, 4], [13, 3], [14, 2], [15, 2], [15, 1], [16, 1], [17, 1], [18, 1], [19, 1], [20, 0], [21, 1], [22, 0], [23, 0]]
[[0, 10], [1, 9], [2, 8], [3, 8], [4, 7], [5, 6], [6, 7], [7, 6], [8, 5], [9, 5], [10, 6], [11, 6], [12, 6], [11, 5], [12, 4], [13, 3], [14, 2], [14, 1], [15, 2], [16, 1], [17, 1], [18, 0], [19, 0], [20, 0], [21, 0], [22, 1], [23, 0]]
[[0, 10], [0, 9], [0, 8], [1, 8], [2, 7], [3, 7], [4, 7], [5, 6], [6, 6], [7, 5], [8, 5], [9, 5], [10, 6], [10, 7], [11, 6], [12, 6], [13, 5], [14, 5], [14, 4], [15, 3], [16, 2], [17, 1], [18, 2], [19, 1], [20, 2], [21, 1], [22, 0], [23, 0]]
[[0, 10], [0, 9], [1, 9], [2, 9], [3, 8], [4, 7], [5, 6], [6, 5], [6, 4], [7, 5], [8, 5], [9, 5], [10, 6], [11, 6], [11, 5], [12, 5], [13, 4], [13, 3], [14, 2], [15, 1], [16, 1], [17, 2], [18, 1], [19, 1], [20, 1], [21, 0], [22, 0], [23, 0]]
