[[22, 15], [22, 14], [23, 13], [24, 12], [23, 11], [24, 10], [23, 9]]
[[22, 15], [23, 14], [23, 13], [22, 12], [21, 11], [22, 10], [23, 9]]
[[22, 15], [23, 14], [23, 13], [24, 12], [25, 11], [24, 10], [23, 9]]
[[22, 15], [21, 14], [22, 13], [23, 12], [24, 11], [24, 10], [23, 9]]
[[22, 15], [22, 14], [23, 13], [24, 12], [23, 11], [24, 10], [23, 9]]
[[22, 15], [23, 14], [23, 13], [24, 12], [23, 11], [23, 10], [23, 9]]
[[22, 15], [23, 14], [23, 13], [22, 12], [21, 11], [22, 10], [23, 9]]
[[22, 15], [22, 14], [23, 13], [23, 12], [24, 11], [24, 10], [23, 9]]
[[22, 15], [23, 14], [24, 13], [23, 12], [22, 11], [23, 10], [23, 9]]
[[22, 15], [23, 14], [23, 13], [24, 12], [23, 11], [24, 10], [23, 9]]
[[22, 15], [23, 14], [24, 13], [23, 12], [24, 11], [24, 10], [23, 9]]
[[22, 15], [22, 14], [23, 13], [22, 12], [21, 11], [22, 10], [23, 9]]
[[22, 15], [22, 14], [21, 13], [20, 12], [21, 11], [22, 10], [23, 9]]
[[22, 15], [23, 14], [23, 13], [24, 12], [23, 11], [23, 10], [23, 9]]
[[22, 15], [23, 14], [22, 13], [22, 12], [22, 11], [23, 11], [24, 10], [23, 10], [22, 10], [23, 9]]
[[22, 15], [21, 16], [22, 16], [23, 17], [24, 16], [23, 16], [24, 17], [23, 18], [24, 19], [23, 19], [22, 18], [21, 19], [20, 19], [19, 18], [19, 19], [18, 19], [18, 18], [19, 17], [20, 16], [21, 15], [20, 14], [20, 13], [20, 12], [19, 12], [18, 12], [19, 11], [20, 10], [19, 9], [20, 8], [20, 9], [19, 8], [18, 8], [17, 7], [18, 7], [19, 6], [20, 5], [21, 6], [20, 7], [21, 7], [21, 8], [22, 9], [23, 9]]
[[22, 15], [21, 14], [22, 14], [22, 13], [23, 13], [23, 14], [24, 15], [25, 14], [25, 15], [24, 14], [23, 15], [23, 16], [24, 16], [25, 17], [24, 17], [24, 18], [23, 19], [22, 19], [21, 19], [22, 18], [22, 17], [23, 18], [24, 19], [25, 18], [26, 18], [26, 17], [26, 16], [27, 15], [28, 14], [29, 15], [28, 15], [27, 14], [26, 13], [25, 12], [25, 11], [24, 12], [23, 12], [22, 11], [21, 12], [21, 13], [22, 12], [23, 11], [22, 10], [21, 9], [21, 8], [22, 9], [23, 10], [24, 11], [24, 10], [23, 9]]
[[22, 15], [23, 16], [22, 17], [22, 16], [23, 15], [24, 14], [25, 14], [26, 15], [27, 14], [26, 14], [26, 13], [25, 12], [24, 11], [23, 10], [22, 10], [22, 9], [21, 10], [20, 10], [21, 9], [21, 8], [22, 7], [21, 6], [20, 5], [21, 4], [21, 5], [22, 5], [23, 5], [24, 4], [25, 3], [26, 2], [25, 2], [24, 3], [23, 3], [22, 3], [23, 2], [22, 1], [21, 0], [22, 0], [23, 1], [24, 1], [23, 0], [24, 0], [25, 1], [25, 0], [26, 1], [27, 0], [27, 1], [28, 0], [28, 1], [29, 0], [29, 1], [28, 2], [29, 3], [29, 2], [28, 3], [27, 2], [27, 3], [26, 3], [25, 4], [25, 5], [26, 6], [27, 7], [26, 7], [25, 6], [26, 5], [27, 4], [28, 5], [29, 5], [28, 4], [27, 5], [28, 6], [29, 6], [28, 7], [27, 8], [28, 8], [28, 9], [27, 9], [28, 10], [28, 11], [29, 11], [28, 10], [29, 9], [29, 8], [28, 8], [27, 7], [28, 7], [27, 8], [26, 8], [27, 9], [26, 9], [26, 10], [25, 11], [25, 12], [24, 11], [25, 10], [24, 9], [23, 10], [24, 10], [23, 9]]
