[[6, 16], [7, 17], [8, 18], [9, 17], [10, 17], [11, 16], [12, 15], [13, 14], [14, 15], [15, 14], [16, 13], [17, 12], [18, 12], [19, 12]]
[[6, 16], [7, 17], [8, 18], [9, 19], [10, 18], [11, 17], [12, 16], [13, 15], [14, 14], [15, 14], [16, 13], [17, 12], [18, 13], [19, 12]]
[[6, 16], [7, 17], [8, 18], [9, 17], [10, 16], [11, 16], [12, 16], [13, 15], [14, 15], [15, 16], [16, 15], [17, 14], [18, 13], [19, 12]]
[[6, 16], [7, 17], [8, 18], [9, 19], [10, 18], [11, 17], [12, 16], [13, 15], [14, 15], [15, 14], [16, 13], [17, 13], [18, 13], [19, 12]]
[[6, 16], [7, 17], [8, 18], [9, 18], [10, 17], [11, 16], [12, 15], [13, 15], [14, 15], [15, 14], [16, 14], [17, 13], [18, 12], [19, 12]]
[[6, 16], [7, 17], [8, 18], [9, 18], [10, 18], [11, 17], [12, 18], [13, 18], [14, 17], [15, 16], [16, 15], [17, 14], [18, 13], [19, 12]]
[[6, 16], [7, 17], [8, 18], [9, 17], [10, 16], [11, 17], [12, 16], [13, 15], [14, 15], [15, 14], [16, 13], [17, 14], [18, 13], [19, 12]]
[[6, 16], [7, 17], [8, 18], [9, 17], [10, 18], [11, 17], [12, 16], [13, 15], [14, 14], [15, 14], [16, 13], [17, 12], [18, 12], [19, 12]]
[[6, 16], [7, 17], [8, 18], [9, 17], [10, 16], [11, 15], [12, 16], [13, 17], [14, 17], [15, 16], [16, 15], [17, 14], [18, 13], [19, 12]]
[[6, 16], [7, 17], [8, 18], [9, 18], [10, 17], [11, 16], [12, 15], [13, 14], [14, 15], [15, 14], [16, 13], [17, 12], [18, 12], [19, 12]]
[[6, 16], [7, 17], [8, 18], [9, 17], [10, 17], [11, 16], [12, 15], [13, 14], [14, 15], [15, 14], [16, 13], [17, 12], [18, 12], [19, 12]]
[[6, 16], [7, 17], [7, 18], [6, 19], [7, 19], [8, 18], [9, 18], [10, 17], [11, 16], [12, 15], [13, 14], [14, 15], [15, 16], [16, 15], [17, 14], [17, 13], [18, 13], [19, 12]]
[[6, 16], [7, 16], [6, 17], [7, 17], [8, 18], [9, 17], [10, 18], [10, 19], [11, 18], [11, 17], [12, 16], [13, 15], [14, 16], [13, 17], [14, 16], [15, 15], [16, 14], [17, 13], [18, 13], [19, 12]]
[[6, 16], [6, 17], [5, 18], [6, 19], [7, 19], [7, 18], [7, 17], [8, 18], [9, 18], [9, 19], [10, 19], [10, 18], [11, 19], [12, 19], [12, 18], [13, 17], [14, 17], [15, 17], [14, 16], [15, 15], [16, 14], [17, 13], [18, 13], [19, 12]]
[[6, 16], [7, 17], [8, 18], [7, 18], [6, 18], [6, 17], [5, 17], [4, 18], [3, 18], [3, 19], [4, 19], [3, 18], [4, 18], [5, 17], [4, 16], [3, 15], [3, 14], [3, 13], [2, 13], [2, 14], [1, 13], [1, 14], [0, 15], [1, 16], [1, 17], [0, 17], [1, 18], [2, 18], [2, 19], [1, 18], [1, 17], [2, 16], [2, 15], [3, 14], [4, 14], [4, 13], [5, 14], [6, 13], [7, 14], [8, 13], [7, 14], [6, 13], [5, 12], [6, 11], [7, 11], [7, 12], [8, 12], [9, 13], [8, 14], [8, 13], [9, 13], [9, 14], [10, 15], [9, 16], [9, 17], [10, 17], [10, 18], [11, 18], [12, 18], [11, 18], [12, 19], [13, 19], [14, 19], [15, 18], [15, 19], [16, 19], [17, 18], [18, 17], [17, 18], [18, 18], [19, 19], [20, 19], [19, 19], [20, 19], [21, 18], [22, 19], [21, 18], [20, 17], [21, 17], [21, 18], [20, 18], [19, 17], [20, 16], [21, 16], [21, 15], [20, 14], [19, 15], [18, 16], [19, 16], [19, 15], [18, 15], [17, 14], [17, 13], [16, 14], [16, 13], [15, 14], [16, 15], [15, 16], [16, 17], [16, 16], [15, 16], [14, 15], [13, 14], [12, 14], [11, 14], [10, 15], [10, 16], [11, 17], [12, 16], [12, 15], [11, 16], [12, 15], [13, 14], [14, 14], [15, 14], [16, 13], [17, 14], [18, 13], [19, 12], [18, 13], [19, 12]]
