[[16, 7], [17, 6], [18, 7], [19, 6], [20, 5], [21, 4], [22, 4], [23, 4], [24, 3], [25, 3], [26, 2]]
[[16, 7], [17, 7], [18, 7], [19, 6], [20, 5], [21, 4], [22, 3], [23, 2], [24, 1], [25, 1], [26, 2]]
[[16, 7], [17, 7], [18, 6], [19, 5], [20, 4], [21, 3], [22, 3], [23, 2], [24, 1], [25, 2], [26, 2]]
[[16, 7], [17, 7], [18, 6], [19, 5], [20, 4], [21, 4], [22, 5], [23, 4], [24, 3], [25, 3], [26, 2]]
[[16, 7], [17, 6], [18, 6], [19, 6], [20, 6], [21, 6], [22, 5], [23, 4], [24, 3], [25, 2], [26, 2]]
[[16, 7], [17, 6], [18, 6], [19, 5], [20, 4], [21, 3], [22, 3], [23, 2], [24, 3], [25, 2], [26, 2]]
[[16, 7], [17, 6], [18, 7], [19, 6], [20, 5], [21, 4], [22, 4], [23, 4], [24, 3], [25, 3], [26, 2]]
[[16, 7], [17, 6], [18, 6], [19, 6], [20, 5], [21, 4], [22, 3], [23, 2], [24, 1], [25, 2], [26, 2]]
[[16, 7], [17, 6], [18, 7], [19, 6], [20, 5], [21, 4], [22, 4], [23, 4], [24, 3], [25, 2], [26, 2]]
[[16, 7], [17, 6], [18, 7], [19, 6], [20, 6], [21, 6], [22, 5], [23, 4], [24, 3], [25, 3], [26, 2]]
[[16, 7], [17, 6], [18, 7], [19, 6], [20, 5], [21, 4], [22, 3], [23, 2], [24, 2], [25, 1], [26, 2]]
[[16, 7], [17, 7], [18, 6], [19, 5], [20, 4], [21, 5], [22, 5], [23, 4], [24, 3], [25, 3], [26, 2]]
[[16, 7], [17, 6], [18, 7], [19, 6], [20, 6], [21, 5], [22, 4], [23, 4], [24, 3], [25, 2], [26, 2]]
[[16, 7], [17, 7], [18, 6], [19, 5], [20, 6], [21, 5], [22, 4], [23, 4], [24, 3], [25, 2], [26, 2]]
[[16, 7], [17, 6], [18, 7], [19, 6], [20, 5], [21, 6], [22, 5], [23, 4], [24, 3], [25, 2], [26, 2]]
[[16, 7], [17, 8], [18, 7], [19, 6], [20, 6], [21, 5], [22, 6], [23, 6], [24, 5], [25, 4], [25, 3], [26, 2]]
[[16, 7], [17, 7], [18, 6], [19, 5], [20, 6], [21, 7], [22, 6], [23, 6], [24, 5], [25, 4], [26, 3], [26, 2]]
[[16, 7], [16, 6], [17, 5], [18, 6], [19, 5], [20, 6], [21, 7], [21, 6], [22, 5], [23, 5], [24, 5], [25, 4], [26, 3], [26, 2]]
[[16, 7], [17, 7], [17, 6], [18, 6], [19, 5], [20, 4], [20, 3], [21, 4], [22, 5], [23, 4], [24, 3], [25, 3], [26, 3], [26, 2]]
[[16, 7], [17, 8], [17, 7], [18, 6], [19, 5], [19, 4], [20, 4], [21, 3], [22, 4], [23, 4], [24, 3], [24, 2], [25, 2], [26, 2]]
