[[1, 10], [2, 10], [3, 11], [4, 12], [5, 13], [6, 14], [7, 13], [8, 13], [9, 12], [10, 13], [11, 14], [12, 14], [13, 14], [14, 15], [15, 16], [16, 16], [17, 17], [18, 18], [19, 18], [20, 17], [21, 16], [22, 17], [23, 18], [24, 19], [25, 18], [26, 17], [27, 18]]
[[1, 10], [2, 11], [3, 12], [4, 13], [5, 14], [6, 15], [7, 14], [8, 14], [9, 14], [10, 15], [11, 16], [12, 17], [13, 17], [14, 18], [15, 18], [16, 19], [17, 18], [18, 17], [19, 16], [20, 15], [21, 16], [22, 17], [23, 18], [24, 19], [25, 19], [26, 19], [27, 18]]
[[1, 10], [2, 11], [3, 12], [4, 13], [5, 13], [6, 13], [7, 14], [8, 14], [9, 15], [10, 16], [11, 16], [12, 17], [13, 16], [14, 17], [15, 17], [16, 18], [17, 17], [18, 18], [19, 17], [20, 17], [21, 17], [22, 18], [23, 18], [24, 18], [25, 18], [26, 17], [27, 18]]
[[1, 10], [2, 10], [3, 11], [4, 12], [5, 13], [6, 14], [7, 13], [8, 13], [9, 12], [10, 13], [11, 14], [12, 14], [13, 14], [14, 15], [15, 16], [16, 16], [17, 17], [18, 18], [19, 18], [20, 17], [21, 16], [22, 17], [23, 18], [24, 19], [25, 18], [26, 17], [27, 18]]
[[1, 10], [2, 11], [3, 12], [4, 13], [5, 12], [6, 13], [7, 13], [8, 14], [9, 14], [10, 15], [11, 16], [12, 16], [13, 17], [14, 16], [15, 16], [16, 16], [17, 16], [18, 17], [19, 17], [20, 18], [21, 18], [22, 19], [23, 18], [24, 18], [25, 18], [26, 19], [27, 18]]
[[1, 10], [2, 11], [3, 12], [4, 13], [5, 12], [6, 13], [7, 14], [8, 15], [9, 15], [10, 15], [11, 15], [12, 16], [13, 17], [14, 17], [15, 17], [16, 16], [17, 17], [18, 16], [19, 17], [20, 16], [21, 17], [22, 18], [23, 19], [24, 19], [25, 18], [26, 19], [27, 18]]
[[1, 10], [2, 11], [3, 11], [4, 12], [5, 13], [6, 13], [7, 13], [8, 13], [9, 14], [10, 14], [11, 15], [12, 16], [13, 17], [14, 18], [15, 17], [16, 18], [17, 17], [18, 16], [19, 17], [20, 18], [21, 18], [22, 19], [23, 19], [24, 18], [25, 18], [26, 17], [27, 18]]
[[1, 10], [2, 11], [3, 11], [4, 12], [5, 13], [6, 13], [7, 13], [8, 14], [9, 15], [10, 16], [11, 17], [12, 17], [13, 18], [14, 18], [15, 17], [16, 16], [17, 15], [18, 16], [19, 17], [20, 18], [21, 19], [22, 19], [23, 18], [24, 18], [25, 19], [26, 19], [27, 18]]
[[1, 10], [2, 11], [3, 11], [4, 12], [5, 13], [6, 14], [7, 15], [8, 15], [9, 14], [10, 15], [11, 16], [12, 16], [13, 17], [14, 18], [15, 17], [16, 16], [17, 17], [18, 17], [19, 18], [20, 18], [21, 18], [22, 18], [23, 17], [24, 18], [25, 18], [26, 17], [27, 18]]
[[1, 10], [2, 11], [3, 12], [4, 13], [5, 12], [6, 13], [7, 14], [8, 14], [9, 14], [10, 15], [11, 14], [12, 14], [13, 15], [14, 16], [15, 17], [16, 18], [17, 17], [18, 16], [19, 15], [20, 16], [21, 17], [22, 18], [23, 19], [24, 18], [25, 18], [26, 19], [27, 18]]
[[1, 10], [2, 11], [3, 12], [4, 13], [5, 13], [6, 13], [7, 14], [8, 14], [9, 15], [10, 16], [11, 16], [12, 17], [13, 17], [14, 16], [15, 15], [16, 14], [17, 15], [18, 16], [19, 16], [20, 17], [21, 17], [22, 18], [23, 19], [24, 19], [25, 18], [26, 19], [27, 18]]
[[1, 10], [2, 11], [3, 11], [4, 12], [5, 13], [6, 14], [7, 15], [8, 14], [9, 13], [10, 14], [11, 15], [12, 16], [13, 16], [14, 17], [15, 16], [16, 16], [17, 15], [18, 16], [19, 17], [20, 18], [21, 18], [22, 19], [23, 19], [24, 18], [25, 18], [26, 17], [27, 18]]
[[1, 10], [2, 11], [3, 12], [4, 12], [5, 13], [6, 14], [7, 13], [8, 12], [9, 12], [10, 13], [11, 14], [12, 15], [13, 16], [14, 16], [15, 15], [16, 14], [17, 15], [18, 16], [19, 17], [20, 16], [21, 17], [22, 17], [23, 18], [24, 18], [25, 18], [26, 17], [27, 18]]
[[1, 10], [2, 11], [3, 12], [4, 13], [5, 13], [6, 14], [7, 14], [8, 15], [9, 14], [10, 14], [11, 14], [11, 15], [12, 16], [13, 17], [14, 18], [15, 17], [16, 18], [17, 18], [18, 18], [19, 18], [20, 18], [21, 17], [22, 16], [23, 17], [24, 18], [25, 19], [26, 19], [27, 18]]
[[1, 10], [2, 11], [3, 12], [4, 13], [5, 14], [5, 13], [6, 14], [7, 13], [8, 14], [9, 15], [10, 14], [11, 15], [12, 15], [12, 16], [13, 17], [14, 17], [15, 18], [16, 18], [17, 18], [18, 17], [19, 18], [20, 18], [20, 17], [21, 18], [22, 17], [23, 18], [24, 19], [25, 19], [26, 19], [27, 18]]
[[1, 10], [2, 10], [3, 11], [4, 12], [5, 12], [6, 13], [7, 14], [8, 14], [9, 13], [10, 13], [10, 14], [11, 15], [12, 16], [13, 17], [14, 18], [15, 18], [16, 19], [17, 18], [18, 17], [19, 17], [20, 17], [21, 18], [22, 18], [23, 18], [22, 18], [23, 19], [24, 18], [25, 19], [25, 18], [26, 19], [27, 18]]
[[1, 10], [2, 10], [2, 11], [3, 12], [4, 12], [5, 13], [6, 14], [6, 15], [7, 15], [8, 15], [9, 14], [10, 15], [11, 16], [12, 15], [13, 15], [14, 16], [15, 16], [16, 16], [17, 15], [18, 15], [19, 16], [19, 17], [19, 16], [20, 17], [20, 16], [21, 17], [22, 17], [23, 17], [24, 18], [25, 19], [26, 19], [27, 18]]
[[1, 10], [2, 11], [3, 12], [4, 13], [5, 12], [6, 13], [5, 14], [6, 15], [7, 16], [8, 15], [9, 15], [10, 16], [11, 16], [11, 15], [12, 14], [13, 13], [14, 13], [15, 13], [16, 14], [17, 15], [18, 16], [19, 16], [20, 16], [21, 17], [22, 18], [23, 18], [23, 19], [24, 18], [24, 19], [25, 18], [26, 19], [27, 18]]
[[1, 10], [2, 11], [3, 12], [4, 13], [5, 13], [6, 14], [6, 13], [7, 14], [8, 14], [9, 14], [10, 13], [11, 14], [12, 15], [13, 14], [14, 14], [15, 15], [16, 14], [17, 15], [18, 15], [19, 15], [19, 16], [20, 16], [21, 16], [20, 16], [21, 17], [22, 18], [23, 19], [24, 18], [25, 18], [26, 17], [27, 17], [27, 18]]
[[1, 10], [2, 11], [3, 12], [4, 12], [5, 12], [6, 13], [7, 14], [8, 13], [8, 12], [9, 13], [9, 12], [10, 13], [11, 14], [12, 14], [12, 15], [13, 16], [14, 17], [14, 18], [14, 17], [15, 17], [16, 18], [17, 19], [18, 19], [19, 18], [20, 17], [21, 17], [22, 18], [23, 18], [24, 18], [23, 18], [24, 19], [25, 18], [26, 17], [27, 18]]
