[[16, 10], [15, 9], [14, 8], [13, 7], [13, 6], [13, 5], [13, 4], [13, 3], [12, 2]]
[[16, 10], [15, 9], [14, 8], [13, 7], [12, 6], [12, 5], [12, 4], [12, 3], [12, 2]]
[[16, 10], [17, 9], [17, 8], [17, 7], [16, 6], [15, 5], [14, 4], [13, 3], [12, 2]]
[[16, 10], [15, 9], [14, 8], [15, 7], [16, 6], [15, 5], [14, 4], [13, 3], [12, 2]]
[[16, 10], [15, 9], [15, 8], [14, 7], [13, 6], [13, 5], [13, 4], [13, 3], [12, 2]]
[[16, 10], [15, 9], [14, 8], [13, 7], [12, 6], [12, 5], [11, 4], [12, 3], [12, 2]]
[[16, 10], [15, 9], [14, 8], [13, 7], [13, 6], [12, 5], [13, 4], [12, 3], [12, 2]]
[[16, 10], [15, 9], [16, 8], [17, 7], [16, 6], [15, 5], [14, 4], [13, 3], [12, 2]]
[[16, 10], [15, 9], [14, 8], [13, 7], [13, 6], [13, 5], [13, 4], [13, 3], [12, 2]]
[[16, 10], [15, 9], [16, 8], [15, 7], [16, 6], [15, 5], [14, 4], [13, 3], [12, 2]]
[[16, 10], [16, 9], [15, 8], [14, 7], [13, 6], [12, 5], [12, 4], [12, 3], [12, 2]]
[[16, 10], [16, 9], [15, 8], [14, 7], [13, 6], [12, 5], [13, 4], [13, 3], [12, 2]]
[[16, 10], [15, 9], [14, 9], [14, 8], [13, 7], [13, 6], [12, 5], [13, 4], [12, 3], [12, 2]]
[[16, 10], [16, 9], [15, 9], [14, 8], [13, 7], [13, 6], [13, 5], [12, 5], [13, 4], [13, 3], [12, 2]]
[[16, 10], [15, 9], [14, 8], [13, 8], [14, 7], [13, 6], [12, 5], [12, 4], [13, 4], [14, 3], [13, 3], [12, 3], [12, 2]]
[[16, 10], [16, 9], [15, 8], [14, 7], [13, 8], [13, 7], [12, 6], [11, 5], [10, 4], [9, 3], [10, 4], [9, 5], [10, 6], [11, 5], [11, 6], [12, 5], [13, 5], [13, 4], [13, 5], [12, 4], [13, 3], [13, 2], [12, 2]]
[[16, 10], [15, 9], [14, 8], [14, 7], [13, 8], [13, 7], [12, 6], [11, 5], [10, 4], [9, 3], [10, 4], [9, 5], [10, 6], [11, 5], [11, 6], [12, 5], [13, 5], [13, 4], [13, 5], [12, 4], [13, 3], [13, 2], [12, 2]]
[[16, 10], [17, 9], [16, 8], [15, 9], [14, 8], [13, 8], [12, 7], [13, 8], [14, 7], [14, 8], [15, 7], [16, 6], [17, 7], [17, 6], [16, 6], [17, 5], [16, 5], [15, 4], [14, 3], [13, 3], [14, 3], [15, 3], [16, 2], [15, 3], [14, 4], [14, 3], [13, 2], [12, 1], [11, 2], [10, 1], [11, 0], [12, 1], [13, 2], [14, 3], [13, 3], [12, 2]]
[[16, 10], [15, 9], [16, 8], [17, 8], [17, 7], [18, 8], [19, 7], [18, 7], [18, 6], [18, 5], [18, 4], [18, 3], [19, 4], [20, 3], [19, 2], [19, 1], [20, 2], [20, 1], [19, 0], [20, 0], [19, 0], [20, 1], [20, 2], [19, 3], [20, 3], [19, 2], [18, 3], [17, 2], [18, 1], [19, 1], [18, 2], [17, 1], [18, 0], [17, 0], [16, 1], [15, 2], [14, 1], [13, 0], [14, 0], [13, 1], [12, 2]]
[[16, 10], [16, 11], [17, 12], [17, 11], [18, 11], [19, 12], [20, 13], [21, 12], [21, 13], [22, 12], [22, 13], [23, 12], [24, 12], [25, 13], [26, 12], [27, 11], [27, 10], [26, 11], [25, 11], [25, 10], [24, 11], [25, 12], [26, 13], [26, 14], [27, 13], [28, 12], [29, 13], [29, 14], [28, 15], [27, 14], [28, 14], [28, 13], [29, 12], [28, 11], [28, 10], [27, 9], [28, 8], [29, 7], [29, 8], [28, 9], [27, 8], [26, 9], [26, 10], [25, 9], [24, 10], [23, 9], [22, 10], [22, 9], [21, 9], [21, 10], [21, 11], [20, 10], [19, 10], [20, 9], [21, 8], [21, 7], [22, 6], [22, 5], [23, 5], [24, 5], [23, 4], [23, 3], [24, 4], [25, 5], [25, 6], [24, 6], [23, 6], [22, 7], [23, 7], [24, 7], [25, 7], [26, 8], [27, 7], [28, 6], [28, 7], [27, 6], [26, 5], [27, 5], [28, 4], [28, 5], [27, 4], [27, 3], [26, 3], [27, 2], [28, 2], [29, 1], [29, 0], [28, 0], [27, 0], [26, 1], [25, 2], [25, 3], [24, 2], [24, 3], [23, 2], [22, 3], [22, 4], [21, 5], [21, 4], [20, 3], [21, 2], [22, 2], [22, 1], [21, 0], [20, 0], [21, 1], [20, 2], [21, 3], [20, 4], [19, 5], [18, 6], [17, 5], [16, 4], [16, 3], [15, 3], [16, 2], [16, 1], [17, 0], [17, 1], [18, 0], [19, 1], [18, 1], [19, 0], [20, 1], [19, 2], [19, 3], [19, 4], [18, 5], [17, 6], [16, 6], [15, 5], [15, 6], [16, 5], [15, 4], [14, 3], [13, 4], [12, 4], [13, 5], [14, 4], [13, 3], [13, 2], [14, 2], [14, 1], [13, 0], [14, 1], [14, 2], [13, 2], [12, 2]]
