[[29, 4], [28, 3], [27, 2], [26, 2], [25, 2], [24, 2], [23, 3], [22, 3], [21, 4], [20, 5], [19, 6], [18, 7], [17, 7], [16, 6], [15, 5]]
[[29, 4], [28, 3], [27, 2], [26, 3], [25, 2], [24, 2], [23, 2], [22, 3], [21, 4], [20, 3], [19, 4], [18, 4], [17, 5], [16, 5], [15, 5]]
[[29, 4], [28, 3], [27, 2], [26, 1], [25, 2], [24, 1], [23, 0], [22, 1], [21, 1], [20, 2], [19, 3], [18, 3], [17, 4], [16, 5], [15, 5]]
[[29, 4], [28, 3], [27, 2], [26, 3], [25, 3], [24, 4], [23, 4], [22, 4], [21, 4], [20, 4], [19, 4], [18, 4], [17, 4], [16, 4], [15, 5]]
[[29, 4], [28, 3], [27, 2], [26, 1], [25, 2], [24, 2], [23, 2], [22, 3], [21, 4], [20, 5], [19, 4], [18, 4], [17, 3], [16, 4], [15, 5]]
[[29, 4], [28, 3], [27, 2], [26, 2], [25, 2], [24, 2], [23, 3], [22, 3], [21, 4], [20, 5], [19, 6], [18, 7], [17, 7], [16, 6], [15, 5]]
[[29, 4], [28, 3], [27, 2], [26, 3], [25, 3], [24, 4], [23, 5], [22, 4], [21, 5], [20, 5], [19, 6], [18, 5], [17, 4], [16, 4], [15, 5]]
[[29, 4], [28, 3], [27, 2], [26, 3], [25, 2], [24, 2], [23, 2], [22, 3], [21, 4], [20, 3], [19, 4], [18, 4], [17, 5], [16, 4], [15, 5]]
[[29, 4], [28, 3], [27, 2], [26, 2], [25, 2], [24, 2], [23, 3], [22, 3], [21, 4], [20, 5], [19, 6], [18, 7], [17, 7], [16, 6], [15, 5]]
[[29, 4], [28, 3], [27, 2], [26, 3], [25, 3], [24, 2], [23, 1], [22, 2], [21, 3], [20, 2], [19, 2], [18, 3], [17, 4], [16, 5], [15, 5]]
[[29, 4], [28, 3], [27, 2], [26, 3], [25, 3], [24, 4], [23, 5], [22, 4], [21, 3], [20, 4], [19, 3], [18, 2], [18, 3], [17, 4], [16, 4], [15, 5]]
[[29, 4], [28, 3], [27, 2], [26, 2], [25, 2], [24, 2], [23, 3], [22, 4], [21, 4], [20, 5], [20, 4], [19, 3], [18, 4], [17, 4], [16, 5], [15, 5]]
[[29, 4], [28, 3], [27, 2], [26, 1], [25, 0], [24, 1], [23, 2], [22, 3], [21, 4], [21, 5], [20, 6], [19, 7], [18, 8], [17, 7], [16, 6], [15, 5]]
[[29, 4], [28, 3], [28, 2], [27, 2], [26, 3], [26, 2], [25, 2], [24, 2], [23, 3], [22, 3], [21, 4], [20, 4], [19, 4], [18, 3], [17, 4], [16, 4], [15, 5]]
[[29, 4], [29, 3], [28, 2], [28, 1], [27, 0], [26, 1], [26, 0], [25, 0], [24, 1], [24, 2], [23, 2], [22, 3], [21, 3], [21, 4], [20, 3], [20, 4], [20, 5], [19, 5], [18, 4], [17, 4], [16, 3], [15, 4], [15, 5]]
[[29, 4], [28, 5], [27, 4], [26, 5], [26, 4], [25, 3], [25, 2], [26, 2], [27, 1], [27, 0], [26, 1], [25, 0], [24, 1], [23, 0], [22, 1], [21, 2], [21, 3], [20, 2], [20, 3], [21, 4], [20, 3], [19, 2], [18, 1], [18, 2], [19, 1], [19, 2], [18, 3], [18, 4], [17, 4], [16, 3], [15, 4], [15, 5]]
[[29, 4], [28, 5], [28, 6], [29, 5], [29, 6], [29, 7], [28, 7], [27, 6], [26, 7], [25, 6], [25, 7], [24, 7], [23, 6], [22, 7], [22, 8], [21, 8], [20, 8], [20, 7], [20, 6], [21, 7], [21, 6], [21, 5], [22, 4], [21, 4], [20, 3], [19, 3], [19, 4], [20, 3], [21, 3], [21, 2], [22, 1], [22, 2], [22, 3], [22, 4], [22, 5], [21, 6], [22, 7], [22, 8], [23, 8], [24, 8], [24, 9], [23, 10], [24, 10], [25, 10], [26, 11], [25, 11], [26, 12], [25, 12], [26, 13], [26, 14], [26, 15], [27, 14], [27, 13], [28, 14], [27, 15], [27, 16], [28, 17], [27, 17], [26, 17], [25, 17], [26, 16], [25, 15], [24, 16], [24, 17], [23, 16], [23, 15], [24, 15], [25, 14], [24, 14], [23, 13], [22, 14], [22, 15], [22, 16], [21, 17], [20, 17], [19, 18], [18, 17], [19, 17], [20, 16], [19, 15], [20, 15], [21, 15], [20, 14], [21, 14], [21, 13], [22, 12], [22, 13], [21, 12], [20, 12], [20, 11], [19, 12], [19, 11], [19, 10], [20, 10], [20, 9], [21, 10], [22, 9], [21, 9], [20, 8], [20, 7], [19, 8], [19, 9], [18, 10], [18, 9], [17, 9], [18, 8], [19, 7], [18, 7], [17, 6], [17, 7], [17, 8], [16, 9], [17, 10], [16, 11], [16, 12], [16, 13], [17, 12], [17, 13], [16, 14], [16, 15], [15, 15], [14, 14], [14, 13], [14, 12], [14, 11], [13, 10], [13, 11], [12, 11], [11, 11], [10, 10], [10, 11], [11, 10], [10, 9], [11, 8], [10, 7], [9, 6], [9, 5], [8, 5], [7, 5], [6, 6], [5, 6], [5, 7], [6, 8], [7, 9], [7, 10], [6, 10], [5, 9], [4, 9], [5, 8], [6, 9], [5, 10], [4, 10], [4, 11], [5, 12], [6, 11], [5, 11], [6, 12], [7, 12], [7, 11], [8, 11], [9, 10], [9, 9], [10, 8], [11, 7], [12, 6], [13, 6], [13, 5], [14, 4], [15, 5]]
