[[19, 15], [19, 16], [18, 17], [18, 18], [18, 19]]
[[19, 15], [19, 16], [18, 17], [17, 18], [18, 19]]
[[19, 15], [19, 16], [18, 17], [18, 18], [18, 19]]
[[19, 15], [19, 16], [18, 17], [19, 18], [18, 19]]
[[19, 15], [19, 16], [18, 17], [18, 18], [18, 19]]
[[19, 15], [19, 16], [19, 17], [18, 18], [18, 19]]
[[19, 15], [19, 16], [20, 17], [19, 18], [18, 19]]
[[19, 15], [19, 16], [18, 17], [18, 18], [18, 19]]
[[19, 15], [19, 16], [20, 17], [19, 18], [18, 19]]
[[19, 15], [19, 16], [18, 17], [17, 18], [18, 19]]
[[19, 15], [19, 16], [19, 17], [19, 18], [18, 19]]
[[19, 15], [20, 16], [20, 17], [19, 18], [18, 19]]
[[19, 15], [19, 16], [19, 17], [18, 18], [18, 19]]
[[19, 15], [20, 16], [20, 17], [19, 18], [18, 19]]
[[19, 15], [20, 16], [20, 17], [19, 18], [18, 19]]
[[19, 15], [18, 14], [19, 15], [19, 16], [20, 17], [21, 17], [22, 18], [21, 19], [20, 19], [19, 19], [18, 19], [17, 19], [17, 18], [18, 19]]
[[19, 15], [20, 16], [20, 15], [19, 14], [18, 15], [17, 15], [16, 14], [15, 14], [14, 15], [13, 15], [12, 16], [11, 16], [11, 17], [12, 17], [11, 18], [10, 18], [10, 17], [9, 18], [9, 19], [8, 18], [7, 18], [6, 19], [7, 19], [6, 18], [6, 17], [5, 18], [4, 18], [4, 17], [3, 17], [4, 16], [5, 16], [6, 15], [6, 16], [7, 15], [7, 16], [8, 17], [9, 16], [10, 16], [10, 15], [11, 14], [10, 14], [9, 13], [10, 12], [11, 12], [12, 12], [11, 11], [10, 10], [9, 11], [10, 11], [9, 12], [10, 13], [9, 14], [8, 15], [7, 14], [8, 14], [7, 13], [6, 14], [6, 13], [6, 12], [5, 13], [4, 13], [5, 12], [6, 11], [5, 11], [4, 10], [3, 11], [2, 11], [3, 10], [2, 10], [1, 9], [0, 8], [0, 9], [0, 10], [1, 10], [2, 9], [3, 9], [2, 8], [3, 7], [4, 8], [5, 8], [6, 9], [6, 10], [7, 10], [7, 9], [8, 8], [9, 9], [10, 9], [9, 10], [8, 11], [7, 12], [7, 11], [8, 10], [8, 9], [7, 8], [8, 7], [9, 7], [9, 6], [10, 7], [11, 6], [12, 6], [12, 7], [13, 8], [12, 9], [12, 10], [11, 9], [10, 8], [11, 7], [11, 8], [12, 8], [13, 7], [14, 6], [15, 5], [16, 4], [16, 5], [17, 6], [16, 7], [16, 6], [15, 6], [15, 7], [16, 8], [15, 9], [14, 9], [15, 8], [14, 8], [13, 9], [14, 10], [13, 10], [14, 11], [15, 11], [15, 10], [16, 9], [16, 10], [17, 10], [17, 9], [17, 8], [18, 9], [18, 8], [19, 8], [20, 9], [21, 10], [21, 9], [20, 10], [20, 11], [21, 11], [22, 10], [23, 9], [23, 10], [23, 11], [24, 12], [25, 12], [26, 12], [27, 11], [28, 10], [29, 9], [29, 10], [28, 11], [29, 11], [28, 12], [27, 12], [28, 13], [29, 14], [28, 15], [28, 16], [29, 15], [29, 16], [28, 17], [27, 16], [27, 17], [28, 18], [29, 18], [28, 19], [27, 19], [26, 18], [26, 17], [26, 16], [25, 17], [25, 16], [24, 15], [25, 14], [26, 14], [25, 13], [24, 13], [23, 12], [22, 13], [23, 13], [22, 12], [21, 13], [20, 13], [20, 12], [19, 12], [19, 11], [18, 11], [17, 12], [18, 13], [17, 14], [16, 13], [16, 12], [16, 11], [15, 12], [14, 12], [14, 13], [15, 13], [14, 14], [13, 14], [12, 14], [11, 15], [12, 15], [13, 16], [13, 17], [14, 16], [15, 17], [16, 18], [16, 19], [17, 18], [17, 17], [16, 16], [17, 16], [18, 17], [19, 18], [20, 17], [20, 18], [21, 19], [21, 18], [20, 19], [19, 19], [18, 19]]
