[[18, 14], [19, 13], [20, 12], [19, 11], [20, 10], [21, 9], [22, 8], [23, 7], [24, 6], [25, 5], [26, 4], [26, 3], [25, 2]]
[[18, 14], [19, 13], [19, 12], [19, 11], [20, 10], [21, 9], [22, 8], [23, 7], [24, 6], [25, 5], [26, 4], [25, 3], [25, 2]]
[[18, 14], [19, 13], [19, 12], [19, 11], [20, 10], [21, 9], [22, 8], [23, 7], [24, 6], [25, 5], [25, 4], [25, 3], [25, 2]]
[[18, 14], [18, 13], [19, 12], [20, 11], [21, 10], [20, 9], [21, 8], [22, 7], [23, 6], [24, 5], [25, 4], [25, 3], [25, 2]]
[[18, 14], [19, 13], [20, 12], [21, 11], [22, 10], [21, 9], [22, 8], [23, 7], [23, 6], [23, 5], [23, 4], [24, 3], [25, 2]]
[[18, 14], [18, 13], [19, 12], [20, 11], [21, 10], [22, 9], [22, 8], [22, 7], [23, 6], [24, 5], [24, 4], [24, 3], [25, 2]]
[[18, 14], [18, 13], [19, 12], [20, 11], [21, 10], [22, 9], [23, 8], [24, 7], [24, 6], [25, 5], [25, 4], [24, 3], [25, 2]]
[[18, 14], [19, 13], [20, 12], [20, 11], [20, 10], [21, 9], [22, 8], [23, 7], [23, 6], [24, 5], [25, 4], [24, 3], [25, 2]]
[[18, 14], [18, 13], [19, 12], [19, 11], [19, 10], [20, 9], [21, 8], [22, 7], [23, 6], [23, 5], [24, 4], [24, 3], [25, 2]]
[[18, 14], [19, 13], [20, 12], [19, 11], [20, 10], [21, 9], [22, 8], [23, 7], [24, 6], [25, 5], [26, 4], [26, 3], [25, 2]]
[[18, 14], [19, 13], [19, 12], [20, 11], [21, 10], [22, 9], [23, 8], [24, 7], [24, 6], [25, 5], [25, 4], [24, 3], [25, 2]]
[[18, 14], [19, 13], [19, 12], [20, 11], [20, 10], [21, 9], [22, 8], [22, 7], [23, 6], [24, 5], [24, 4], [24, 3], [25, 2]]
[[18, 14], [19, 13], [19, 12], [19, 11], [20, 10], [21, 9], [21, 8], [22, 7], [23, 6], [23, 5], [24, 4], [25, 3], [25, 2]]
[[18, 14], [19, 13], [20, 12], [20, 11], [21, 10], [21, 9], [21, 8], [22, 7], [23, 6], [24, 5], [24, 4], [25, 4], [24, 3], [25, 2]]
[[18, 14], [19, 14], [20, 13], [19, 12], [20, 11], [21, 10], [21, 9], [22, 8], [23, 8], [22, 7], [22, 6], [21, 5], [22, 6], [22, 5], [23, 4], [24, 3], [25, 3], [25, 2]]
[[18, 14], [19, 13], [19, 12], [20, 13], [20, 12], [21, 12], [22, 11], [23, 10], [22, 9], [23, 8], [23, 7], [24, 6], [24, 5], [25, 6], [24, 5], [25, 5], [25, 4], [24, 4], [25, 3], [25, 2]]
[[18, 14], [19, 13], [19, 12], [18, 12], [17, 12], [17, 13], [16, 12], [17, 12], [18, 11], [19, 11], [19, 10], [19, 9], [19, 8], [20, 8], [19, 7], [20, 6], [21, 5], [22, 5], [23, 5], [24, 4], [25, 3], [25, 2]]
[[18, 14], [17, 13], [17, 12], [16, 13], [15, 12], [14, 11], [14, 12], [13, 11], [13, 10], [12, 9], [13, 10], [13, 9], [12, 8], [12, 7], [13, 6], [14, 6], [13, 7], [14, 8], [13, 9], [14, 8], [15, 9], [16, 10], [16, 9], [17, 8], [17, 9], [17, 8], [18, 9], [19, 10], [20, 11], [21, 10], [21, 9], [22, 8], [22, 7], [23, 6], [22, 6], [23, 6], [22, 6], [21, 5], [22, 4], [23, 3], [24, 4], [25, 3], [26, 2], [25, 2]]
[[18, 14], [19, 13], [19, 12], [18, 12], [17, 12], [16, 13], [15, 12], [16, 12], [17, 13], [16, 14], [15, 15], [15, 14], [16, 15], [17, 15], [16, 16], [15, 16], [14, 15], [14, 14], [15, 13], [14, 13], [14, 12], [13, 11], [12, 12], [13, 13], [13, 14], [12, 13], [11, 13], [10, 13], [11, 14], [10, 15], [11, 15], [12, 15], [13, 16], [12, 17], [11, 17], [11, 16], [10, 17], [11, 18], [12, 18], [11, 19], [10, 19], [10, 18], [9, 18], [8, 18], [9, 17], [8, 16], [8, 15], [9, 14], [9, 15], [10, 14], [9, 13], [8, 12], [9, 11], [10, 10], [10, 9], [11, 9], [11, 10], [12, 10], [12, 11], [13, 12], [14, 11], [15, 10], [16, 11], [17, 10], [17, 9], [18, 10], [18, 11], [19, 11], [20, 12], [21, 11], [22, 12], [21, 13], [21, 14], [21, 15], [22, 14], [23, 14], [24, 13], [24, 14], [23, 13], [22, 13], [23, 12], [22, 11], [23, 11], [24, 12], [25, 13], [25, 14], [24, 15], [23, 15], [23, 16], [22, 15], [22, 16], [21, 17], [21, 18], [22, 18], [22, 17], [23, 18], [24, 18], [24, 17], [25, 18], [26, 18], [27, 19], [28, 18], [29, 17], [28, 17], [29, 17], [28, 16], [27, 16], [28, 15], [29, 14], [29, 15], [28, 14], [27, 15], [26, 14], [25, 13], [24, 12], [24, 11], [23, 11], [23, 10], [24, 10], [25, 11], [25, 12], [26, 13], [25, 14], [26, 15], [27, 14], [27, 13], [27, 12], [28, 13], [28, 12], [28, 11], [27, 10], [27, 9], [26, 10], [26, 9], [25, 9], [24, 9], [23, 8], [24, 8], [25, 7], [24, 7], [23, 7], [24, 6], [24, 5], [25, 4], [24, 3], [24, 2], [25, 2]]
