[[14, 17], [15, 16], [16, 15], [17, 14], [18, 13], [18, 12], [19, 11], [20, 10], [21, 9], [22, 8], [22, 7], [21, 6], [20, 5], [19, 5]]
[[14, 17], [15, 16], [16, 15], [17, 14], [18, 13], [19, 12], [18, 11], [19, 10], [20, 9], [20, 8], [21, 7], [21, 6], [20, 5], [19, 5]]
[[14, 17], [15, 16], [15, 15], [15, 14], [16, 13], [16, 12], [17, 11], [18, 10], [19, 9], [20, 8], [21, 7], [21, 6], [20, 5], [19, 5]]
[[14, 17], [15, 16], [16, 15], [17, 14], [18, 13], [18, 12], [19, 11], [20, 10], [21, 9], [22, 8], [22, 7], [21, 6], [20, 5], [19, 5]]
[[14, 17], [15, 16], [16, 15], [17, 14], [18, 13], [18, 12], [19, 11], [19, 10], [20, 9], [20, 8], [20, 7], [21, 6], [20, 5], [19, 5]]
[[14, 17], [15, 16], [15, 15], [16, 14], [17, 13], [18, 12], [17, 11], [18, 10], [19, 9], [20, 8], [21, 7], [21, 6], [20, 5], [19, 5]]
[[14, 17], [15, 16], [15, 15], [16, 14], [16, 13], [17, 12], [18, 11], [19, 10], [19, 9], [19, 8], [20, 7], [21, 6], [20, 5], [19, 5]]
[[14, 17], [15, 16], [16, 15], [16, 14], [17, 13], [18, 12], [18, 11], [18, 10], [19, 9], [20, 8], [20, 7], [21, 6], [20, 5], [19, 5]]
[[14, 17], [13, 16], [14, 15], [15, 14], [16, 13], [17, 12], [18, 11], [18, 10], [19, 9], [20, 8], [21, 7], [21, 6], [20, 5], [19, 5]]
[[14, 17], [15, 16], [16, 15], [16, 14], [17, 13], [18, 12], [18, 11], [19, 10], [19, 9], [19, 8], [20, 7], [21, 6], [20, 5], [19, 5]]
[[14, 17], [15, 16], [14, 15], [15, 14], [15, 13], [16, 12], [17, 11], [18, 10], [19, 9], [19, 8], [20, 7], [21, 6], [20, 5], [19, 5]]
[[14, 17], [15, 16], [16, 15], [17, 14], [18, 13], [19, 12], [18, 11], [19, 10], [18, 9], [19, 8], [18, 7], [17, 6], [18, 5], [19, 5]]
[[14, 17], [15, 16], [16, 15], [15, 14], [16, 13], [17, 13], [18, 12], [19, 11], [20, 10], [21, 9], [20, 8], [21, 8], [22, 9], [21, 8], [20, 9], [19, 8], [20, 7], [21, 6], [20, 5], [19, 5]]
[[14, 17], [15, 16], [16, 17], [17, 16], [17, 15], [18, 15], [18, 14], [19, 13], [19, 12], [18, 12], [19, 11], [18, 10], [19, 9], [19, 8], [20, 7], [21, 6], [21, 5], [22, 5], [21, 4], [20, 5], [19, 5]]
[[14, 17], [15, 16], [16, 15], [15, 15], [16, 14], [16, 13], [15, 13], [15, 12], [14, 11], [14, 10], [13, 9], [13, 8], [14, 8], [13, 7], [14, 7], [15, 8], [15, 7], [16, 6], [17, 5], [18, 4], [19, 5]]
[[14, 17], [15, 16], [16, 15], [16, 14], [16, 13], [17, 12], [18, 11], [19, 11], [19, 12], [20, 11], [21, 10], [20, 10], [20, 9], [19, 8], [20, 7], [21, 7], [21, 6], [22, 5], [22, 4], [21, 3], [21, 4], [20, 4], [19, 5]]
[[14, 17], [13, 17], [13, 16], [14, 15], [15, 14], [16, 13], [15, 13], [16, 13], [16, 12], [17, 12], [18, 12], [19, 12], [20, 11], [21, 11], [22, 11], [21, 10], [21, 9], [20, 8], [19, 7], [18, 7], [19, 8], [20, 7], [21, 6], [21, 5], [20, 4], [19, 4], [19, 5]]
[[14, 17], [15, 18], [15, 19], [15, 18], [16, 17], [17, 18], [17, 17], [16, 17], [16, 16], [16, 15], [17, 16], [16, 15], [15, 14], [14, 13], [13, 12], [14, 12], [14, 11], [15, 10], [15, 9], [15, 10], [16, 10], [17, 9], [16, 8], [17, 8], [17, 7], [16, 6], [17, 5], [18, 5], [18, 4], [19, 4], [20, 5], [19, 5]]
[[14, 17], [15, 17], [16, 16], [16, 17], [17, 17], [18, 18], [18, 17], [19, 16], [20, 17], [21, 17], [21, 16], [20, 16], [20, 15], [21, 14], [20, 14], [21, 13], [22, 12], [21, 11], [21, 10], [20, 9], [19, 10], [18, 9], [17, 9], [17, 8], [18, 8], [19, 8], [20, 8], [20, 7], [21, 6], [21, 5], [20, 4], [19, 5]]
[[14, 17], [15, 16], [15, 15], [15, 14], [16, 14], [17, 14], [18, 15], [18, 14], [17, 15], [18, 16], [19, 16], [19, 17], [18, 17], [17, 17], [16, 17], [15, 17], [15, 18], [14, 19], [15, 19], [16, 19], [16, 18], [17, 18], [18, 18], [19, 19], [18, 19], [19, 18], [20, 18], [21, 17], [21, 16], [20, 17], [21, 18], [20, 17], [21, 16], [22, 15], [22, 16], [22, 17], [22, 18], [23, 17], [24, 16], [23, 15], [24, 15], [25, 14], [24, 14], [24, 13], [23, 12], [22, 12], [21, 13], [22, 13], [22, 12], [23, 11], [23, 10], [24, 10], [25, 9], [25, 10], [25, 11], [26, 11], [27, 10], [28, 11], [29, 10], [29, 11], [28, 10], [29, 9], [28, 8], [27, 7], [26, 7], [26, 8], [25, 9], [24, 8], [23, 7], [22, 6], [21, 5], [22, 6], [23, 5], [22, 4], [22, 5], [23, 5], [22, 6], [21, 5], [20, 4], [19, 5]]
