[[16, 19], [17, 18], [17, 17], [18, 16], [18, 15], [18, 14], [19, 13], [20, 12], [19, 11], [20, 10], [20, 9], [21, 8], [20, 7], [21, 6], [22, 5], [23, 4], [23, 3], [24, 2], [25, 1], [26, 0], [27, 0]]
[[16, 19], [17, 18], [17, 17], [16, 16], [17, 15], [18, 14], [18, 13], [19, 12], [20, 11], [21, 10], [22, 9], [22, 8], [23, 7], [24, 6], [24, 5], [24, 4], [25, 3], [24, 2], [25, 1], [26, 0], [27, 0]]
[[16, 19], [16, 18], [17, 17], [16, 16], [16, 15], [17, 14], [18, 13], [19, 12], [20, 11], [20, 10], [21, 9], [21, 8], [20, 7], [21, 6], [22, 5], [23, 4], [23, 3], [24, 2], [25, 1], [26, 0], [27, 0]]
[[16, 19], [17, 18], [17, 17], [18, 16], [18, 15], [18, 14], [19, 13], [20, 12], [19, 11], [20, 10], [20, 9], [21, 8], [20, 7], [21, 6], [22, 5], [23, 4], [23, 3], [24, 2], [25, 1], [26, 0], [27, 0]]
[[16, 19], [16, 18], [16, 17], [17, 16], [17, 15], [18, 14], [18, 13], [19, 12], [20, 11], [21, 10], [20, 9], [20, 8], [20, 7], [21, 6], [22, 5], [23, 4], [23, 3], [24, 2], [25, 1], [26, 0], [27, 0]]
[[16, 19], [16, 18], [16, 17], [17, 16], [17, 15], [18, 14], [19, 13], [20, 12], [20, 11], [21, 10], [22, 9], [22, 8], [22, 7], [22, 6], [23, 5], [24, 4], [25, 3], [24, 2], [25, 1], [26, 0], [27, 0]]
[[16, 19], [16, 18], [16, 17], [17, 16], [17, 15], [17, 14], [16, 13], [17, 12], [18, 11], [19, 10], [20, 9], [21, 8], [22, 7], [23, 6], [22, 5], [23, 4], [23, 3], [24, 2], [25, 1], [26, 0], [27, 0]]
[[16, 19], [17, 18], [17, 17], [18, 16], [18, 15], [18, 14], [19, 13], [20, 12], [19, 11], [20, 10], [20, 9], [21, 8], [20, 7], [21, 6], [22, 5], [23, 4], [23, 3], [24, 2], [25, 1], [26, 0], [27, 0]]
[[16, 19], [16, 18], [17, 17], [18, 16], [19, 15], [20, 14], [20, 13], [20, 12], [21, 11], [21, 10], [22, 9], [22, 8], [22, 7], [22, 6], [23, 5], [24, 4], [23, 3], [24, 2], [25, 1], [26, 0], [27, 0]]
[[16, 19], [17, 18], [18, 17], [17, 16], [18, 15], [19, 14], [20, 13], [20, 12], [21, 11], [22, 10], [23, 9], [22, 8], [23, 7], [24, 6], [24, 5], [24, 4], [25, 3], [26, 2], [25, 1], [26, 0], [27, 0]]
[[16, 19], [17, 18], [17, 17], [18, 16], [19, 15], [20, 14], [20, 13], [20, 12], [21, 11], [21, 10], [21, 9], [21, 8], [20, 7], [21, 6], [22, 5], [23, 4], [23, 3], [24, 2], [25, 1], [26, 0], [27, 0]]
[[16, 19], [17, 18], [18, 17], [18, 16], [18, 15], [19, 14], [20, 13], [21, 12], [22, 11], [23, 10], [24, 9], [23, 8], [23, 7], [22, 6], [22, 5], [23, 4], [23, 3], [24, 2], [25, 1], [26, 0], [27, 0]]
[[16, 19], [16, 18], [17, 17], [17, 16], [17, 15], [18, 14], [19, 13], [20, 12], [21, 11], [21, 10], [22, 9], [23, 8], [23, 7], [22, 6], [22, 5], [23, 4], [23, 3], [24, 2], [25, 1], [26, 0], [27, 0]]
[[16, 19], [15, 18], [16, 17], [17, 16], [17, 15], [18, 14], [19, 13], [19, 12], [20, 11], [19, 10], [19, 9], [20, 8], [20, 7], [21, 6], [22, 5], [23, 4], [23, 3], [24, 2], [25, 1], [26, 0], [27, 0]]
[[16, 19], [16, 18], [17, 17], [18, 16], [18, 15], [17, 14], [18, 13], [19, 12], [20, 11], [21, 10], [22, 9], [22, 8], [23, 7], [24, 6], [23, 5], [24, 4], [25, 3], [24, 2], [25, 1], [26, 0], [27, 0]]
[[16, 19], [16, 18], [17, 17], [18, 16], [19, 15], [19, 14], [20, 13], [20, 12], [20, 11], [21, 11], [21, 10], [22, 9], [21, 8], [20, 7], [21, 6], [22, 5], [23, 4], [23, 3], [24, 2], [25, 1], [26, 0], [27, 0]]
[[16, 19], [17, 18], [17, 17], [18, 16], [18, 15], [18, 14], [19, 13], [20, 12], [21, 11], [20, 10], [20, 9], [20, 8], [20, 7], [21, 6], [22, 5], [23, 4], [22, 3], [23, 3], [23, 2], [24, 1], [25, 1], [26, 0], [27, 0]]
[[16, 19], [17, 18], [18, 17], [17, 16], [18, 16], [18, 15], [18, 14], [19, 13], [19, 12], [20, 11], [19, 10], [20, 10], [20, 9], [19, 8], [19, 7], [20, 6], [20, 5], [21, 4], [22, 3], [23, 3], [24, 2], [25, 1], [26, 2], [27, 1], [28, 0], [27, 0]]
[[16, 19], [17, 18], [17, 17], [17, 16], [18, 15], [19, 14], [20, 14], [19, 13], [19, 12], [20, 11], [21, 10], [20, 9], [21, 8], [22, 7], [23, 6], [22, 6], [23, 5], [24, 4], [23, 3], [24, 2], [25, 2], [24, 2], [24, 1], [25, 1], [24, 1], [25, 1], [26, 0], [27, 0]]
[[16, 19], [17, 18], [17, 17], [18, 16], [18, 15], [17, 14], [18, 13], [19, 13], [20, 12], [19, 11], [18, 11], [18, 10], [19, 9], [20, 8], [19, 7], [20, 6], [21, 5], [21, 4], [22, 5], [23, 4], [23, 3], [24, 4], [25, 3], [26, 2], [27, 3], [28, 2], [29, 1], [28, 0], [27, 0]]
