[[13, 9], [14, 10], [15, 11], [16, 12], [17, 11], [18, 12], [19, 13], [20, 14], [21, 14], [22, 13], [23, 14], [24, 13], [25, 12], [26, 13]]
[[13, 9], [14, 10], [15, 11], [16, 12], [17, 12], [18, 12], [19, 13], [20, 14], [21, 13], [22, 13], [23, 13], [24, 12], [25, 12], [26, 13]]
[[13, 9], [14, 8], [15, 9], [16, 10], [17, 11], [18, 12], [19, 13], [20, 14], [21, 15], [22, 15], [23, 14], [24, 14], [25, 13], [26, 13]]
[[13, 9], [14, 10], [15, 10], [16, 10], [17, 11], [18, 12], [19, 13], [20, 12], [21, 11], [22, 10], [23, 11], [24, 12], [25, 12], [26, 13]]
[[13, 9], [14, 10], [15, 9], [16, 10], [17, 11], [18, 11], [19, 11], [20, 11], [21, 10], [22, 11], [23, 10], [24, 11], [25, 12], [26, 13]]
[[13, 9], [14, 10], [15, 11], [16, 12], [17, 11], [18, 12], [19, 11], [20, 12], [21, 13], [22, 13], [23, 13], [24, 12], [25, 13], [26, 13]]
[[13, 9], [14, 9], [15, 9], [16, 10], [17, 10], [18, 11], [19, 11], [20, 12], [21, 13], [22, 13], [23, 13], [24, 12], [25, 12], [26, 13]]
[[13, 9], [14, 10], [15, 11], [16, 12], [17, 11], [18, 12], [19, 13], [20, 14], [21, 14], [22, 13], [23, 14], [24, 13], [25, 12], [26, 13]]
[[13, 9], [14, 10], [15, 9], [16, 10], [17, 11], [18, 11], [19, 11], [20, 12], [21, 13], [22, 12], [23, 11], [24, 12], [25, 12], [26, 13]]
[[13, 9], [14, 10], [15, 11], [16, 11], [17, 11], [18, 12], [19, 13], [20, 14], [21, 13], [22, 14], [23, 13], [24, 12], [25, 12], [26, 13]]
[[13, 9], [13, 10], [14, 9], [15, 10], [16, 11], [17, 12], [18, 12], [19, 13], [20, 14], [21, 15], [22, 15], [22, 14], [23, 14], [24, 13], [25, 13], [26, 13]]
[[13, 9], [14, 9], [15, 10], [16, 10], [17, 9], [17, 10], [18, 10], [18, 9], [19, 10], [20, 11], [21, 10], [21, 11], [20, 11], [21, 11], [22, 10], [23, 10], [24, 9], [25, 9], [26, 10], [25, 11], [26, 12], [27, 11], [26, 12], [26, 13]]
[[13, 9], [14, 8], [15, 7], [16, 8], [15, 7], [15, 6], [14, 7], [15, 8], [14, 9], [15, 10], [15, 11], [16, 12], [15, 13], [16, 14], [17, 14], [18, 14], [18, 13], [19, 13], [19, 14], [20, 15], [21, 14], [22, 14], [23, 14], [24, 13], [25, 13], [26, 13]]
[[13, 9], [14, 10], [15, 10], [16, 11], [17, 11], [17, 12], [18, 11], [19, 10], [18, 10], [19, 11], [20, 10], [20, 11], [21, 10], [22, 10], [23, 11], [22, 11], [22, 10], [23, 9], [24, 8], [24, 9], [25, 10], [26, 10], [27, 10], [27, 11], [26, 10], [25, 11], [26, 12], [26, 13]]
[[13, 9], [12, 10], [13, 10], [14, 10], [15, 10], [16, 11], [17, 11], [17, 12], [18, 11], [19, 12], [18, 13], [17, 13], [17, 12], [18, 12], [19, 13], [20, 14], [21, 15], [22, 16], [23, 16], [24, 15], [24, 14], [24, 15], [23, 14], [22, 15], [21, 14], [22, 13], [23, 14], [24, 13], [25, 13], [26, 13]]
[[13, 9], [14, 10], [14, 11], [14, 10], [15, 10], [16, 11], [17, 11], [17, 12], [18, 11], [18, 12], [18, 11], [19, 11], [20, 11], [20, 12], [21, 11], [22, 10], [23, 9], [23, 10], [24, 9], [25, 9], [24, 9], [25, 9], [25, 10], [26, 11], [26, 10], [27, 10], [28, 11], [29, 11], [28, 10], [29, 9], [29, 10], [29, 11], [28, 12], [27, 13], [28, 13], [27, 13], [27, 14], [26, 13]]
[[13, 9], [14, 8], [15, 8], [14, 8], [15, 8], [15, 7], [14, 6], [14, 7], [14, 6], [14, 7], [15, 6], [16, 5], [17, 6], [18, 5], [17, 6], [18, 7], [19, 7], [20, 8], [19, 7], [20, 7], [19, 8], [20, 8], [19, 8], [20, 9], [21, 9], [22, 8], [23, 7], [24, 6], [24, 5], [25, 5], [25, 6], [24, 7], [23, 7], [24, 7], [23, 8], [24, 9], [23, 10], [23, 11], [22, 12], [22, 13], [23, 14], [22, 13], [22, 12], [22, 11], [22, 12], [23, 13], [24, 13], [23, 14], [24, 14], [24, 15], [24, 14], [25, 13], [25, 12], [24, 12], [25, 11], [26, 10], [27, 11], [28, 10], [29, 11], [28, 12], [27, 13], [27, 14], [26, 15], [26, 16], [26, 17], [26, 16], [27, 15], [27, 14], [27, 13], [26, 13]]
[[13, 9], [13, 8], [12, 9], [12, 8], [11, 7], [12, 6], [12, 5], [13, 5], [14, 6], [15, 5], [14, 4], [14, 5], [15, 6], [14, 5], [14, 6], [15, 7], [16, 8], [17, 9], [17, 8], [17, 9], [18, 9], [18, 10], [19, 10], [20, 10], [19, 11], [19, 10], [19, 11], [19, 12], [18, 13], [18, 14], [17, 14], [18, 13], [19, 13], [20, 14], [21, 15], [22, 15], [23, 16], [22, 15], [23, 14], [24, 13], [24, 14], [23, 13], [22, 14], [22, 13], [21, 13], [20, 12], [20, 11], [20, 10], [20, 11], [21, 12], [22, 13], [23, 13], [23, 14], [23, 13], [24, 12], [24, 11], [25, 11], [25, 10], [25, 9], [26, 8], [27, 8], [28, 9], [29, 9], [28, 10], [27, 10], [26, 10], [25, 9], [24, 9], [23, 9], [23, 10], [24, 11], [25, 12], [25, 13], [26, 13]]
[[13, 9], [14, 10], [13, 10], [12, 10], [12, 9], [13, 9], [12, 10], [11, 9], [12, 8], [11, 7], [10, 6], [10, 5], [11, 5], [12, 6], [13, 7], [13, 8], [14, 8], [14, 7], [13, 7], [14, 6], [15, 7], [16, 8], [16, 7], [15, 8], [16, 8], [17, 8], [17, 9], [16, 10], [15, 11], [14, 10], [15, 11], [16, 12], [17, 12], [17, 13], [17, 12], [17, 11], [16, 12], [16, 13], [17, 14], [16, 15], [17, 16], [16, 16], [15, 17], [16, 18], [16, 19], [17, 19], [16, 19], [17, 19], [18, 18], [18, 17], [19, 16], [18, 15], [18, 16], [17, 17], [17, 16], [18, 15], [19, 15], [18, 16], [19, 15], [20, 14], [21, 13], [22, 13], [23, 14], [24, 15], [24, 16], [24, 17], [24, 16], [25, 15], [24, 14], [25, 13], [24, 12], [23, 11], [22, 12], [22, 11], [22, 12], [22, 13], [23, 14], [24, 13], [25, 13], [26, 13]]
[[13, 9], [13, 8], [13, 7], [14, 7], [14, 6], [15, 7], [14, 8], [15, 8], [16, 7], [16, 6], [15, 5], [14, 4], [13, 5], [13, 4], [12, 4], [11, 5], [10, 6], [9, 7], [9, 6], [10, 5], [11, 6], [12, 6], [12, 5], [13, 6], [14, 5], [15, 4], [14, 3], [14, 2], [15, 1], [16, 2], [17, 3], [16, 4], [17, 4], [18, 5], [19, 5], [19, 4], [20, 5], [21, 4], [20, 4], [20, 3], [21, 2], [22, 1], [22, 0], [23, 1], [22, 2], [23, 2], [22, 3], [23, 4], [23, 5], [22, 6], [23, 7], [22, 8], [21, 9], [21, 8], [22, 7], [21, 7], [20, 6], [19, 7], [20, 8], [19, 8], [18, 9], [18, 10], [17, 11], [18, 12], [18, 11], [17, 10], [16, 10], [16, 11], [17, 12], [16, 12], [16, 13], [17, 14], [16, 14], [17, 13], [18, 14], [19, 15], [20, 16], [19, 17], [18, 18], [17, 19], [16, 18], [15, 19], [15, 18], [14, 19], [13, 19], [13, 18], [12, 17], [12, 16], [13, 17], [14, 17], [15, 17], [16, 16], [16, 15], [17, 16], [18, 15], [18, 16], [18, 17], [17, 17], [16, 17], [15, 16], [14, 15], [13, 16], [13, 15], [14, 16], [15, 15], [15, 14], [14, 13], [15, 12], [14, 11], [14, 12], [13, 11], [13, 10], [14, 10], [15, 11], [15, 10], [14, 9], [15, 9], [16, 8], [17, 7], [17, 8], [17, 9], [18, 8], [19, 9], [19, 10], [20, 10], [19, 11], [19, 12], [18, 13], [19, 13], [20, 14], [21, 13], [21, 12], [22, 12], [23, 13], [23, 14], [24, 14], [25, 15], [25, 16], [26, 16], [26, 17], [26, 18], [25, 17], [24, 18], [25, 19], [25, 18], [26, 19], [27, 18], [28, 19], [29, 19], [29, 18], [28, 17], [28, 18], [29, 17], [28, 16], [28, 15], [29, 15], [29, 14], [29, 13], [28, 12], [28, 13], [27, 14], [26, 15], [26, 16], [25, 16], [24, 16], [25, 15], [24, 15], [24, 14], [23, 14], [24, 13], [23, 13], [22, 13], [22, 12], [22, 11], [23, 11], [23, 10], [24, 9], [23, 9], [24, 8], [23, 8], [22, 7], [22, 6], [23, 6], [24, 6], [25, 6], [24, 7], [25, 7], [26, 7], [27, 6], [26, 6], [27, 7], [28, 8], [27, 8], [27, 9], [26, 8], [25, 9], [25, 10], [26, 10], [27, 10], [28, 10], [29, 11], [28, 11], [27, 11], [26, 12], [27, 13], [26, 13]]
