[[17, 2], [16, 3], [15, 4], [14, 4], [13, 5], [12, 6], [11, 6], [10, 7], [9, 6], [8, 7], [7, 8], [6, 7], [5, 8], [4, 8], [3, 9]]
[[17, 2], [16, 3], [15, 4], [14, 5], [13, 5], [12, 6], [11, 5], [10, 5], [9, 4], [8, 4], [7, 5], [6, 6], [5, 7], [4, 8], [3, 9]]
[[17, 2], [16, 3], [15, 4], [14, 4], [13, 5], [12, 4], [11, 5], [10, 5], [9, 6], [8, 6], [7, 6], [6, 7], [5, 7], [4, 8], [3, 9]]
[[17, 2], [16, 2], [15, 3], [14, 4], [13, 5], [12, 6], [11, 6], [10, 5], [9, 5], [8, 5], [7, 5], [6, 6], [5, 7], [4, 8], [3, 9]]
[[17, 2], [16, 3], [15, 4], [14, 4], [13, 5], [12, 6], [11, 6], [10, 7], [9, 6], [8, 7], [7, 8], [6, 7], [5, 8], [4, 8], [3, 9]]
[[17, 2], [16, 3], [15, 4], [14, 5], [13, 6], [12, 7], [11, 6], [10, 5], [9, 5], [8, 6], [7, 7], [6, 7], [5, 7], [4, 8], [3, 9]]
[[17, 2], [16, 3], [15, 4], [14, 4], [13, 5], [12, 6], [11, 6], [10, 7], [9, 7], [8, 7], [7, 6], [6, 7], [5, 8], [4, 9], [3, 9]]
[[17, 2], [16, 3], [15, 3], [14, 4], [13, 5], [12, 6], [11, 5], [10, 5], [9, 6], [8, 7], [7, 6], [6, 7], [5, 7], [4, 8], [3, 9]]
[[17, 2], [16, 2], [15, 3], [14, 4], [13, 5], [12, 6], [11, 6], [10, 7], [9, 7], [8, 8], [7, 7], [6, 7], [5, 8], [4, 8], [3, 9]]
[[17, 2], [16, 2], [15, 3], [14, 4], [13, 5], [12, 6], [11, 6], [10, 7], [9, 7], [8, 6], [7, 7], [6, 7], [5, 8], [4, 9], [3, 9]]
[[17, 2], [16, 2], [15, 3], [14, 4], [13, 5], [12, 6], [11, 6], [10, 7], [9, 7], [8, 6], [7, 7], [6, 6], [5, 7], [4, 8], [3, 9]]
[[17, 2], [16, 3], [15, 4], [14, 5], [13, 5], [12, 6], [11, 6], [10, 7], [9, 7], [8, 8], [7, 8], [6, 7], [5, 8], [4, 9], [3, 9]]
[[17, 2], [16, 3], [15, 4], [14, 5], [13, 5], [12, 6], [11, 6], [10, 5], [9, 6], [8, 6], [7, 7], [6, 7], [5, 7], [4, 8], [3, 9]]
[[17, 2], [16, 3], [15, 4], [14, 5], [13, 5], [12, 6], [11, 6], [10, 5], [9, 6], [8, 6], [7, 7], [6, 7], [5, 8], [4, 8], [3, 9]]
[[17, 2], [16, 3], [15, 4], [14, 5], [13, 6], [12, 7], [11, 6], [10, 5], [9, 6], [8, 6], [7, 7], [6, 7], [5, 8], [4, 8], [3, 9]]
[[17, 2], [16, 3], [15, 3], [14, 4], [13, 5], [12, 6], [11, 6], [10, 7], [9, 6], [8, 7], [7, 8], [6, 7], [5, 8], [4, 9], [3, 9]]
[[17, 2], [16, 3], [15, 4], [14, 5], [13, 6], [12, 7], [11, 6], [10, 7], [10, 8], [9, 7], [8, 7], [7, 6], [6, 7], [5, 8], [4, 9], [3, 9]]
[[17, 2], [16, 2], [15, 2], [14, 3], [13, 4], [12, 4], [11, 4], [10, 5], [9, 6], [8, 6], [8, 7], [7, 6], [6, 7], [5, 7], [4, 8], [3, 9]]
[[17, 2], [16, 2], [15, 3], [14, 3], [13, 4], [12, 3], [11, 4], [10, 5], [9, 5], [9, 6], [8, 7], [7, 6], [6, 7], [5, 8], [4, 9], [3, 9]]
[[17, 2], [16, 3], [15, 4], [14, 4], [13, 5], [12, 6], [11, 6], [10, 7], [9, 7], [8, 7], [7, 6], [6, 7], [5, 8], [4, 8], [3, 8], [3, 9]]
