[[1, 0], [1, 1], [2, 2], [1, 3], [1, 4], [2, 5]]
[[1, 0], [0, 1], [1, 2], [2, 3], [2, 4], [2, 5]]
[[1, 0], [1, 1], [2, 2], [1, 3], [1, 4], [2, 5]]
[[1, 0], [2, 1], [3, 2], [2, 3], [2, 4], [2, 5]]
[[1, 0], [0, 1], [1, 2], [0, 3], [1, 4], [2, 5]]
[[1, 0], [2, 1], [3, 2], [3, 3], [2, 4], [2, 5]]
[[1, 0], [1, 1], [2, 2], [2, 3], [1, 4], [2, 5]]
[[1, 0], [2, 1], [1, 2], [2, 3], [1, 4], [2, 5]]
[[1, 0], [2, 1], [3, 2], [2, 3], [2, 4], [2, 5]]
[[1, 0], [2, 1], [1, 2], [1, 3], [2, 4], [1, 3], [1, 4], [2, 5]]
[[1, 0], [1, 1], [2, 1], [2, 2], [1, 1], [0, 2], [0, 3], [0, 4], [0, 5], [1, 6], [2, 5]]
[[1, 0], [2, 1], [3, 0], [2, 0], [3, 1], [4, 1], [5, 0], [6, 1], [6, 0], [7, 1], [7, 2], [8, 1], [8, 2], [7, 3], [7, 4], [7, 5], [6, 4], [6, 5], [6, 6], [7, 7], [7, 8], [6, 7], [7, 6], [8, 7], [9, 7], [8, 6], [9, 5], [8, 5], [7, 4], [6, 3], [6, 2], [5, 3], [5, 4], [4, 5], [3, 6], [2, 6], [2, 5]]
[[1, 0], [0, 0], [0, 1], [0, 2], [1, 2], [2, 2], [3, 2], [3, 1], [2, 1], [3, 0], [4, 0], [5, 1], [4, 2], [5, 2], [6, 3], [7, 3], [7, 2], [8, 2], [7, 3], [6, 2], [7, 1], [8, 1], [9, 0], [9, 1], [10, 0], [11, 0], [12, 1], [13, 2], [12, 3], [12, 4], [13, 3], [14, 3], [15, 4], [16, 5], [16, 4], [16, 3], [15, 2], [14, 1], [14, 2], [15, 1], [14, 0], [15, 0], [16, 1], [17, 0], [18, 0], [19, 1], [19, 0], [20, 1], [21, 1], [21, 2], [21, 3], [22, 4], [23, 4], [24, 5], [25, 6], [25, 7], [24, 7], [23, 6], [23, 7], [24, 8], [25, 9], [25, 8], [26, 7], [26, 6], [26, 5], [26, 4], [25, 3], [26, 2], [26, 1], [27, 2], [28, 1], [27, 0], [27, 1], [26, 0], [25, 0], [25, 1], [24, 2], [23, 1], [23, 0], [24, 1], [23, 2], [22, 3], [21, 4], [20, 3], [19, 3], [18, 3], [17, 2], [18, 1], [18, 2], [17, 3], [17, 4], [18, 4], [18, 5], [17, 6], [16, 6], [17, 7], [18, 8], [18, 7], [19, 7], [19, 8], [20, 8], [21, 8], [21, 7], [22, 6], [22, 7], [22, 8], [23, 8], [23, 9], [22, 10], [22, 9], [21, 10], [20, 9], [19, 9], [20, 10], [19, 10], [20, 11], [19, 11], [18, 11], [17, 10], [18, 9], [18, 10], [17, 9], [16, 9], [15, 9], [14, 9], [15, 8], [16, 7], [15, 7], [14, 7], [13, 6], [12, 7], [13, 8], [12, 9], [11, 9], [11, 8], [10, 8], [9, 9], [8, 8], [9, 7], [9, 8], [8, 9], [7, 8], [6, 8], [5, 8], [4, 7], [3, 8], [4, 8], [3, 9], [2, 9], [1, 8], [2, 7], [3, 7], [2, 6], [3, 5], [2, 5]]
