[[18, 11], [17, 12], [16, 11], [15, 12], [14, 11], [13, 11], [12, 11], [11, 12], [10, 12], [9, 12], [8, 11], [7, 10], [6, 10], [5, 9], [4, 9]]
[[18, 11], [17, 11], [16, 11], [15, 10], [14, 9], [13, 10], [12, 10], [11, 9], [10, 10], [9, 11], [8, 10], [7, 11], [6, 11], [5, 10], [4, 9]]
[[18, 11], [17, 11], [16, 11], [15, 10], [14, 9], [13, 10], [12, 10], [11, 9], [10, 10], [9, 10], [8, 10], [7, 10], [6, 10], [5, 10], [4, 9]]
[[18, 11], [17, 11], [16, 10], [15, 11], [14, 10], [13, 10], [12, 11], [11, 12], [10, 11], [9, 10], [8, 11], [7, 11], [6, 10], [5, 9], [4, 9]]
[[18, 11], [17, 12], [16, 11], [15, 12], [14, 12], [13, 11], [12, 11], [11, 12], [10, 11], [9, 11], [8, 10], [7, 9], [6, 8], [5, 8], [4, 9]]
[[18, 11], [17, 11], [16, 11], [15, 11], [14, 12], [13, 13], [12, 12], [11, 11], [10, 10], [9, 10], [8, 9], [7, 9], [6, 8], [5, 9], [4, 9]]
[[18, 11], [17, 12], [16, 12], [15, 12], [14, 13], [13, 12], [12, 11], [11, 11], [10, 12], [9, 12], [8, 11], [7, 10], [6, 10], [5, 9], [4, 9]]
[[18, 11], [17, 11], [16, 11], [15, 11], [14, 10], [13, 10], [12, 10], [11, 9], [10, 10], [9, 10], [8, 9], [7, 8], [6, 8], [5, 9], [4, 9]]
[[18, 11], [17, 12], [16, 11], [15, 12], [14, 11], [13, 11], [12, 11], [11, 12], [10, 12], [9, 12], [8, 11], [7, 10], [6, 10], [5, 9], [4, 9]]
[[18, 11], [17, 12], [16, 12], [15, 11], [14, 10], [13, 11], [12, 11], [11, 11], [10, 11], [9, 12], [8, 11], [7, 11], [6, 10], [5, 9], [4, 9]]
[[18, 11], [17, 12], [16, 11], [15, 10], [14, 11], [13, 11], [12, 11], [11, 11], [10, 10], [9, 11], [8, 10], [7, 9], [6, 10], [5, 9], [4, 9]]
[[18, 11], [17, 11], [16, 12], [15, 12], [14, 11], [13, 12], [12, 13], [12, 12], [11, 11], [10, 10], [9, 11], [8, 10], [7, 9], [6, 8], [5, 8], [4, 9]]
[[18, 11], [17, 12], [16, 11], [15, 10], [14, 11], [14, 10], [13, 11], [12, 12], [11, 12], [10, 11], [9, 11], [8, 10], [7, 10], [6, 10], [5, 9], [4, 9]]
[[18, 11], [17, 11], [16, 11], [15, 11], [14, 11], [13, 12], [13, 13], [12, 12], [11, 13], [10, 13], [10, 12], [9, 11], [8, 11], [7, 11], [6, 10], [5, 9], [4, 9]]
[[18, 11], [17, 11], [16, 10], [17, 11], [16, 12], [15, 12], [14, 11], [13, 12], [13, 13], [12, 12], [11, 12], [11, 11], [10, 10], [9, 9], [8, 9], [7, 8], [6, 7], [5, 7], [5, 8], [4, 9]]
[[18, 11], [17, 12], [16, 12], [16, 11], [16, 12], [15, 12], [14, 11], [13, 12], [12, 12], [12, 11], [11, 11], [10, 10], [9, 10], [8, 9], [8, 10], [7, 10], [7, 9], [6, 8], [5, 8], [4, 9]]
[[18, 11], [17, 12], [17, 11], [16, 12], [15, 13], [14, 12], [14, 11], [13, 11], [12, 10], [11, 9], [10, 10], [9, 11], [8, 11], [8, 10], [7, 10], [7, 11], [6, 12], [5, 11], [5, 10], [4, 10], [5, 10], [4, 9]]
[[18, 11], [18, 12], [17, 13], [16, 12], [15, 11], [14, 12], [13, 13], [12, 13], [12, 12], [11, 11], [10, 10], [10, 11], [9, 12], [8, 11], [7, 10], [6, 10], [5, 10], [5, 11], [5, 10], [4, 10], [5, 10], [6, 10], [5, 9], [6, 8], [7, 8], [6, 8], [7, 8], [6, 7], [6, 8], [5, 9], [4, 9]]
[[18, 11], [19, 12], [19, 11], [20, 12], [19, 13], [18, 13], [17, 14], [16, 15], [16, 16], [17, 17], [16, 16], [15, 16], [14, 17], [13, 18], [12, 18], [12, 19], [13, 18], [13, 19], [12, 18], [12, 19], [11, 18], [10, 19], [11, 18], [11, 19], [11, 18], [10, 18], [9, 17], [9, 18], [8, 17], [7, 18], [8, 19], [7, 19], [8, 18], [7, 17], [6, 17], [5, 17], [4, 16], [3, 15], [2, 14], [3, 13], [2, 13], [2, 12], [3, 11], [4, 10], [5, 10], [4, 9]]
[[18, 11], [18, 10], [19, 9], [20, 8], [21, 7], [22, 7], [22, 6], [22, 5], [23, 5], [23, 4], [24, 4], [24, 5], [23, 6], [24, 7], [25, 6], [24, 6], [25, 7], [25, 8], [24, 9], [24, 8], [25, 9], [24, 10], [24, 11], [25, 10], [26, 9], [26, 8], [26, 7], [27, 7], [28, 8], [29, 9], [28, 9], [28, 10], [29, 11], [29, 12], [28, 13], [28, 14], [27, 13], [26, 12], [27, 12], [26, 13], [25, 13], [24, 13], [23, 12], [22, 11], [21, 10], [20, 11], [19, 12], [20, 13], [21, 14], [21, 13], [20, 12], [21, 12], [22, 12], [23, 13], [22, 14], [23, 15], [23, 16], [24, 17], [25, 18], [25, 19], [26, 18], [25, 17], [24, 16], [23, 17], [23, 18], [24, 18], [24, 19], [23, 19], [22, 19], [22, 18], [21, 19], [20, 19], [21, 18], [21, 17], [20, 17], [19, 18], [19, 17], [20, 18], [19, 19], [18, 19], [17, 19], [17, 18], [18, 18], [17, 17], [18, 16], [18, 17], [19, 16], [18, 15], [17, 14], [16, 15], [16, 16], [15, 17], [14, 18], [13, 18], [14, 17], [13, 17], [12, 17], [11, 17], [10, 18], [10, 19], [11, 19], [12, 18], [11, 18], [10, 17], [9, 18], [9, 17], [8, 17], [8, 18], [8, 19], [7, 18], [7, 19], [6, 19], [5, 18], [6, 17], [5, 17], [4, 18], [3, 17], [2, 16], [1, 15], [2, 14], [2, 15], [3, 16], [2, 17], [3, 18], [4, 19], [5, 18], [5, 19], [6, 19], [7, 18], [7, 19], [8, 19], [8, 18], [9, 18], [9, 19], [10, 19], [11, 18], [11, 17], [12, 18], [13, 17], [12, 16], [13, 16], [12, 15], [11, 16], [10, 17], [10, 18], [9, 17], [8, 17], [8, 16], [7, 17], [6, 16], [6, 15], [7, 14], [8, 14], [8, 13], [7, 13], [6, 12], [5, 13], [4, 13], [5, 14], [4, 15], [3, 14], [2, 13], [3, 13], [2, 12], [3, 12], [3, 11], [4, 12], [4, 11], [5, 12], [5, 11], [4, 10], [5, 9], [4, 8], [5, 8], [6, 7], [5, 7], [5, 6], [4, 6], [3, 6], [4, 5], [3, 5], [2, 5], [2, 4], [2, 3], [1, 3], [1, 4], [0, 4], [0, 5], [1, 6], [2, 7], [2, 8], [1, 7], [2, 6], [1, 5], [0, 6], [0, 7], [0, 8], [1, 9], [2, 10], [3, 9], [4, 9]]
