[[0, 19], [0, 18], [1, 17], [0, 16], [1, 15], [0, 14], [0, 13], [0, 12], [0, 11], [0, 10], [1, 9], [0, 8], [1, 7], [0, 6]]
[[0, 19], [1, 18], [1, 17], [2, 16], [2, 15], [3, 14], [2, 13], [1, 12], [2, 11], [2, 10], [1, 9], [0, 8], [1, 7], [0, 6]]
[[0, 19], [0, 18], [0, 17], [1, 16], [1, 15], [2, 14], [1, 13], [1, 12], [1, 11], [2, 10], [1, 9], [1, 8], [1, 7], [0, 6]]
[[0, 19], [1, 18], [1, 17], [2, 16], [3, 15], [2, 14], [2, 13], [1, 12], [1, 11], [1, 10], [1, 9], [1, 8], [1, 7], [0, 6]]
[[0, 19], [0, 18], [1, 17], [0, 16], [1, 15], [0, 14], [0, 13], [0, 12], [0, 11], [0, 10], [1, 9], [0, 8], [1, 7], [0, 6]]
[[0, 19], [1, 18], [1, 17], [0, 16], [0, 15], [0, 14], [1, 13], [0, 12], [1, 11], [2, 10], [1, 9], [1, 8], [1, 7], [0, 6]]
[[0, 19], [1, 18], [2, 17], [3, 16], [3, 15], [2, 14], [1, 13], [1, 12], [1, 11], [2, 10], [1, 9], [0, 8], [1, 7], [0, 6]]
[[0, 19], [1, 18], [0, 17], [1, 16], [1, 15], [0, 14], [0, 13], [0, 12], [0, 11], [1, 10], [0, 9], [0, 8], [1, 7], [0, 6]]
[[0, 19], [0, 18], [1, 17], [2, 16], [1, 15], [0, 14], [1, 13], [1, 12], [1, 11], [1, 10], [1, 9], [1, 8], [1, 7], [0, 6]]
[[0, 19], [0, 18], [1, 17], [2, 16], [1, 15], [2, 14], [3, 13], [2, 12], [3, 11], [3, 10], [2, 9], [1, 8], [1, 7], [0, 6]]
[[0, 19], [1, 18], [1, 17], [1, 16], [2, 15], [3, 14], [3, 13], [2, 12], [2, 11], [1, 10], [1, 9], [2, 8], [1, 7], [0, 6]]
[[0, 19], [1, 18], [2, 17], [2, 16], [3, 15], [3, 14], [2, 13], [1, 12], [1, 11], [1, 10], [1, 9], [0, 8], [1, 7], [0, 6]]
[[0, 19], [0, 18], [1, 17], [2, 16], [1, 15], [0, 14], [1, 13], [1, 12], [2, 11], [1, 10], [1, 9], [2, 8], [1, 7], [0, 6]]
[[0, 19], [1, 18], [2, 17], [2, 16], [2, 15], [2, 14], [1, 13], [1, 12], [0, 11], [1, 10], [1, 9], [2, 8], [1, 7], [0, 6]]
[[0, 19], [1, 18], [2, 17], [2, 16], [1, 15], [2, 14], [1, 13], [2, 12], [2, 11], [2, 10], [1, 9], [1, 8], [1, 7], [0, 6]]
[[0, 19], [1, 18], [2, 17], [2, 16], [3, 15], [2, 14], [3, 13], [2, 12], [1, 11], [0, 10], [0, 9], [0, 8], [1, 7], [0, 6]]
[[0, 19], [0, 18], [1, 17], [1, 16], [2, 15], [2, 14], [2, 13], [3, 12], [2, 11], [2, 12], [3, 11], [2, 10], [1, 9], [0, 9], [0, 8], [1, 7], [1, 6], [0, 6]]
[[0, 19], [1, 18], [0, 17], [1, 16], [2, 15], [3, 14], [3, 13], [3, 12], [2, 11], [3, 10], [2, 9], [2, 10], [1, 10], [1, 9], [0, 8], [1, 7], [1, 8], [1, 7], [0, 6]]
[[0, 19], [1, 18], [1, 19], [0, 19], [0, 18], [1, 17], [0, 18], [1, 18], [2, 17], [1, 16], [1, 15], [2, 14], [2, 15], [2, 16], [1, 17], [0, 17], [0, 16], [1, 15], [0, 16], [1, 15], [2, 14], [2, 13], [3, 12], [4, 11], [3, 10], [2, 11], [1, 10], [2, 9], [1, 8], [1, 7], [0, 6]]
[[0, 19], [1, 18], [0, 17], [1, 18], [0, 18], [1, 18], [2, 18], [3, 17], [4, 17], [5, 16], [6, 15], [7, 16], [6, 16], [7, 16], [8, 15], [9, 16], [10, 17], [10, 18], [11, 18], [12, 18], [12, 19], [12, 18], [13, 18], [12, 17], [11, 18], [10, 17], [10, 18], [9, 18], [8, 17], [7, 18], [6, 17], [5, 16], [4, 15], [3, 15], [2, 16], [1, 16], [0, 16], [1, 15], [0, 14], [1, 13], [1, 12], [1, 13], [2, 13], [3, 12], [4, 13], [4, 12], [3, 12], [2, 13], [2, 12], [1, 13], [1, 12], [1, 11], [2, 12], [3, 11], [2, 10], [1, 10], [1, 9], [1, 8], [1, 9], [0, 8], [1, 7], [0, 6], [1, 7], [1, 6], [0, 6], [1, 6], [0, 5], [0, 6]]
