[[18, 11], [19, 11], [20, 10], [21, 11], [22, 11], [23, 11], [24, 12]]
[[18, 11], [19, 11], [20, 12], [21, 11], [22, 12], [23, 11], [24, 12]]
[[18, 11], [19, 10], [20, 11], [21, 11], [22, 12], [23, 11], [24, 12]]
[[18, 11], [19, 10], [20, 10], [21, 10], [22, 11], [23, 12], [24, 12]]
[[18, 11], [19, 12], [20, 12], [21, 11], [22, 12], [23, 12], [24, 12]]
[[18, 11], [19, 10], [20, 11], [21, 10], [22, 11], [23, 12], [24, 12]]
[[18, 11], [19, 11], [20, 11], [21, 11], [22, 12], [23, 11], [24, 12]]
[[18, 11], [19, 12], [20, 12], [21, 11], [22, 12], [23, 12], [24, 12]]
[[18, 11], [19, 10], [20, 10], [21, 11], [22, 11], [23, 11], [24, 12]]
[[18, 11], [19, 11], [20, 10], [21, 11], [22, 11], [23, 11], [24, 12]]
[[18, 11], [19, 10], [20, 11], [20, 10], [21, 11], [22, 12], [23, 12], [24, 12]]
[[18, 11], [19, 11], [20, 10], [21, 10], [21, 11], [21, 10], [22, 10], [22, 11], [23, 12], [24, 13], [24, 12]]
[[18, 11], [19, 11], [18, 12], [18, 13], [19, 13], [20, 13], [19, 12], [20, 12], [21, 12], [21, 11], [22, 10], [23, 10], [24, 9], [25, 9], [26, 10], [25, 11], [25, 12], [24, 12]]
[[18, 11], [18, 10], [17, 9], [18, 8], [19, 8], [20, 9], [19, 10], [18, 10], [19, 9], [20, 8], [19, 7], [20, 6], [21, 6], [21, 7], [22, 6], [23, 7], [24, 6], [23, 6], [24, 7], [25, 7], [26, 7], [25, 8], [25, 9], [25, 10], [25, 11], [25, 12], [24, 12]]
[[18, 11], [18, 12], [19, 11], [18, 12], [17, 13], [17, 14], [17, 15], [18, 15], [18, 16], [17, 16], [18, 17], [19, 18], [20, 17], [20, 18], [21, 17], [20, 17], [21, 17], [21, 16], [20, 16], [21, 15], [22, 16], [23, 15], [22, 14], [23, 13], [22, 12], [22, 11], [21, 11], [21, 10], [20, 9], [21, 8], [21, 7], [20, 8], [20, 9], [19, 10], [18, 11], [17, 10], [17, 9], [17, 8], [17, 7], [18, 6], [18, 5], [19, 5], [20, 4], [19, 4], [19, 3], [18, 3], [19, 2], [18, 1], [17, 1], [17, 0], [16, 0], [16, 1], [17, 2], [17, 3], [16, 2], [15, 3], [14, 2], [15, 3], [14, 4], [13, 4], [14, 5], [13, 4], [14, 5], [15, 6], [15, 7], [14, 6], [14, 5], [14, 4], [15, 4], [15, 5], [16, 6], [16, 7], [17, 8], [18, 7], [18, 6], [19, 5], [20, 6], [19, 7], [20, 6], [20, 5], [19, 4], [20, 4], [21, 5], [21, 6], [21, 5], [22, 6], [23, 5], [24, 6], [24, 5], [25, 6], [24, 6], [23, 6], [22, 7], [23, 7], [23, 8], [24, 9], [25, 9], [26, 8], [27, 7], [27, 6], [28, 7], [27, 7], [28, 6], [29, 6], [28, 6], [29, 6], [28, 6], [28, 7], [28, 8], [27, 9], [26, 10], [25, 10], [24, 11], [25, 11], [26, 12], [27, 11], [27, 12], [26, 11], [26, 12], [25, 12], [24, 12], [25, 11], [24, 12]]
