[[6, 10], [7, 11], [8, 11], [9, 12], [10, 13], [11, 12], [12, 13], [13, 14], [14, 14], [15, 15], [16, 15], [17, 16], [18, 15], [19, 16], [20, 17], [21, 18]]
[[6, 10], [7, 11], [8, 12], [9, 11], [10, 12], [11, 13], [12, 13], [13, 14], [14, 15], [15, 16], [16, 17], [17, 18], [18, 19], [19, 19], [20, 19], [21, 18]]
[[6, 10], [7, 10], [8, 11], [9, 12], [10, 12], [11, 11], [12, 12], [13, 12], [14, 12], [15, 13], [16, 14], [17, 14], [18, 15], [19, 16], [20, 17], [21, 18]]
[[6, 10], [7, 11], [8, 11], [9, 12], [10, 13], [11, 12], [12, 13], [13, 14], [14, 14], [15, 15], [16, 15], [17, 16], [18, 15], [19, 16], [20, 17], [21, 18]]
[[6, 10], [7, 11], [8, 11], [9, 11], [10, 12], [11, 13], [12, 14], [13, 15], [14, 14], [15, 15], [16, 14], [17, 15], [18, 16], [19, 17], [20, 18], [21, 18]]
[[6, 10], [7, 11], [8, 11], [9, 12], [10, 12], [11, 13], [12, 14], [13, 13], [14, 13], [15, 14], [16, 14], [17, 15], [18, 16], [19, 17], [20, 17], [21, 18]]
[[6, 10], [7, 10], [8, 11], [9, 12], [10, 11], [11, 12], [12, 13], [13, 14], [14, 14], [15, 14], [16, 14], [17, 15], [18, 16], [19, 17], [20, 18], [21, 18]]
[[6, 10], [7, 11], [8, 12], [9, 13], [10, 13], [11, 13], [12, 14], [13, 13], [14, 14], [15, 14], [16, 15], [17, 16], [18, 16], [19, 17], [20, 17], [21, 18]]
[[6, 10], [7, 11], [8, 10], [9, 10], [10, 11], [11, 12], [12, 13], [13, 14], [14, 15], [15, 16], [16, 17], [17, 18], [18, 19], [19, 18], [20, 17], [21, 18]]
[[6, 10], [7, 11], [8, 12], [9, 12], [10, 11], [11, 11], [12, 12], [13, 13], [14, 14], [15, 14], [16, 15], [17, 16], [18, 16], [19, 16], [20, 17], [21, 18]]
[[6, 10], [7, 11], [8, 12], [9, 11], [10, 12], [11, 13], [12, 13], [13, 14], [14, 15], [15, 16], [16, 15], [17, 14], [18, 15], [19, 16], [20, 17], [21, 18]]
[[6, 10], [7, 11], [8, 12], [9, 12], [10, 13], [11, 12], [12, 13], [13, 14], [14, 13], [15, 14], [16, 15], [17, 15], [18, 15], [19, 16], [20, 17], [21, 18]]
[[6, 10], [7, 11], [8, 12], [9, 12], [10, 11], [11, 11], [12, 12], [13, 13], [14, 14], [15, 15], [16, 15], [17, 15], [18, 16], [19, 17], [20, 18], [21, 18]]
[[6, 10], [7, 10], [8, 10], [9, 11], [10, 12], [11, 12], [12, 12], [13, 12], [14, 13], [15, 12], [16, 13], [17, 14], [18, 15], [19, 16], [20, 17], [21, 18]]
[[6, 10], [7, 10], [8, 10], [9, 9], [10, 10], [11, 11], [12, 10], [13, 11], [14, 12], [15, 13], [16, 14], [17, 14], [18, 15], [19, 16], [20, 17], [21, 18]]
[[6, 10], [7, 9], [8, 10], [9, 11], [10, 12], [11, 13], [12, 13], [13, 14], [14, 15], [14, 16], [15, 16], [16, 17], [17, 18], [18, 18], [19, 17], [20, 17], [21, 18]]
[[6, 10], [7, 10], [8, 11], [9, 12], [10, 11], [11, 12], [12, 13], [12, 14], [13, 15], [14, 16], [15, 16], [16, 17], [17, 18], [18, 18], [19, 18], [19, 19], [20, 19], [21, 19], [22, 19], [21, 18]]
[[6, 10], [6, 9], [7, 9], [8, 10], [9, 10], [10, 11], [11, 11], [11, 12], [12, 12], [13, 12], [14, 13], [15, 14], [15, 15], [15, 16], [16, 17], [17, 18], [18, 18], [18, 19], [19, 18], [20, 17], [21, 18]]
[[6, 10], [7, 9], [8, 10], [9, 10], [10, 11], [11, 12], [12, 12], [13, 13], [14, 14], [13, 14], [14, 14], [15, 15], [15, 14], [16, 15], [15, 14], [16, 14], [17, 15], [18, 16], [19, 17], [20, 18], [21, 18]]
[[6, 10], [6, 11], [5, 12], [6, 11], [7, 12], [8, 12], [7, 13], [8, 14], [8, 15], [9, 16], [10, 17], [11, 16], [12, 16], [12, 17], [13, 17], [14, 17], [14, 18], [14, 19], [15, 19], [16, 19], [17, 18], [18, 19], [19, 19], [20, 19], [21, 19], [22, 18], [21, 18]]
