[[14, 18], [13, 17], [12, 16], [11, 15], [11, 14], [10, 13], [9, 12], [9, 11], [9, 10], [8, 9], [7, 8], [6, 7], [7, 6], [8, 5], [8, 4], [8, 3]]
[[14, 18], [13, 17], [13, 16], [12, 15], [11, 14], [10, 13], [9, 12], [10, 11], [11, 10], [10, 9], [10, 8], [10, 7], [9, 6], [8, 5], [7, 4], [8, 3]]
[[14, 18], [13, 17], [12, 16], [12, 15], [11, 14], [10, 13], [9, 12], [9, 11], [10, 10], [10, 9], [9, 8], [8, 7], [9, 6], [8, 5], [8, 4], [8, 3]]
[[14, 18], [14, 17], [13, 16], [12, 15], [11, 14], [10, 13], [9, 12], [8, 11], [9, 10], [8, 9], [7, 8], [6, 7], [7, 6], [8, 5], [7, 4], [8, 3]]
[[14, 18], [13, 17], [12, 16], [12, 15], [11, 14], [10, 13], [9, 12], [9, 11], [9, 10], [8, 9], [7, 8], [8, 7], [7, 6], [7, 5], [8, 4], [8, 3]]
[[14, 18], [13, 17], [12, 16], [11, 15], [11, 14], [10, 13], [9, 12], [9, 11], [9, 10], [8, 9], [7, 8], [6, 7], [7, 6], [8, 5], [8, 4], [8, 3]]
[[14, 18], [13, 17], [12, 16], [11, 15], [11, 14], [10, 13], [10, 12], [10, 11], [10, 10], [10, 9], [10, 8], [9, 7], [9, 6], [10, 5], [9, 4], [8, 3]]
[[14, 18], [13, 17], [13, 16], [12, 15], [11, 14], [10, 13], [10, 12], [11, 11], [10, 10], [11, 9], [10, 8], [10, 7], [9, 6], [9, 5], [8, 4], [8, 3]]
[[14, 18], [13, 17], [13, 16], [12, 15], [11, 14], [10, 13], [10, 12], [11, 11], [10, 10], [9, 9], [9, 8], [10, 7], [9, 6], [8, 5], [9, 4], [8, 3]]
[[14, 18], [13, 17], [12, 16], [11, 15], [11, 14], [10, 13], [10, 12], [10, 11], [9, 10], [10, 9], [9, 8], [9, 7], [9, 6], [9, 5], [9, 4], [8, 3]]
[[14, 18], [14, 17], [13, 16], [12, 15], [11, 14], [10, 13], [9, 12], [8, 11], [9, 10], [9, 9], [8, 8], [7, 7], [8, 6], [8, 5], [7, 4], [8, 3]]
[[14, 18], [13, 17], [13, 16], [12, 15], [11, 14], [10, 13], [10, 12], [10, 11], [11, 10], [10, 9], [11, 8], [10, 7], [11, 6], [10, 5], [9, 4], [8, 3]]
[[14, 18], [14, 17], [13, 16], [12, 15], [11, 14], [10, 13], [9, 12], [8, 11], [9, 10], [9, 9], [10, 8], [10, 7], [10, 6], [9, 5], [9, 4], [8, 3]]
[[14, 18], [13, 17], [12, 16], [12, 15], [11, 14], [10, 13], [10, 12], [11, 11], [10, 10], [9, 9], [10, 8], [9, 7], [10, 6], [9, 5], [9, 4], [8, 3]]
[[14, 18], [13, 18], [12, 17], [11, 16], [12, 15], [11, 14], [10, 13], [10, 12], [9, 11], [9, 10], [8, 9], [7, 8], [6, 7], [7, 6], [8, 5], [7, 4], [8, 3]]
[[14, 18], [13, 18], [13, 17], [12, 17], [11, 16], [10, 15], [9, 14], [10, 13], [9, 12], [8, 11], [9, 10], [10, 9], [9, 8], [9, 7], [9, 6], [9, 5], [9, 4], [8, 3]]
[[14, 18], [13, 17], [12, 16], [11, 16], [12, 15], [11, 15], [11, 14], [10, 13], [10, 12], [9, 11], [9, 10], [9, 9], [10, 8], [10, 7], [9, 6], [9, 5], [9, 4], [8, 3]]
[[14, 18], [13, 17], [12, 16], [12, 15], [11, 14], [12, 15], [11, 14], [10, 13], [9, 12], [8, 11], [9, 10], [8, 9], [8, 8], [8, 7], [8, 6], [9, 5], [9, 4], [8, 3]]
[[14, 18], [13, 18], [13, 17], [12, 16], [12, 17], [11, 16], [10, 15], [9, 14], [9, 13], [8, 12], [9, 11], [9, 10], [8, 9], [8, 8], [7, 7], [8, 6], [7, 5], [8, 4], [8, 3]]
[[14, 18], [13, 18], [12, 18], [13, 19], [13, 18], [13, 17], [12, 17], [12, 16], [11, 15], [11, 16], [10, 15], [9, 14], [9, 13], [10, 12], [9, 11], [9, 10], [8, 9], [7, 8], [7, 7], [8, 6], [8, 5], [7, 5], [7, 4], [7, 3], [8, 3]]
