[[18, 17], [18, 16], [19, 15], [20, 14], [21, 13], [21, 12]]
[[18, 17], [19, 16], [19, 15], [20, 14], [20, 13], [21, 12]]
[[18, 17], [19, 16], [20, 15], [20, 14], [20, 13], [21, 12]]
[[18, 17], [19, 16], [18, 15], [19, 14], [20, 13], [21, 12]]
[[18, 17], [18, 16], [19, 15], [20, 14], [21, 13], [21, 12]]
[[18, 17], [19, 16], [19, 15], [20, 14], [20, 13], [21, 12]]
[[18, 17], [19, 16], [20, 15], [21, 14], [22, 13], [21, 12]]
[[18, 17], [19, 16], [20, 15], [19, 14], [20, 13], [21, 12]]
[[18, 17], [19, 16], [20, 15], [21, 14], [21, 13], [21, 12]]
[[18, 17], [19, 16], [20, 15], [21, 14], [22, 13], [21, 12]]
[[18, 17], [19, 16], [20, 15], [21, 14], [20, 13], [21, 12]]
[[18, 17], [19, 16], [20, 15], [21, 14], [22, 14], [21, 13], [21, 12]]
[[18, 17], [19, 18], [20, 17], [21, 16], [20, 15], [20, 14], [21, 13], [21, 12]]
[[18, 17], [19, 16], [20, 17], [20, 16], [21, 15], [22, 14], [21, 13], [22, 13], [22, 12], [21, 12]]
[[18, 17], [17, 16], [18, 15], [19, 15], [20, 14], [20, 13], [19, 14], [19, 13], [20, 12], [20, 11], [21, 12]]
[[18, 17], [17, 17], [17, 16], [16, 16], [15, 15], [15, 14], [14, 15], [15, 16], [16, 17], [17, 18], [18, 18], [18, 19], [19, 19], [20, 19], [21, 18], [20, 17], [19, 17], [20, 16], [21, 16], [22, 15], [22, 14], [22, 13], [21, 13], [20, 12], [19, 12], [18, 11], [17, 10], [17, 9], [17, 8], [18, 8], [18, 9], [18, 10], [17, 11], [18, 12], [19, 13], [19, 14], [19, 15], [20, 15], [20, 14], [20, 13], [21, 12]]
