[[12, 15], [11, 16], [10, 17], [9, 16], [8, 17], [7, 16], [6, 17], [5, 17], [4, 16]]
[[12, 15], [11, 16], [10, 16], [9, 16], [8, 15], [7, 16], [6, 15], [5, 16], [4, 16]]
[[12, 15], [11, 15], [10, 16], [9, 16], [8, 16], [7, 15], [6, 16], [5, 15], [4, 16]]
[[12, 15], [11, 15], [10, 15], [9, 16], [8, 16], [7, 15], [6, 15], [5, 15], [4, 16]]
[[12, 15], [11, 16], [10, 17], [9, 16], [8, 17], [7, 16], [6, 17], [5, 17], [4, 16]]
[[12, 15], [11, 15], [10, 16], [9, 15], [8, 15], [7, 16], [6, 17], [5, 16], [4, 16]]
[[12, 15], [11, 16], [10, 16], [9, 17], [8, 16], [7, 16], [6, 17], [5, 16], [4, 16]]
[[12, 15], [11, 16], [10, 16], [9, 17], [8, 17], [7, 17], [6, 18], [5, 17], [4, 16]]
[[12, 15], [11, 15], [10, 15], [9, 16], [8, 17], [7, 17], [6, 17], [5, 16], [4, 16]]
[[12, 15], [11, 15], [10, 15], [9, 16], [8, 16], [7, 16], [6, 16], [5, 16], [4, 16]]
[[12, 15], [11, 16], [10, 17], [9, 16], [8, 15], [7, 16], [6, 15], [5, 16], [4, 16]]
[[12, 15], [11, 15], [10, 15], [9, 16], [8, 15], [7, 16], [6, 16], [5, 17], [4, 16]]
[[12, 15], [11, 16], [10, 17], [9, 18], [9, 19], [8, 18], [7, 19], [8, 19], [7, 18], [6, 19], [5, 18], [5, 17], [4, 17], [4, 16]]
[[12, 15], [11, 16], [10, 17], [10, 18], [9, 17], [8, 18], [9, 18], [8, 18], [7, 19], [6, 18], [6, 17], [5, 18], [5, 17], [4, 16]]
[[12, 15], [11, 16], [10, 17], [10, 18], [9, 17], [8, 17], [7, 16], [6, 17], [5, 18], [6, 18], [6, 19], [7, 19], [6, 18], [6, 19], [7, 18], [6, 18], [5, 18], [4, 19], [5, 18], [4, 18], [5, 18], [5, 17], [4, 17], [4, 16]]
[[12, 15], [11, 15], [11, 14], [10, 15], [11, 14], [12, 13], [11, 13], [10, 12], [9, 12], [10, 11], [11, 10], [12, 10], [12, 9], [13, 10], [12, 10], [13, 11], [14, 11], [14, 12], [13, 13], [13, 14], [14, 15], [14, 16], [14, 17], [14, 18], [13, 19], [12, 19], [11, 18], [10, 19], [9, 19], [10, 18], [11, 18], [10, 19], [11, 19], [12, 19], [11, 18], [10, 17], [9, 17], [9, 16], [10, 17], [11, 16], [10, 15], [9, 15], [8, 14], [8, 13], [7, 13], [8, 14], [9, 14], [9, 15], [8, 14], [7, 15], [6, 15], [7, 16], [6, 17], [7, 16], [7, 17], [7, 18], [6, 17], [5, 16], [4, 16]]
[[12, 15], [11, 14], [12, 13], [11, 12], [10, 13], [9, 12], [9, 13], [8, 13], [8, 14], [7, 13], [7, 12], [6, 13], [6, 12], [5, 11], [4, 12], [4, 11], [3, 10], [3, 9], [4, 9], [5, 9], [6, 10], [7, 10], [7, 9], [8, 8], [8, 9], [9, 10], [9, 9], [8, 10], [9, 11], [8, 12], [7, 11], [6, 11], [5, 10], [4, 10], [3, 11], [2, 12], [3, 13], [2, 14], [3, 15], [3, 16], [4, 15], [3, 14], [4, 13], [5, 14], [4, 13], [4, 12], [5, 13], [4, 13], [3, 12], [2, 13], [1, 12], [1, 11], [1, 10], [2, 11], [2, 12], [1, 13], [0, 14], [0, 15], [1, 14], [2, 14], [3, 15], [3, 16], [4, 16]]
[[12, 15], [13, 14], [13, 15], [14, 16], [15, 15], [16, 16], [17, 15], [17, 14], [17, 13], [16, 12], [16, 13], [15, 13], [14, 14], [14, 15], [14, 14], [13, 14], [14, 13], [14, 12], [13, 12], [14, 11], [13, 10], [12, 9], [12, 10], [11, 10], [11, 9], [11, 8], [10, 9], [9, 9], [9, 10], [8, 11], [9, 12], [9, 11], [8, 12], [7, 11], [8, 10], [8, 9], [7, 10], [6, 9], [5, 10], [6, 10], [5, 9], [4, 9], [3, 8], [2, 7], [1, 6], [1, 7], [0, 7], [0, 6], [0, 5], [1, 5], [2, 5], [2, 4], [3, 5], [3, 6], [2, 6], [3, 7], [4, 6], [4, 7], [5, 7], [6, 6], [5, 5], [5, 4], [4, 5], [3, 4], [4, 4], [4, 3], [5, 2], [6, 3], [7, 4], [7, 5], [8, 4], [9, 5], [10, 4], [10, 3], [11, 2], [10, 2], [10, 1], [9, 2], [8, 3], [8, 2], [7, 1], [6, 1], [6, 0], [5, 0], [4, 0], [3, 1], [3, 0], [2, 0], [1, 1], [2, 2], [3, 3], [4, 2], [5, 3], [6, 4], [6, 5], [7, 6], [6, 7], [5, 8], [4, 8], [3, 9], [4, 10], [5, 11], [6, 11], [6, 12], [7, 12], [7, 13], [7, 14], [6, 13], [5, 14], [6, 15], [7, 15], [8, 14], [8, 15], [7, 16], [8, 16], [8, 17], [7, 18], [8, 19], [9, 19], [8, 18], [7, 19], [6, 18], [5, 17], [4, 17], [4, 16]]
