[[16, 13], [17, 12], [18, 11], [19, 11], [20, 12]]
[[16, 13], [17, 13], [18, 12], [19, 11], [20, 12]]
[[16, 13], [17, 12], [18, 12], [19, 13], [20, 12]]
[[16, 13], [17, 14], [18, 14], [19, 13], [20, 12]]
[[16, 13], [17, 14], [18, 13], [19, 12], [20, 12]]
[[16, 13], [17, 13], [18, 12], [19, 12], [20, 12]]
[[16, 13], [17, 12], [18, 12], [19, 12], [20, 12]]
[[16, 13], [17, 13], [18, 14], [19, 13], [20, 12]]
[[16, 13], [17, 12], [18, 11], [19, 12], [20, 12]]
[[16, 13], [17, 12], [18, 11], [19, 11], [20, 12]]
[[16, 13], [17, 12], [18, 11], [18, 10], [19, 11], [20, 11], [20, 12]]
[[16, 13], [17, 14], [18, 13], [18, 12], [19, 11], [18, 11], [19, 12], [18, 12], [17, 12], [18, 13], [18, 14], [19, 13], [20, 12]]
[[16, 13], [16, 14], [17, 14], [17, 15], [18, 15], [19, 14], [19, 13], [18, 12], [19, 13], [18, 13], [19, 14], [20, 13], [21, 12], [20, 12]]
[[16, 13], [16, 12], [16, 11], [15, 11], [14, 11], [13, 11], [13, 10], [14, 9], [15, 8], [15, 7], [16, 7], [17, 8], [18, 8], [18, 9], [19, 9], [18, 8], [19, 9], [19, 8], [20, 8], [19, 9], [20, 8], [20, 9], [20, 10], [21, 11], [21, 12], [22, 12], [23, 11], [23, 12], [22, 12], [21, 11], [22, 11], [23, 12], [22, 13], [23, 13], [23, 12], [22, 12], [21, 11], [20, 12], [19, 13], [18, 14], [19, 14], [19, 15], [19, 16], [19, 15], [19, 14], [18, 14], [19, 13], [20, 13], [19, 12], [20, 12]]
[[16, 13], [15, 13], [14, 12], [14, 13], [13, 14], [12, 15], [11, 14], [11, 15], [10, 14], [9, 14], [9, 13], [9, 12], [10, 13], [11, 12], [11, 13], [12, 12], [13, 13], [14, 14], [14, 15], [13, 14], [13, 15], [12, 14], [11, 14], [10, 15], [10, 16], [11, 15], [11, 16], [12, 17], [11, 18], [11, 19], [12, 18], [13, 17], [13, 16], [14, 17], [14, 18], [13, 18], [12, 19], [13, 19], [14, 19], [15, 18], [15, 19], [16, 19], [17, 18], [17, 17], [16, 17], [17, 16], [17, 15], [16, 14], [17, 13], [18, 13], [19, 13], [19, 14], [18, 15], [17, 14], [18, 14], [19, 15], [18, 16], [19, 16], [20, 16], [19, 17], [18, 17], [19, 18], [20, 17], [21, 18], [22, 19], [22, 18], [23, 17], [24, 16], [24, 17], [23, 18], [24, 18], [25, 19], [26, 18], [26, 19], [27, 19], [28, 18], [29, 17], [29, 16], [28, 17], [27, 18], [27, 17], [28, 16], [29, 15], [28, 15], [28, 14], [27, 15], [26, 14], [27, 14], [26, 13], [25, 12], [24, 11], [23, 10], [22, 10], [23, 9], [24, 8], [25, 8], [25, 7], [25, 6], [26, 7], [26, 8], [26, 9], [27, 9], [28, 10], [28, 11], [29, 10], [29, 9], [29, 8], [29, 7], [28, 6], [27, 5], [26, 6], [27, 7], [28, 8], [28, 7], [29, 6], [29, 5], [29, 4], [28, 4], [29, 3], [28, 2], [28, 1], [29, 1], [28, 0], [27, 0], [26, 1], [26, 2], [27, 1], [27, 2], [27, 3], [27, 4], [26, 5], [26, 4], [26, 3], [25, 3], [25, 4], [24, 4], [24, 3], [24, 2], [23, 1], [24, 1], [23, 0], [22, 0], [21, 1], [21, 0], [22, 1], [21, 2], [20, 3], [20, 2], [20, 1], [20, 0], [19, 1], [19, 2], [19, 3], [18, 3], [18, 2], [17, 1], [16, 1], [17, 0], [16, 0], [15, 0], [14, 0], [15, 1], [14, 1], [13, 0], [12, 0], [12, 1], [11, 2], [12, 3], [12, 4], [12, 5], [13, 4], [14, 4], [13, 5], [14, 5], [14, 6], [13, 7], [14, 8], [15, 8], [16, 9], [15, 10], [16, 10], [16, 11], [16, 12], [17, 11], [18, 10], [19, 10], [18, 11], [18, 12], [19, 12], [19, 11], [20, 11], [21, 11], [22, 11], [23, 12], [22, 13], [21, 12], [21, 13], [20, 13], [20, 12]]
