[[23, 7], [22, 6], [21, 7], [20, 6], [19, 5], [18, 6], [17, 7], [16, 7], [15, 7], [14, 7], [13, 8], [12, 9], [11, 8], [10, 8], [9, 9], [8, 9]]
[[23, 7], [22, 8], [21, 8], [20, 9], [19, 8], [18, 8], [17, 8], [16, 9], [15, 8], [14, 7], [13, 8], [12, 8], [11, 8], [10, 9], [9, 9], [8, 9]]
[[23, 7], [22, 6], [21, 5], [20, 6], [19, 6], [18, 7], [17, 7], [16, 7], [15, 7], [14, 8], [13, 7], [12, 8], [11, 8], [10, 9], [9, 8], [8, 9]]
[[23, 7], [22, 6], [21, 7], [20, 6], [19, 5], [18, 6], [17, 7], [16, 7], [15, 7], [14, 7], [13, 8], [12, 9], [11, 8], [10, 8], [9, 9], [8, 9]]
[[23, 7], [22, 6], [21, 7], [20, 7], [19, 8], [18, 7], [17, 6], [16, 5], [15, 6], [14, 7], [13, 8], [12, 8], [11, 7], [10, 7], [9, 8], [8, 9]]
[[23, 7], [22, 8], [21, 8], [20, 8], [19, 7], [18, 8], [17, 7], [16, 7], [15, 8], [14, 8], [13, 8], [12, 8], [11, 8], [10, 9], [9, 8], [8, 9]]
[[23, 7], [22, 8], [21, 8], [20, 8], [19, 9], [18, 8], [17, 9], [16, 10], [15, 10], [14, 10], [13, 10], [12, 9], [11, 8], [10, 8], [9, 8], [8, 9]]
[[23, 7], [22, 6], [21, 5], [20, 6], [19, 5], [18, 6], [17, 7], [16, 7], [15, 6], [14, 7], [13, 7], [12, 8], [11, 8], [10, 9], [9, 9], [8, 9]]
[[23, 7], [22, 7], [21, 6], [20, 7], [19, 8], [18, 7], [17, 8], [16, 7], [15, 8], [14, 8], [13, 8], [12, 8], [11, 7], [10, 7], [9, 8], [8, 9]]
[[23, 7], [22, 8], [21, 8], [20, 8], [19, 9], [18, 9], [17, 8], [16, 9], [15, 8], [14, 9], [13, 8], [12, 8], [11, 8], [10, 9], [9, 9], [8, 9]]
[[23, 7], [22, 7], [21, 8], [20, 9], [19, 8], [18, 8], [17, 8], [16, 9], [15, 8], [14, 9], [13, 8], [12, 9], [11, 8], [10, 9], [9, 9], [8, 9]]
[[23, 7], [22, 6], [21, 7], [20, 6], [19, 5], [19, 6], [18, 7], [17, 7], [16, 7], [15, 8], [14, 9], [13, 10], [12, 9], [11, 8], [10, 9], [9, 9], [8, 9]]
[[23, 7], [23, 8], [22, 7], [21, 7], [20, 6], [19, 7], [20, 8], [19, 8], [18, 8], [17, 8], [16, 9], [15, 9], [14, 8], [15, 7], [14, 6], [13, 7], [12, 8], [11, 7], [10, 7], [9, 8], [8, 9]]
[[23, 7], [22, 6], [21, 7], [20, 6], [19, 7], [20, 8], [19, 8], [18, 8], [17, 7], [16, 7], [15, 6], [14, 6], [13, 7], [13, 6], [14, 6], [14, 7], [13, 7], [12, 8], [11, 7], [10, 7], [9, 8], [8, 9]]
[[23, 7], [23, 6], [22, 7], [21, 7], [20, 6], [19, 7], [18, 8], [17, 7], [17, 8], [16, 7], [17, 8], [16, 9], [15, 8], [14, 8], [15, 7], [14, 7], [13, 8], [12, 8], [11, 8], [10, 9], [9, 8], [8, 9]]
[[23, 7], [23, 8], [22, 7], [21, 6], [20, 7], [20, 8], [19, 9], [18, 8], [17, 8], [16, 7], [15, 7], [14, 7], [13, 6], [12, 6], [11, 6], [12, 6], [12, 5], [11, 6], [11, 7], [10, 7], [10, 8], [9, 8], [8, 9]]
[[23, 7], [22, 8], [22, 7], [21, 8], [20, 7], [19, 7], [18, 6], [17, 6], [17, 7], [16, 7], [15, 8], [16, 9], [15, 9], [15, 8], [14, 8], [13, 8], [12, 9], [12, 8], [11, 7], [11, 8], [10, 9], [9, 9], [8, 9]]
[[23, 7], [22, 8], [22, 7], [21, 8], [20, 9], [20, 8], [19, 9], [18, 10], [18, 9], [17, 9], [17, 10], [17, 11], [18, 12], [19, 13], [20, 13], [19, 13], [18, 12], [17, 12], [18, 13], [17, 13], [18, 13], [17, 13], [16, 14], [15, 14], [14, 15], [14, 14], [13, 13], [12, 14], [13, 13], [14, 12], [15, 12], [14, 13], [13, 14], [12, 13], [11, 12], [10, 11], [9, 10], [8, 9]]
[[23, 7], [22, 8], [23, 9], [23, 10], [24, 11], [24, 10], [24, 9], [25, 8], [26, 7], [26, 6], [27, 5], [26, 5], [25, 4], [24, 5], [24, 6], [23, 5], [22, 5], [21, 4], [20, 4], [19, 3], [18, 4], [17, 5], [17, 6], [18, 7], [17, 6], [16, 5], [15, 5], [14, 5], [13, 6], [12, 5], [13, 6], [13, 5], [12, 6], [11, 5], [10, 5], [9, 6], [9, 5], [9, 6], [8, 7], [7, 7], [8, 8], [8, 9]]
[[23, 7], [22, 6], [22, 5], [23, 5], [22, 4], [23, 4], [23, 5], [24, 5], [25, 5], [26, 6], [26, 5], [27, 6], [26, 7], [26, 8], [27, 7], [26, 8], [26, 9], [27, 9], [26, 8], [26, 9], [25, 9], [26, 10], [27, 11], [27, 10], [28, 11], [27, 12], [26, 11], [26, 12], [25, 13], [26, 14], [26, 13], [27, 13], [28, 13], [29, 14], [29, 15], [29, 16], [29, 17], [29, 18], [28, 19], [28, 18], [27, 19], [26, 19], [26, 18], [26, 17], [26, 16], [25, 16], [26, 15], [25, 15], [24, 16], [23, 16], [22, 16], [21, 17], [20, 18], [19, 17], [19, 16], [19, 15], [19, 14], [19, 13], [18, 12], [19, 13], [18, 12], [18, 11], [17, 12], [17, 11], [18, 10], [17, 9], [16, 10], [15, 9], [14, 9], [14, 8], [13, 8], [14, 7], [15, 7], [14, 7], [14, 8], [14, 7], [13, 8], [12, 9], [12, 10], [11, 11], [10, 12], [10, 11], [9, 10], [8, 9]]
