[[0, 8], [1, 8], [2, 8], [3, 9], [4, 10], [5, 10], [6, 9], [7, 10], [8, 9], [9, 8], [10, 7], [11, 8], [12, 9], [13, 9], [14, 9], [15, 10], [16, 10], [17, 11], [18, 12], [19, 11], [20, 11]]
[[0, 8], [1, 7], [2, 6], [3, 7], [4, 7], [5, 6], [6, 7], [7, 6], [8, 7], [9, 7], [10, 7], [11, 8], [12, 9], [13, 9], [14, 8], [15, 9], [16, 9], [17, 10], [18, 10], [19, 10], [20, 11]]
[[0, 8], [1, 8], [2, 8], [3, 9], [4, 10], [5, 10], [6, 9], [7, 10], [8, 9], [9, 8], [10, 7], [11, 8], [12, 9], [13, 9], [14, 9], [15, 10], [16, 10], [17, 11], [18, 12], [19, 11], [20, 11]]
[[0, 8], [1, 8], [2, 9], [3, 10], [4, 10], [5, 11], [6, 11], [7, 10], [8, 9], [9, 9], [10, 10], [11, 10], [12, 9], [13, 8], [14, 8], [15, 9], [16, 10], [17, 11], [18, 12], [19, 11], [20, 11]]
[[0, 8], [1, 9], [2, 10], [3, 9], [4, 10], [5, 10], [6, 9], [7, 9], [8, 8], [9, 8], [10, 9], [11, 8], [12, 9], [13, 10], [14, 9], [15, 8], [16, 9], [17, 8], [18, 9], [19, 10], [20, 11]]
[[0, 8], [1, 8], [2, 7], [3, 7], [4, 7], [5, 8], [6, 9], [7, 9], [8, 8], [9, 9], [10, 9], [11, 10], [12, 10], [13, 11], [14, 11], [15, 12], [16, 12], [17, 11], [18, 10], [19, 11], [20, 11]]
[[0, 8], [1, 7], [2, 6], [3, 5], [4, 6], [5, 6], [6, 5], [7, 6], [8, 7], [9, 8], [10, 9], [11, 8], [12, 8], [13, 7], [14, 8], [15, 8], [16, 9], [17, 9], [18, 10], [19, 10], [20, 11]]
[[0, 8], [1, 8], [2, 7], [3, 7], [4, 6], [5, 6], [6, 5], [7, 6], [8, 7], [9, 8], [10, 7], [11, 6], [12, 7], [13, 8], [14, 8], [15, 8], [16, 9], [17, 10], [18, 11], [19, 11], [20, 11]]
[[0, 8], [1, 9], [2, 8], [3, 7], [4, 7], [5, 8], [6, 8], [7, 9], [8, 8], [9, 8], [10, 7], [11, 6], [12, 7], [13, 7], [14, 8], [15, 9], [16, 9], [17, 10], [18, 10], [19, 11], [20, 11]]
[[0, 8], [1, 7], [2, 7], [3, 8], [4, 9], [5, 8], [6, 9], [7, 10], [8, 9], [9, 9], [10, 9], [11, 8], [12, 8], [13, 8], [14, 9], [15, 10], [16, 10], [17, 10], [18, 11], [19, 11], [20, 11]]
[[0, 8], [1, 9], [2, 8], [3, 7], [4, 7], [5, 6], [6, 5], [7, 6], [8, 7], [9, 7], [10, 7], [11, 7], [12, 8], [13, 9], [14, 9], [15, 10], [16, 9], [17, 9], [18, 9], [19, 10], [20, 11]]
[[0, 8], [1, 8], [2, 8], [3, 9], [4, 9], [5, 10], [6, 9], [7, 10], [8, 9], [9, 8], [10, 7], [11, 8], [12, 8], [13, 7], [14, 8], [15, 8], [16, 9], [17, 9], [18, 10], [19, 10], [20, 11]]
[[0, 8], [1, 7], [2, 7], [3, 8], [4, 9], [5, 8], [6, 8], [7, 7], [8, 7], [9, 8], [10, 7], [11, 6], [12, 6], [13, 7], [14, 8], [15, 8], [16, 9], [17, 9], [18, 10], [19, 10], [20, 11]]
[[0, 8], [1, 7], [2, 7], [3, 6], [4, 7], [5, 8], [6, 8], [7, 9], [8, 9], [9, 10], [10, 9], [11, 8], [12, 9], [13, 9], [14, 10], [15, 9], [16, 8], [17, 9], [18, 10], [19, 11], [20, 11]]
[[0, 8], [1, 8], [2, 8], [3, 8], [4, 7], [5, 6], [6, 7], [7, 7], [8, 8], [9, 8], [10, 7], [11, 6], [12, 7], [12, 8], [13, 7], [14, 8], [15, 9], [16, 10], [17, 9], [18, 10], [19, 11], [20, 11]]
[[0, 8], [1, 7], [2, 7], [3, 6], [4, 6], [5, 6], [6, 7], [7, 7], [8, 8], [9, 7], [10, 6], [11, 6], [12, 7], [12, 8], [13, 9], [14, 10], [15, 9], [16, 10], [17, 9], [18, 10], [19, 10], [20, 11]]
[[0, 8], [1, 7], [2, 8], [3, 8], [4, 7], [4, 6], [5, 6], [6, 6], [7, 6], [8, 7], [9, 7], [10, 7], [11, 8], [12, 8], [13, 9], [14, 10], [15, 10], [16, 10], [17, 11], [18, 10], [19, 11], [20, 11]]
[[0, 8], [1, 7], [2, 7], [3, 6], [4, 6], [5, 5], [5, 6], [6, 7], [7, 6], [7, 7], [8, 7], [9, 8], [10, 9], [11, 8], [12, 7], [13, 8], [13, 9], [14, 10], [13, 10], [14, 9], [15, 9], [16, 9], [17, 10], [18, 11], [19, 11], [20, 11]]
[[0, 8], [1, 7], [2, 6], [2, 7], [3, 6], [4, 5], [5, 6], [6, 5], [7, 6], [6, 7], [7, 6], [8, 7], [9, 8], [10, 7], [11, 8], [12, 9], [13, 10], [13, 9], [14, 9], [14, 10], [15, 10], [16, 11], [17, 10], [18, 10], [19, 11], [20, 11]]
[[0, 8], [1, 7], [2, 6], [3, 7], [4, 6], [5, 6], [5, 5], [5, 6], [6, 6], [7, 7], [8, 7], [9, 7], [10, 7], [11, 7], [12, 7], [12, 8], [13, 7], [14, 7], [14, 8], [15, 9], [16, 10], [17, 9], [17, 10], [18, 10], [19, 10], [20, 10], [20, 11]]
