[[15, 1], [16, 2], [17, 3], [18, 4], [19, 5], [20, 6], [21, 7], [21, 8], [22, 9], [23, 10], [24, 11], [25, 12], [26, 13], [27, 14], [28, 15]]
[[15, 1], [16, 2], [17, 3], [18, 4], [19, 5], [20, 6], [21, 7], [22, 8], [23, 9], [23, 10], [24, 11], [25, 12], [26, 13], [27, 14], [28, 15]]
[[15, 1], [16, 2], [17, 3], [18, 4], [19, 5], [20, 6], [21, 7], [21, 8], [22, 9], [23, 10], [24, 11], [25, 12], [26, 13], [27, 14], [28, 15]]
[[15, 1], [16, 2], [17, 3], [18, 4], [19, 5], [20, 6], [21, 7], [22, 8], [22, 9], [23, 10], [24, 11], [25, 12], [26, 13], [27, 14], [28, 15]]
[[15, 1], [16, 2], [17, 3], [18, 4], [19, 5], [20, 6], [21, 7], [21, 8], [22, 9], [23, 10], [24, 11], [25, 12], [26, 13], [27, 14], [28, 15]]
[[15, 1], [16, 2], [17, 3], [18, 4], [19, 5], [20, 6], [21, 7], [22, 8], [23, 9], [24, 10], [25, 11], [25, 12], [26, 13], [27, 14], [28, 15]]
[[15, 1], [16, 2], [17, 3], [18, 4], [19, 5], [20, 6], [21, 7], [22, 8], [23, 9], [24, 10], [25, 11], [26, 12], [26, 13], [27, 14], [28, 15]]
[[15, 1], [16, 2], [17, 3], [18, 4], [19, 5], [20, 6], [21, 7], [22, 8], [23, 9], [24, 10], [25, 11], [25, 12], [26, 13], [27, 14], [28, 15]]
[[15, 1], [16, 2], [17, 3], [18, 4], [19, 5], [20, 6], [21, 7], [21, 8], [22, 9], [23, 10], [24, 11], [25, 12], [26, 13], [27, 14], [28, 15]]
[[15, 1], [16, 2], [17, 3], [18, 4], [19, 5], [20, 6], [21, 7], [21, 8], [22, 9], [23, 10], [24, 11], [25, 12], [26, 13], [27, 14], [28, 15]]
[[15, 1], [16, 2], [17, 3], [18, 4], [19, 5], [20, 6], [21, 7], [21, 8], [22, 9], [23, 10], [24, 11], [25, 12], [26, 13], [27, 14], [28, 15]]
[[15, 1], [16, 2], [17, 3], [18, 4], [19, 5], [20, 6], [21, 7], [22, 8], [23, 9], [23, 10], [24, 11], [25, 12], [26, 13], [27, 14], [28, 15]]
[[15, 1], [16, 2], [17, 3], [18, 4], [19, 5], [20, 6], [21, 7], [22, 8], [23, 9], [24, 10], [25, 11], [25, 12], [26, 13], [27, 14], [28, 15]]
[[15, 1], [16, 2], [17, 3], [18, 4], [19, 5], [20, 6], [21, 7], [22, 8], [23, 9], [24, 10], [25, 11], [25, 12], [26, 13], [27, 14], [28, 15]]
[[15, 1], [16, 2], [17, 3], [18, 4], [19, 5], [20, 6], [21, 7], [22, 8], [23, 9], [24, 10], [25, 11], [25, 12], [26, 13], [27, 14], [28, 15]]
[[15, 1], [16, 2], [17, 3], [18, 4], [19, 5], [20, 6], [21, 7], [22, 8], [23, 9], [24, 10], [25, 11], [26, 12], [26, 13], [27, 14], [28, 15]]
[[15, 1], [14, 2], [15, 3], [16, 4], [17, 5], [18, 6], [19, 7], [20, 8], [21, 9], [22, 10], [23, 11], [24, 12], [25, 13], [26, 13], [27, 14], [28, 15]]
[[15, 1], [16, 2], [17, 3], [18, 4], [19, 5], [20, 6], [21, 7], [20, 8], [21, 9], [22, 10], [23, 11], [24, 12], [25, 13], [26, 14], [27, 15], [28, 15]]
[[15, 1], [16, 2], [17, 3], [18, 4], [19, 5], [20, 6], [21, 7], [22, 8], [23, 9], [23, 10], [24, 11], [25, 12], [25, 13], [26, 13], [27, 14], [28, 15]]
[[15, 1], [16, 2], [17, 3], [17, 4], [17, 5], [18, 6], [19, 7], [20, 8], [21, 9], [22, 10], [23, 11], [24, 11], [25, 12], [26, 13], [27, 14], [28, 15]]
