[[26, 4], [25, 5], [24, 6], [24, 7], [24, 8], [25, 9], [24, 10], [25, 11], [24, 12], [24, 13], [23, 14], [22, 15], [21, 16], [20, 17], [19, 18], [18, 19]]
[[26, 4], [26, 5], [26, 6], [26, 7], [25, 8], [24, 9], [23, 10], [23, 11], [24, 12], [23, 13], [22, 14], [21, 15], [21, 16], [20, 17], [19, 18], [18, 19]]
[[26, 4], [25, 5], [26, 6], [25, 7], [24, 8], [25, 9], [26, 10], [25, 11], [24, 12], [23, 13], [22, 14], [21, 15], [20, 16], [20, 17], [19, 18], [18, 19]]
[[26, 4], [25, 5], [24, 6], [24, 7], [24, 8], [25, 9], [24, 10], [25, 11], [24, 12], [24, 13], [23, 14], [22, 15], [21, 16], [20, 17], [19, 18], [18, 19]]
[[26, 4], [25, 5], [25, 6], [26, 7], [27, 8], [27, 9], [26, 10], [25, 11], [24, 12], [23, 13], [22, 14], [21, 15], [21, 16], [20, 17], [19, 18], [18, 19]]
[[26, 4], [26, 5], [26, 6], [26, 7], [25, 8], [24, 9], [24, 10], [25, 11], [24, 12], [24, 13], [23, 14], [22, 15], [21, 16], [20, 17], [19, 18], [18, 19]]
[[26, 4], [25, 5], [24, 6], [24, 7], [24, 8], [24, 9], [23, 10], [22, 11], [22, 12], [23, 13], [23, 14], [22, 15], [21, 16], [20, 17], [19, 18], [18, 19]]
[[26, 4], [27, 5], [26, 6], [26, 7], [25, 8], [25, 9], [25, 10], [24, 11], [23, 12], [24, 13], [23, 14], [22, 15], [21, 16], [20, 17], [19, 18], [18, 19]]
[[26, 4], [26, 5], [25, 6], [24, 7], [25, 8], [24, 9], [24, 10], [24, 11], [25, 12], [24, 13], [23, 14], [22, 15], [21, 16], [20, 17], [19, 18], [18, 19]]
[[26, 4], [25, 5], [26, 6], [26, 7], [25, 8], [25, 9], [26, 10], [25, 11], [24, 12], [23, 13], [22, 14], [21, 15], [20, 16], [19, 17], [19, 18], [18, 19]]
[[26, 4], [26, 5], [25, 6], [24, 7], [23, 8], [22, 9], [23, 10], [24, 11], [24, 12], [23, 13], [22, 14], [21, 15], [20, 16], [19, 17], [18, 18], [18, 19]]
[[26, 4], [26, 5], [25, 6], [25, 7], [26, 8], [25, 9], [24, 10], [23, 11], [22, 12], [23, 13], [22, 14], [22, 15], [21, 16], [20, 17], [19, 18], [18, 19]]
[[26, 4], [25, 5], [24, 6], [24, 7], [24, 8], [24, 9], [23, 10], [24, 11], [23, 12], [23, 13], [23, 14], [22, 15], [21, 16], [20, 17], [19, 18], [18, 18], [18, 19]]
[[26, 4], [25, 5], [24, 6], [24, 7], [24, 8], [25, 9], [24, 10], [24, 11], [24, 12], [23, 13], [22, 14], [21, 15], [21, 16], [20, 17], [20, 18], [19, 18], [18, 19]]
[[26, 4], [27, 5], [27, 6], [26, 7], [27, 8], [28, 9], [28, 10], [27, 10], [26, 10], [25, 10], [24, 11], [23, 12], [23, 13], [24, 14], [23, 15], [22, 15], [21, 15], [20, 16], [20, 17], [20, 18], [19, 19], [18, 19]]
[[26, 4], [25, 5], [26, 6], [26, 7], [27, 8], [28, 9], [27, 10], [26, 9], [25, 10], [24, 11], [25, 11], [26, 11], [25, 12], [24, 13], [23, 14], [22, 14], [21, 15], [20, 15], [20, 16], [20, 17], [21, 17], [20, 17], [20, 18], [19, 18], [18, 19]]
[[26, 4], [26, 5], [27, 6], [26, 7], [26, 8], [27, 9], [28, 10], [27, 11], [26, 12], [25, 13], [24, 14], [23, 14], [22, 14], [21, 15], [21, 16], [21, 17], [22, 18], [21, 17], [20, 17], [19, 16], [18, 16], [19, 17], [20, 18], [19, 18], [18, 19]]
[[26, 4], [25, 5], [26, 6], [27, 7], [28, 7], [28, 8], [28, 9], [27, 10], [26, 10], [25, 11], [26, 12], [26, 13], [26, 14], [25, 14], [24, 13], [25, 14], [24, 14], [23, 15], [22, 15], [23, 16], [22, 17], [21, 17], [20, 17], [20, 18], [19, 19], [18, 19]]
[[26, 4], [25, 5], [26, 6], [27, 7], [28, 7], [29, 8], [28, 9], [27, 10], [26, 11], [25, 12], [26, 13], [25, 12], [25, 13], [24, 13], [23, 13], [23, 14], [22, 15], [23, 15], [22, 15], [22, 16], [21, 16], [20, 16], [19, 17], [18, 18], [19, 18], [20, 19], [20, 18], [21, 17], [20, 17], [19, 17], [18, 16], [19, 16], [18, 17], [19, 18], [20, 19], [19, 18], [18, 19]]
[[26, 4], [27, 5], [26, 6], [26, 7], [27, 8], [27, 9], [28, 8], [27, 9], [26, 9], [25, 9], [24, 10], [24, 11], [25, 12], [25, 13], [26, 13], [25, 14], [26, 14], [25, 15], [24, 14], [23, 15], [22, 15], [21, 16], [21, 15], [22, 15], [22, 14], [23, 14], [22, 15], [21, 15], [21, 14], [21, 15], [21, 16], [20, 16], [20, 15], [19, 16], [18, 16], [19, 17], [19, 16], [18, 17], [18, 18], [18, 19]]
