[[14, 14], [15, 13], [16, 12], [17, 11], [18, 10], [19, 9], [19, 8], [20, 7]]
[[14, 14], [15, 13], [16, 12], [17, 11], [18, 10], [19, 9], [19, 8], [20, 7]]
[[14, 14], [15, 13], [16, 12], [17, 11], [18, 10], [18, 9], [19, 8], [20, 7]]
[[14, 14], [15, 13], [16, 12], [17, 11], [18, 10], [19, 9], [20, 8], [20, 7]]
[[14, 14], [15, 13], [16, 12], [17, 11], [18, 10], [19, 9], [19, 8], [20, 7]]
[[14, 14], [15, 13], [16, 12], [17, 11], [18, 10], [19, 9], [19, 8], [20, 7]]
[[14, 14], [15, 13], [16, 12], [17, 11], [18, 10], [19, 9], [19, 8], [20, 7]]
[[14, 14], [15, 13], [16, 12], [17, 11], [18, 10], [19, 9], [20, 8], [20, 7]]
[[14, 14], [15, 13], [16, 12], [17, 11], [18, 10], [18, 9], [19, 8], [20, 7]]
[[14, 14], [15, 13], [16, 12], [17, 11], [18, 10], [19, 9], [19, 8], [20, 7]]
[[14, 14], [15, 13], [16, 12], [17, 11], [18, 10], [19, 9], [20, 8], [20, 7]]
[[14, 14], [15, 13], [16, 12], [17, 11], [18, 10], [18, 9], [19, 8], [20, 7]]
[[14, 14], [15, 13], [16, 12], [17, 11], [18, 10], [19, 9], [20, 8], [20, 7]]
[[14, 14], [15, 13], [16, 12], [17, 11], [18, 10], [19, 9], [20, 8], [20, 7]]
[[14, 14], [15, 13], [15, 12], [16, 12], [17, 11], [18, 10], [19, 9], [19, 8], [20, 7]]
[[14, 14], [15, 13], [16, 12], [17, 12], [17, 11], [18, 10], [18, 9], [19, 8], [20, 7]]
[[14, 14], [15, 13], [16, 14], [16, 13], [16, 12], [17, 11], [18, 10], [18, 9], [19, 8], [20, 7]]
[[14, 14], [15, 14], [15, 13], [16, 14], [16, 13], [16, 12], [17, 12], [18, 11], [18, 10], [18, 9], [19, 8], [20, 7]]
[[14, 14], [15, 15], [16, 14], [16, 13], [17, 14], [17, 13], [16, 12], [17, 11], [18, 10], [19, 9], [20, 8], [20, 7]]
[[14, 14], [13, 15], [14, 15], [15, 16], [16, 16], [17, 16], [18, 15], [19, 15], [18, 16], [17, 17], [16, 17], [15, 16], [15, 17], [15, 18], [16, 19], [17, 19], [17, 18], [18, 18], [19, 19], [20, 19], [21, 18], [22, 18], [21, 17], [22, 17], [21, 18], [20, 18], [21, 18], [21, 17], [22, 17], [21, 16], [21, 17], [22, 16], [23, 15], [24, 16], [23, 17], [23, 16], [24, 16], [25, 17], [26, 16], [25, 17], [24, 18], [25, 18], [25, 19], [25, 18], [26, 18], [27, 18], [28, 18], [29, 17], [28, 16], [28, 17], [28, 16], [27, 16], [26, 15], [25, 14], [24, 15], [23, 14], [22, 14], [21, 13], [22, 14], [21, 13], [20, 14], [20, 13], [21, 12], [20, 12], [20, 11], [20, 12], [20, 13], [19, 12], [18, 13], [18, 12], [18, 11], [19, 11], [20, 10], [20, 9], [20, 8], [19, 8], [20, 9], [21, 8], [20, 7]]
