[[15, 18], [14, 17], [13, 16], [12, 15], [12, 14], [11, 13], [11, 12], [11, 11], [10, 10], [9, 9], [8, 8], [7, 7], [6, 6], [5, 5], [4, 4]]
[[15, 18], [14, 17], [13, 16], [13, 15], [12, 14], [11, 13], [11, 12], [10, 11], [9, 10], [8, 9], [7, 8], [6, 7], [6, 6], [5, 5], [4, 4]]
[[15, 18], [14, 17], [13, 16], [12, 15], [12, 14], [12, 13], [11, 12], [10, 11], [9, 10], [8, 9], [7, 8], [6, 7], [6, 6], [5, 5], [4, 4]]
[[15, 18], [14, 17], [13, 16], [12, 15], [12, 14], [12, 13], [11, 12], [10, 11], [10, 10], [9, 9], [8, 8], [7, 7], [6, 6], [5, 5], [4, 4]]
[[15, 18], [15, 17], [14, 16], [13, 15], [12, 14], [11, 13], [11, 12], [10, 11], [9, 10], [8, 9], [7, 8], [7, 7], [6, 6], [5, 5], [4, 4]]
[[15, 18], [14, 17], [13, 16], [12, 15], [12, 14], [11, 13], [11, 12], [11, 11], [10, 10], [9, 9], [8, 8], [7, 7], [6, 6], [5, 5], [4, 4]]
[[15, 18], [14, 17], [13, 16], [13, 15], [12, 14], [12, 13], [11, 12], [11, 11], [10, 10], [9, 9], [8, 8], [7, 7], [6, 6], [5, 5], [4, 4]]
[[15, 18], [14, 17], [14, 16], [13, 15], [12, 14], [12, 13], [11, 12], [10, 11], [9, 10], [8, 9], [7, 8], [7, 7], [6, 6], [5, 5], [4, 4]]
[[15, 18], [14, 17], [13, 16], [13, 15], [12, 14], [11, 13], [12, 12], [11, 11], [10, 10], [9, 9], [8, 8], [7, 7], [6, 6], [5, 5], [4, 4]]
[[15, 18], [14, 17], [13, 16], [12, 15], [12, 14], [13, 13], [12, 12], [11, 11], [10, 10], [9, 9], [8, 8], [7, 7], [6, 6], [5, 5], [4, 4]]
[[15, 18], [14, 17], [13, 16], [12, 15], [12, 14], [11, 13], [11, 12], [11, 11], [10, 10], [9, 9], [8, 8], [7, 7], [6, 6], [5, 5], [4, 4]]
[[15, 18], [14, 17], [13, 16], [12, 15], [12, 14], [12, 13], [11, 12], [10, 11], [9, 10], [8, 9], [7, 8], [7, 7], [6, 6], [5, 5], [4, 4]]
[[15, 18], [14, 17], [14, 16], [13, 15], [12, 14], [12, 13], [11, 12], [11, 11], [10, 10], [9, 9], [8, 8], [7, 7], [6, 6], [5, 5], [4, 4]]
[[15, 18], [14, 17], [13, 16], [12, 15], [12, 14], [11, 13], [11, 12], [10, 11], [9, 10], [8, 9], [7, 8], [7, 7], [6, 6], [5, 5], [4, 4]]
[[15, 18], [15, 17], [14, 16], [13, 15], [12, 14], [11, 13], [11, 12], [10, 11], [9, 10], [8, 9], [7, 8], [6, 7], [6, 6], [5, 5], [4, 4]]
[[15, 18], [14, 17], [13, 16], [12, 15], [12, 14], [11, 13], [11, 12], [10, 11], [9, 10], [8, 9], [7, 8], [6, 7], [6, 6], [5, 5], [4, 4]]
[[15, 18], [16, 17], [15, 16], [14, 15], [14, 14], [13, 13], [12, 13], [11, 12], [10, 11], [9, 10], [9, 9], [8, 8], [7, 7], [6, 6], [5, 5], [4, 4]]
[[15, 18], [15, 17], [15, 16], [14, 15], [15, 14], [14, 13], [13, 12], [12, 11], [11, 10], [10, 9], [9, 9], [8, 8], [7, 7], [6, 6], [5, 5], [4, 4]]
[[15, 18], [14, 17], [13, 17], [12, 16], [13, 15], [12, 14], [12, 13], [11, 12], [10, 11], [9, 10], [8, 10], [7, 9], [6, 8], [5, 7], [4, 6], [5, 5], [4, 4]]
[[15, 18], [14, 17], [14, 16], [14, 15], [14, 14], [13, 13], [12, 12], [11, 11], [10, 11], [10, 10], [9, 9], [9, 8], [8, 8], [7, 7], [6, 6], [5, 5], [4, 4]]
