[[12, 9], [13, 8], [14, 8], [15, 9], [16, 8], [17, 7], [18, 6], [19, 5], [20, 4], [21, 3]]
[[12, 9], [13, 9], [14, 8], [15, 7], [16, 6], [17, 5], [18, 4], [19, 4], [20, 4], [21, 3]]
[[12, 9], [13, 8], [14, 8], [15, 8], [16, 7], [17, 6], [18, 6], [19, 5], [20, 4], [21, 3]]
[[12, 9], [13, 8], [14, 8], [15, 7], [16, 6], [17, 5], [18, 4], [19, 4], [20, 4], [21, 3]]
[[12, 9], [13, 8], [14, 8], [15, 9], [16, 8], [17, 7], [18, 6], [19, 5], [20, 4], [21, 3]]
[[12, 9], [13, 8], [14, 8], [15, 9], [16, 8], [17, 7], [18, 6], [19, 5], [20, 4], [21, 3]]
[[12, 9], [13, 9], [14, 8], [15, 7], [16, 7], [17, 6], [18, 6], [19, 5], [20, 4], [21, 3]]
[[12, 9], [13, 8], [14, 8], [15, 7], [16, 6], [17, 7], [18, 6], [19, 5], [20, 4], [21, 3]]
[[12, 9], [13, 8], [14, 7], [15, 7], [16, 6], [17, 5], [18, 4], [19, 3], [20, 4], [21, 3]]
[[12, 9], [13, 8], [14, 7], [15, 7], [16, 6], [17, 5], [18, 4], [19, 3], [20, 3], [21, 3]]
[[12, 9], [13, 8], [14, 8], [15, 7], [16, 7], [17, 6], [18, 6], [19, 5], [20, 4], [21, 3]]
[[12, 9], [13, 8], [14, 7], [15, 6], [16, 6], [17, 5], [18, 4], [19, 3], [20, 2], [21, 3]]
[[12, 9], [13, 8], [14, 7], [15, 7], [16, 6], [17, 5], [18, 4], [19, 4], [20, 3], [21, 3]]
[[12, 9], [13, 8], [14, 7], [15, 6], [16, 5], [17, 6], [18, 6], [19, 5], [19, 4], [19, 5], [20, 4], [21, 3]]
[[12, 9], [12, 8], [13, 8], [14, 8], [15, 7], [16, 6], [17, 6], [18, 6], [19, 5], [19, 4], [20, 3], [21, 3]]
[[12, 9], [12, 10], [13, 9], [14, 8], [15, 7], [15, 6], [16, 5], [17, 4], [18, 4], [19, 3], [20, 4], [21, 3]]
[[12, 9], [12, 10], [13, 9], [14, 8], [15, 7], [15, 8], [16, 7], [17, 7], [18, 6], [17, 6], [18, 6], [19, 5], [20, 6], [19, 5], [20, 4], [21, 3]]
[[12, 9], [13, 8], [14, 7], [14, 8], [15, 7], [15, 6], [16, 6], [17, 6], [18, 6], [18, 7], [19, 6], [20, 5], [20, 4], [21, 4], [20, 3], [21, 3]]
[[12, 9], [11, 8], [12, 7], [13, 6], [13, 5], [13, 6], [12, 5], [13, 4], [14, 5], [13, 5], [14, 4], [15, 3], [15, 4], [16, 3], [17, 2], [17, 3], [17, 4], [17, 5], [18, 4], [19, 4], [20, 4], [21, 3]]
[[12, 9], [11, 9], [12, 8], [11, 8], [12, 7], [13, 8], [14, 7], [15, 7], [14, 8], [15, 9], [15, 8], [16, 8], [17, 8], [17, 9], [18, 8], [18, 9], [19, 8], [20, 7], [21, 8], [22, 9], [22, 10], [23, 11], [24, 11], [25, 11], [26, 11], [25, 10], [24, 9], [23, 9], [23, 8], [24, 7], [23, 6], [24, 6], [25, 5], [24, 5], [24, 4], [23, 4], [22, 4], [23, 3], [24, 2], [24, 1], [25, 1], [24, 0], [23, 0], [22, 0], [23, 1], [22, 2], [21, 3]]
