[[2, 12], [3, 13], [4, 14], [5, 15], [6, 16], [7, 16], [8, 15]]
[[2, 12], [3, 13], [4, 13], [5, 14], [6, 15], [7, 14], [8, 15]]
[[2, 12], [3, 13], [4, 12], [5, 13], [6, 14], [7, 14], [8, 15]]
[[2, 12], [3, 13], [4, 14], [5, 13], [6, 14], [7, 14], [8, 15]]
[[2, 12], [3, 12], [4, 13], [5, 14], [6, 14], [7, 14], [8, 15]]
[[2, 12], [3, 12], [4, 13], [5, 14], [6, 15], [7, 14], [8, 15]]
[[2, 12], [3, 13], [4, 14], [5, 15], [6, 14], [7, 14], [8, 15]]
[[2, 12], [3, 12], [4, 13], [5, 14], [6, 14], [7, 14], [8, 15]]
[[2, 12], [3, 12], [4, 12], [5, 13], [6, 14], [7, 14], [8, 15]]
[[2, 12], [3, 13], [4, 13], [5, 13], [6, 14], [7, 14], [8, 15]]
[[2, 12], [3, 13], [4, 14], [5, 15], [6, 16], [7, 16], [8, 15]]
[[2, 12], [3, 13], [4, 12], [5, 13], [6, 14], [7, 14], [8, 15]]
[[2, 12], [3, 13], [4, 14], [5, 14], [4, 13], [5, 14], [5, 15], [6, 14], [7, 13], [7, 14], [8, 15]]
[[2, 12], [3, 13], [3, 12], [4, 13], [5, 14], [5, 13], [4, 14], [4, 15], [4, 16], [5, 17], [6, 16], [6, 17], [5, 18], [6, 17], [5, 18], [6, 18], [7, 18], [6, 17], [7, 17], [7, 16], [8, 15]]
[[2, 12], [3, 13], [2, 14], [1, 13], [0, 13], [0, 12], [1, 12], [2, 13], [1, 12], [2, 13], [3, 13], [2, 14], [1, 13], [0, 13], [1, 14], [1, 15], [2, 16], [1, 16], [2, 17], [3, 18], [2, 18], [1, 19], [0, 19], [0, 18], [1, 17], [0, 17], [1, 18], [2, 19], [3, 19], [4, 18], [4, 17], [5, 17], [6, 16], [6, 15], [6, 14], [7, 14], [8, 14], [8, 15]]
[[2, 12], [1, 12], [1, 11], [0, 12], [0, 11], [0, 10], [1, 10], [2, 9], [2, 8], [1, 8], [1, 9], [0, 8], [1, 7], [2, 6], [1, 5], [1, 4], [0, 4], [1, 4], [0, 5], [1, 4], [1, 3], [0, 3], [1, 3], [1, 2], [1, 1], [1, 0], [2, 0], [2, 1], [1, 1], [2, 0], [3, 1], [4, 1], [4, 2], [4, 3], [5, 4], [5, 3], [6, 2], [5, 1], [5, 2], [6, 2], [7, 1], [8, 2], [8, 3], [9, 3], [10, 3], [11, 4], [10, 5], [9, 4], [10, 4], [10, 5], [9, 6], [8, 7], [9, 8], [8, 9], [9, 10], [8, 11], [8, 12], [7, 13], [8, 14], [9, 15], [8, 15]]
[[2, 12], [1, 13], [2, 14], [1, 15], [2, 14], [3, 13], [2, 12], [3, 12], [3, 11], [3, 10], [4, 9], [4, 8], [4, 7], [3, 8], [2, 9], [2, 8], [2, 7], [1, 6], [1, 5], [1, 6], [0, 6], [1, 5], [0, 5], [1, 4], [2, 3], [2, 2], [1, 1], [0, 2], [1, 3], [1, 2], [1, 1], [2, 1], [1, 0], [2, 1], [3, 2], [4, 2], [5, 1], [6, 2], [6, 1], [7, 1], [8, 2], [9, 2], [10, 2], [10, 1], [10, 0], [11, 1], [12, 2], [13, 3], [12, 4], [13, 3], [14, 2], [15, 2], [14, 3], [15, 4], [16, 5], [15, 5], [16, 6], [15, 6], [14, 5], [14, 6], [13, 7], [12, 8], [13, 9], [12, 10], [12, 11], [11, 12], [10, 11], [9, 12], [9, 13], [8, 14], [8, 15], [9, 16], [10, 16], [11, 15], [10, 16], [11, 16], [11, 15], [12, 14], [12, 15], [12, 16], [11, 16], [12, 17], [12, 18], [11, 19], [10, 19], [9, 19], [8, 19], [7, 18], [7, 17], [7, 16], [8, 15]]
