[[21, 15], [20, 16], [19, 17], [18, 18], [17, 17], [16, 17], [15, 17], [14, 18], [13, 17], [12, 18], [11, 18], [10, 19], [9, 18], [8, 18], [7, 19], [6, 19]]
[[21, 15], [20, 16], [19, 17], [18, 18], [17, 19], [16, 19], [15, 18], [14, 18], [13, 19], [12, 19], [11, 19], [10, 18], [9, 18], [8, 19], [7, 18], [6, 19]]
[[21, 15], [20, 16], [19, 17], [18, 18], [17, 17], [16, 17], [15, 17], [14, 18], [13, 17], [12, 18], [11, 18], [10, 19], [9, 18], [8, 18], [7, 19], [6, 19]]
[[21, 15], [20, 16], [19, 17], [18, 18], [17, 18], [16, 18], [15, 18], [14, 18], [13, 18], [12, 19], [11, 18], [10, 17], [9, 17], [8, 18], [7, 18], [6, 19]]
[[21, 15], [20, 16], [19, 17], [18, 18], [17, 17], [16, 18], [15, 18], [14, 18], [13, 17], [12, 16], [11, 17], [10, 18], [9, 17], [8, 18], [7, 18], [6, 19]]
[[21, 15], [20, 16], [19, 17], [18, 18], [17, 17], [16, 18], [15, 18], [14, 17], [13, 18], [12, 18], [11, 19], [10, 18], [9, 19], [8, 19], [7, 19], [6, 19]]
[[21, 15], [20, 16], [19, 17], [18, 18], [17, 18], [16, 19], [15, 19], [14, 19], [13, 19], [12, 18], [11, 18], [10, 18], [9, 18], [8, 18], [7, 19], [6, 19]]
[[21, 15], [20, 16], [19, 17], [18, 18], [17, 17], [16, 18], [15, 19], [14, 19], [13, 19], [12, 18], [11, 17], [10, 17], [9, 17], [8, 18], [7, 19], [6, 19]]
[[21, 15], [20, 16], [19, 17], [18, 18], [17, 17], [16, 18], [15, 18], [14, 17], [13, 18], [12, 19], [11, 19], [10, 18], [9, 19], [8, 18], [7, 18], [6, 19]]
[[21, 15], [20, 16], [19, 17], [18, 18], [17, 19], [16, 18], [15, 18], [14, 19], [13, 18], [12, 17], [11, 17], [10, 17], [9, 17], [8, 17], [7, 18], [6, 19]]
[[21, 15], [20, 16], [19, 17], [18, 18], [17, 17], [16, 18], [15, 19], [14, 18], [13, 18], [12, 19], [11, 19], [10, 19], [9, 18], [8, 17], [7, 18], [6, 19]]
[[21, 15], [20, 16], [19, 17], [18, 18], [17, 18], [16, 18], [15, 18], [14, 18], [13, 18], [12, 17], [11, 18], [10, 19], [9, 18], [8, 18], [7, 18], [6, 19]]
[[21, 15], [20, 16], [19, 17], [18, 18], [17, 19], [16, 19], [15, 18], [14, 17], [13, 17], [12, 18], [11, 18], [10, 19], [9, 18], [8, 19], [7, 18], [6, 19]]
[[21, 15], [20, 16], [19, 17], [18, 18], [17, 18], [16, 17], [15, 16], [14, 17], [13, 17], [12, 18], [11, 17], [10, 18], [9, 19], [8, 18], [7, 18], [6, 19]]
[[21, 15], [20, 16], [19, 17], [18, 18], [17, 19], [16, 18], [15, 17], [14, 17], [13, 17], [12, 18], [11, 18], [10, 18], [9, 19], [8, 19], [7, 18], [6, 19]]
[[21, 15], [20, 16], [19, 17], [18, 18], [17, 17], [16, 18], [15, 19], [14, 19], [13, 18], [12, 18], [12, 17], [11, 17], [10, 16], [9, 17], [8, 17], [7, 18], [6, 19]]
[[21, 15], [20, 16], [19, 17], [19, 18], [18, 19], [17, 19], [16, 19], [15, 18], [14, 17], [13, 18], [12, 18], [11, 18], [10, 17], [9, 16], [8, 17], [7, 18], [6, 19]]
[[21, 15], [20, 16], [19, 17], [19, 18], [18, 18], [17, 19], [16, 18], [15, 19], [14, 18], [13, 18], [12, 17], [11, 18], [10, 17], [9, 18], [8, 17], [8, 18], [7, 18], [6, 19]]
[[21, 15], [20, 16], [19, 17], [19, 18], [18, 18], [17, 19], [16, 19], [15, 18], [16, 17], [15, 18], [14, 17], [13, 16], [12, 15], [13, 16], [13, 15], [12, 16], [11, 17], [11, 16], [10, 17], [9, 18], [8, 18], [7, 17], [8, 18], [7, 18], [6, 18], [6, 19]]
[[21, 15], [21, 16], [20, 17], [20, 16], [20, 17], [19, 17], [19, 18], [19, 19], [18, 18], [17, 18], [16, 17], [15, 18], [15, 19], [14, 18], [13, 18], [13, 17], [12, 16], [13, 16], [12, 15], [11, 16], [10, 16], [9, 17], [8, 18], [8, 17], [7, 18], [8, 17], [7, 18], [6, 19]]
