[[25, 10], [24, 11], [23, 12], [22, 13], [22, 14], [22, 15], [21, 16], [20, 17], [20, 18], [19, 19]]
[[25, 10], [24, 11], [23, 12], [22, 13], [21, 14], [20, 15], [20, 16], [20, 17], [19, 18], [19, 19]]
[[25, 10], [25, 11], [24, 12], [24, 13], [23, 14], [23, 15], [22, 16], [21, 17], [20, 18], [19, 19]]
[[25, 10], [25, 11], [24, 12], [23, 13], [23, 14], [23, 15], [22, 16], [21, 17], [20, 18], [19, 19]]
[[25, 10], [24, 11], [24, 12], [23, 13], [22, 14], [22, 15], [21, 16], [21, 17], [20, 18], [19, 19]]
[[25, 10], [24, 11], [24, 12], [24, 13], [23, 14], [22, 15], [22, 16], [21, 17], [20, 18], [19, 19]]
[[25, 10], [24, 11], [23, 12], [23, 13], [22, 14], [22, 15], [21, 16], [20, 17], [19, 18], [19, 19]]
[[25, 10], [24, 11], [23, 12], [23, 13], [22, 14], [22, 15], [21, 16], [20, 17], [20, 18], [19, 19]]
[[25, 10], [24, 11], [24, 12], [23, 13], [23, 14], [22, 15], [21, 16], [21, 17], [20, 18], [19, 19]]
[[25, 10], [24, 11], [23, 12], [22, 13], [22, 14], [22, 15], [21, 16], [20, 17], [20, 18], [19, 19]]
[[25, 10], [24, 11], [23, 12], [23, 13], [23, 14], [22, 15], [21, 16], [22, 17], [21, 18], [20, 18], [19, 19]]
[[25, 10], [25, 11], [24, 12], [23, 13], [24, 14], [23, 15], [23, 16], [22, 17], [21, 17], [21, 18], [20, 18], [19, 19]]
[[25, 10], [25, 11], [24, 12], [25, 13], [26, 14], [26, 15], [26, 14], [27, 13], [28, 14], [28, 15], [27, 15], [28, 16], [28, 17], [27, 18], [28, 18], [27, 18], [27, 19], [26, 19], [26, 18], [25, 17], [24, 18], [23, 19], [22, 19], [21, 19], [20, 18], [20, 19], [19, 19]]
[[25, 10], [26, 11], [27, 12], [27, 13], [26, 14], [27, 15], [28, 16], [28, 15], [27, 15], [26, 15], [25, 16], [24, 15], [25, 16], [24, 15], [23, 15], [22, 15], [22, 16], [21, 17], [20, 16], [20, 15], [19, 16], [19, 15], [20, 14], [19, 15], [19, 16], [18, 15], [18, 16], [17, 17], [18, 18], [17, 18], [16, 17], [15, 18], [16, 19], [17, 19], [18, 19], [19, 19]]
[[25, 10], [24, 9], [24, 8], [23, 9], [23, 10], [22, 9], [22, 8], [21, 8], [20, 8], [20, 9], [21, 9], [21, 10], [20, 9], [21, 8], [21, 9], [20, 10], [19, 10], [19, 9], [18, 10], [17, 9], [16, 9], [17, 10], [18, 9], [18, 8], [19, 7], [20, 8], [20, 7], [19, 8], [18, 7], [17, 6], [17, 5], [18, 5], [18, 6], [19, 5], [19, 6], [20, 6], [20, 5], [21, 5], [21, 4], [22, 3], [22, 4], [23, 5], [23, 4], [24, 5], [25, 5], [25, 6], [26, 5], [27, 6], [28, 7], [28, 8], [27, 8], [27, 9], [27, 10], [28, 9], [29, 10], [28, 10], [29, 9], [29, 8], [29, 7], [29, 6], [29, 5], [28, 4], [29, 3], [29, 4], [28, 5], [27, 4], [27, 3], [28, 3], [29, 2], [28, 1], [27, 1], [27, 2], [26, 3], [25, 4], [24, 3], [24, 4], [23, 3], [23, 2], [24, 1], [25, 2], [24, 2], [23, 1], [23, 0], [22, 1], [21, 0], [20, 1], [21, 2], [20, 2], [21, 3], [20, 3], [19, 4], [19, 3], [18, 2], [17, 2], [16, 3], [16, 4], [17, 4], [18, 4], [18, 3], [19, 2], [18, 1], [17, 1], [18, 0], [17, 0], [16, 0], [16, 1], [15, 0], [14, 0], [15, 1], [15, 2], [14, 2], [14, 3], [14, 4], [15, 5], [14, 5], [13, 6], [14, 6], [15, 7], [16, 7], [15, 8], [15, 9], [14, 10], [13, 10], [12, 9], [12, 10], [13, 11], [14, 12], [15, 12], [16, 12], [15, 13], [16, 14], [15, 14], [14, 15], [15, 16], [16, 16], [17, 15], [16, 15], [17, 16], [18, 15], [18, 16], [19, 15], [19, 16], [20, 15], [21, 16], [20, 17], [21, 18], [21, 17], [22, 17], [23, 16], [22, 15], [22, 16], [23, 17], [22, 18], [23, 19], [24, 19], [25, 18], [25, 17], [24, 18], [23, 18], [22, 19], [21, 19], [20, 18], [20, 19], [19, 19]]
