[[23, 3], [24, 4], [23, 5], [23, 6], [22, 7], [23, 8], [22, 9], [22, 10], [22, 11]]
[[23, 3], [24, 4], [23, 5], [23, 6], [22, 7], [23, 8], [23, 9], [22, 10], [22, 11]]
[[23, 3], [22, 4], [23, 5], [22, 6], [22, 7], [23, 8], [23, 9], [23, 10], [22, 11]]
[[23, 3], [24, 4], [24, 5], [23, 6], [23, 7], [22, 8], [21, 9], [22, 10], [22, 11]]
[[23, 3], [22, 4], [22, 5], [23, 6], [22, 7], [23, 8], [23, 9], [22, 10], [22, 11]]
[[23, 3], [22, 4], [22, 5], [21, 6], [22, 7], [22, 8], [23, 9], [22, 10], [22, 11]]
[[23, 3], [24, 4], [23, 5], [22, 6], [21, 7], [22, 8], [22, 9], [23, 10], [22, 11]]
[[23, 3], [24, 4], [23, 5], [22, 6], [23, 7], [22, 8], [23, 9], [23, 10], [22, 11]]
[[23, 3], [24, 4], [23, 5], [23, 6], [22, 7], [23, 8], [22, 9], [22, 10], [22, 11]]
[[23, 3], [22, 4], [23, 5], [23, 6], [23, 7], [23, 8], [23, 9], [23, 10], [22, 11]]
[[23, 3], [22, 4], [23, 5], [24, 6], [25, 7], [24, 8], [23, 9], [23, 10], [22, 11]]
[[23, 3], [22, 4], [23, 5], [24, 6], [23, 7], [22, 8], [22, 9], [22, 10], [22, 11]]
[[23, 3], [24, 4], [23, 5], [23, 6], [22, 7], [23, 8], [22, 9], [23, 10], [22, 11]]
[[23, 3], [22, 4], [23, 5], [22, 6], [23, 6], [22, 7], [23, 7], [23, 8], [23, 9], [22, 10], [22, 11]]
[[23, 3], [24, 4], [23, 5], [24, 6], [25, 5], [24, 6], [23, 7], [22, 8], [23, 9], [22, 10], [22, 11]]
[[23, 3], [24, 3], [24, 4], [23, 5], [24, 5], [25, 6], [25, 7], [24, 8], [23, 9], [23, 10], [22, 11]]
[[23, 3], [22, 4], [22, 5], [23, 6], [23, 7], [23, 8], [22, 9], [23, 8], [22, 9], [23, 10], [22, 11]]
[[23, 3], [22, 2], [21, 2], [21, 3], [20, 2], [19, 3], [19, 4], [18, 5], [17, 6], [18, 7], [19, 6], [18, 7], [19, 8], [20, 8], [21, 9], [22, 10], [21, 11], [22, 11]]
[[23, 3], [22, 4], [23, 5], [22, 5], [23, 6], [24, 6], [25, 7], [26, 6], [27, 6], [28, 6], [29, 7], [28, 8], [27, 8], [27, 7], [26, 8], [27, 9], [27, 8], [27, 7], [27, 8], [26, 9], [26, 10], [27, 11], [26, 10], [27, 11], [28, 12], [27, 13], [26, 12], [25, 13], [24, 14], [23, 13], [23, 12], [22, 11]]
[[23, 3], [22, 4], [22, 5], [22, 6], [22, 7], [23, 6], [23, 7], [23, 8], [22, 8], [21, 9], [20, 8], [21, 7], [22, 8], [22, 7], [23, 8], [22, 9], [23, 10], [23, 9], [24, 8], [23, 7], [24, 6], [25, 7], [26, 8], [27, 9], [28, 10], [29, 10], [28, 9], [27, 9], [27, 8], [27, 7], [27, 8], [26, 9], [26, 10], [27, 11], [26, 10], [27, 11], [28, 12], [27, 13], [26, 13], [25, 12], [26, 12], [25, 11], [25, 10], [24, 10], [23, 11], [22, 11]]
