[[7, 12], [7, 13], [8, 14], [7, 15]]
[[7, 12], [7, 13], [8, 14], [7, 15]]
[[7, 12], [7, 13], [6, 14], [7, 15]]
[[7, 12], [7, 13], [8, 14], [7, 15]]
[[7, 12], [7, 13], [8, 14], [7, 15]]
[[7, 12], [7, 13], [6, 14], [7, 15]]
[[7, 12], [8, 13], [8, 14], [7, 15]]
[[7, 12], [8, 13], [8, 14], [7, 15]]
[[7, 12], [7, 13], [6, 14], [7, 15]]
[[7, 12], [8, 11], [9, 11], [9, 12], [8, 13], [7, 13], [8, 14], [9, 14], [10, 14], [10, 15], [9, 15], [8, 15], [7, 15]]
[[7, 12], [6, 11], [5, 12], [6, 12], [5, 13], [5, 14], [4, 15], [4, 14], [3, 13], [3, 12], [2, 13], [1, 14], [1, 13], [2, 12], [1, 11], [0, 10], [0, 11], [1, 12], [0, 13], [0, 14], [0, 15], [1, 16], [0, 16], [1, 17], [0, 18], [1, 18], [0, 19], [1, 19], [2, 18], [3, 18], [3, 17], [3, 16], [2, 15], [1, 15], [2, 14], [3, 14], [3, 15], [4, 16], [5, 15], [6, 14], [6, 15], [7, 15]]
