[[1, 4], [2, 3], [3, 3], [4, 2], [5, 2], [6, 2], [7, 1], [8, 2], [9, 3], [10, 2], [11, 1], [12, 0], [13, 0], [14, 0], [15, 0], [16, 1], [17, 1], [18, 1], [19, 0], [20, 1], [21, 2], [22, 3], [23, 3], [24, 4], [25, 5], [26, 6], [27, 6], [28, 7], [29, 8]]
[[1, 4], [2, 3], [3, 3], [4, 4], [5, 4], [6, 3], [7, 3], [8, 4], [9, 4], [10, 3], [11, 3], [12, 2], [13, 2], [14, 2], [15, 3], [16, 3], [17, 3], [18, 2], [19, 2], [20, 3], [21, 3], [22, 3], [23, 3], [24, 4], [25, 5], [26, 6], [27, 7], [28, 8], [29, 8]]
[[1, 4], [2, 3], [3, 2], [4, 2], [5, 3], [6, 4], [7, 3], [8, 3], [9, 3], [10, 2], [11, 2], [12, 2], [13, 1], [14, 0], [15, 1], [16, 2], [17, 3], [18, 3], [19, 3], [20, 2], [21, 3], [22, 2], [23, 3], [24, 4], [25, 5], [26, 6], [27, 6], [28, 7], [29, 8]]
[[1, 4], [2, 4], [3, 5], [4, 4], [5, 5], [6, 4], [7, 3], [8, 4], [9, 4], [10, 4], [11, 3], [12, 3], [13, 3], [14, 4], [15, 3], [16, 2], [17, 3], [18, 3], [19, 3], [20, 3], [21, 3], [22, 4], [23, 4], [24, 4], [25, 5], [26, 6], [27, 7], [28, 7], [29, 8]]
[[1, 4], [2, 3], [3, 3], [4, 4], [5, 4], [6, 3], [7, 3], [8, 4], [9, 5], [10, 4], [11, 4], [12, 3], [13, 2], [14, 1], [15, 0], [16, 1], [17, 0], [18, 1], [19, 2], [20, 1], [21, 2], [22, 3], [23, 4], [24, 5], [25, 6], [26, 6], [27, 6], [28, 7], [29, 8]]
[[1, 4], [2, 3], [3, 2], [4, 2], [5, 3], [6, 4], [7, 3], [8, 4], [9, 4], [10, 3], [11, 2], [12, 2], [13, 2], [14, 1], [15, 2], [16, 2], [17, 2], [18, 2], [19, 2], [20, 2], [21, 3], [22, 4], [23, 4], [24, 5], [25, 5], [26, 6], [27, 7], [28, 8], [29, 8]]
[[1, 4], [2, 4], [3, 3], [4, 4], [5, 5], [6, 4], [7, 3], [8, 4], [9, 4], [10, 4], [11, 4], [12, 3], [13, 2], [14, 2], [15, 2], [16, 3], [17, 3], [18, 2], [19, 1], [20, 1], [21, 2], [22, 3], [23, 3], [24, 4], [25, 5], [26, 6], [27, 6], [28, 7], [29, 8]]
[[1, 4], [2, 4], [3, 3], [4, 2], [5, 3], [6, 2], [7, 1], [8, 2], [9, 1], [10, 2], [11, 1], [12, 0], [13, 1], [14, 1], [15, 1], [16, 2], [17, 1], [18, 2], [19, 1], [20, 1], [21, 2], [22, 3], [23, 4], [24, 5], [25, 5], [26, 6], [27, 7], [28, 8], [29, 8]]
[[1, 4], [2, 3], [3, 3], [4, 2], [5, 2], [6, 2], [7, 1], [8, 1], [9, 0], [10, 1], [11, 0], [12, 0], [13, 1], [14, 1], [15, 1], [16, 1], [17, 1], [18, 1], [19, 2], [20, 3], [21, 3], [22, 4], [23, 3], [24, 4], [25, 5], [26, 6], [27, 6], [28, 7], [29, 8]]
[[1, 4], [2, 4], [3, 3], [4, 4], [5, 3], [6, 2], [7, 3], [8, 2], [9, 3], [10, 2], [11, 2], [12, 2], [13, 1], [14, 0], [15, 0], [16, 1], [17, 1], [18, 2], [19, 2], [20, 3], [21, 2], [22, 2], [23, 3], [24, 4], [25, 5], [26, 6], [27, 7], [28, 7], [29, 8]]
[[1, 4], [2, 3], [3, 3], [4, 4], [5, 4], [6, 4], [7, 3], [8, 3], [9, 3], [10, 3], [11, 3], [12, 3], [13, 2], [14, 2], [15, 2], [16, 2], [17, 2], [18, 2], [19, 2], [20, 1], [21, 1], [22, 2], [23, 3], [24, 4], [25, 5], [26, 6], [27, 7], [28, 8], [29, 8]]
[[1, 4], [2, 3], [3, 3], [4, 2], [5, 3], [6, 3], [7, 3], [8, 2], [9, 1], [10, 2], [11, 1], [12, 2], [13, 2], [14, 1], [15, 2], [16, 3], [17, 3], [18, 3], [19, 3], [20, 2], [21, 2], [22, 2], [23, 3], [24, 4], [25, 5], [26, 6], [27, 7], [28, 8], [29, 8]]
[[1, 4], [2, 5], [3, 6], [4, 5], [5, 4], [6, 4], [7, 3], [8, 3], [9, 4], [10, 4], [11, 4], [12, 4], [13, 3], [14, 4], [15, 5], [16, 5], [17, 4], [18, 3], [19, 2], [20, 3], [21, 3], [22, 4], [23, 4], [24, 5], [25, 5], [26, 6], [27, 7], [28, 7], [29, 8]]
[[1, 4], [2, 3], [3, 2], [4, 2], [5, 3], [6, 2], [7, 3], [8, 4], [9, 4], [10, 4], [11, 3], [12, 2], [13, 1], [14, 2], [15, 2], [16, 2], [17, 2], [18, 3], [19, 4], [20, 5], [21, 6], [22, 7], [23, 6], [24, 6], [25, 5], [26, 6], [27, 6], [28, 7], [29, 8]]
[[1, 4], [2, 3], [3, 2], [4, 2], [5, 2], [6, 2], [7, 3], [8, 3], [9, 3], [10, 4], [11, 3], [12, 2], [13, 2], [14, 2], [15, 1], [16, 2], [17, 1], [18, 2], [19, 1], [20, 2], [21, 2], [22, 3], [23, 3], [24, 4], [25, 5], [26, 6], [27, 7], [28, 7], [29, 8]]
[[1, 4], [2, 3], [3, 3], [4, 2], [5, 2], [6, 2], [7, 1], [8, 2], [9, 3], [10, 2], [11, 1], [12, 0], [13, 0], [14, 0], [15, 0], [16, 1], [17, 1], [18, 1], [19, 0], [20, 1], [21, 2], [22, 3], [23, 3], [24, 4], [25, 5], [26, 6], [27, 6], [28, 7], [29, 8]]
[[1, 4], [2, 4], [3, 3], [4, 2], [5, 3], [6, 3], [7, 3], [8, 2], [9, 3], [10, 2], [11, 2], [12, 2], [13, 2], [14, 1], [15, 2], [16, 3], [17, 4], [18, 3], [19, 4], [20, 5], [21, 4], [21, 3], [22, 2], [23, 3], [24, 4], [25, 5], [26, 6], [27, 6], [28, 7], [29, 8]]
[[1, 4], [2, 4], [3, 3], [4, 4], [5, 3], [6, 2], [7, 1], [8, 0], [9, 0], [10, 1], [11, 1], [12, 2], [13, 1], [14, 2], [15, 3], [16, 2], [17, 1], [18, 2], [19, 3], [19, 2], [20, 2], [21, 3], [22, 4], [23, 4], [24, 4], [25, 5], [26, 6], [27, 7], [28, 7], [29, 8]]
[[1, 4], [2, 4], [3, 3], [4, 2], [5, 3], [6, 2], [7, 3], [8, 2], [9, 3], [10, 2], [11, 2], [12, 2], [13, 1], [14, 0], [15, 0], [16, 1], [17, 1], [18, 2], [19, 2], [20, 3], [21, 3], [21, 2], [22, 2], [23, 3], [24, 4], [25, 5], [26, 6], [27, 6], [28, 7], [29, 8]]
[[1, 4], [2, 4], [3, 3], [4, 2], [5, 3], [6, 3], [7, 3], [8, 2], [9, 3], [10, 2], [11, 2], [12, 2], [13, 2], [14, 1], [15, 2], [16, 3], [17, 4], [18, 3], [19, 4], [20, 5], [21, 4], [21, 3], [22, 2], [23, 3], [24, 4], [25, 5], [26, 6], [27, 7], [28, 8], [29, 8]]
