[[16, 16], [16, 15], [16, 14], [15, 13], [15, 12], [16, 11]]
[[16, 16], [17, 15], [16, 14], [15, 13], [16, 12], [16, 11]]
[[16, 16], [15, 15], [14, 14], [15, 13], [15, 12], [16, 11]]
[[16, 16], [16, 15], [16, 14], [15, 13], [15, 12], [16, 11]]
[[16, 16], [15, 15], [16, 14], [17, 13], [16, 12], [16, 11]]
[[16, 16], [16, 15], [15, 14], [16, 13], [15, 12], [16, 11]]
[[16, 16], [16, 15], [15, 14], [15, 13], [16, 12], [16, 11]]
[[16, 16], [16, 15], [15, 14], [15, 13], [15, 12], [16, 11]]
[[16, 16], [17, 15], [18, 14], [17, 13], [16, 12], [16, 11], [15, 11], [16, 11]]
[[16, 16], [15, 15], [16, 14], [17, 13], [16, 13], [15, 12], [15, 11], [16, 11]]
[[16, 16], [16, 17], [17, 16], [18, 17], [19, 16], [20, 16], [21, 17], [20, 18], [19, 19], [18, 19], [17, 18], [16, 19], [15, 19], [15, 18], [14, 19], [15, 19], [14, 18], [13, 17], [12, 18], [11, 19], [10, 18], [10, 17], [9, 17], [8, 17], [8, 16], [9, 17], [10, 17], [9, 17], [9, 16], [9, 15], [9, 14], [8, 13], [9, 12], [8, 12], [8, 11], [9, 11], [10, 12], [11, 13], [10, 13], [10, 12], [11, 13], [10, 14], [11, 15], [10, 15], [9, 14], [8, 13], [7, 14], [7, 15], [7, 14], [6, 14], [5, 13], [4, 13], [4, 14], [4, 15], [3, 15], [2, 16], [2, 17], [1, 16], [0, 16], [1, 15], [2, 16], [3, 15], [4, 14], [4, 13], [5, 12], [5, 11], [5, 10], [6, 9], [6, 8], [5, 7], [6, 8], [7, 8], [7, 9], [6, 10], [6, 11], [5, 12], [4, 12], [5, 11], [6, 12], [5, 12], [6, 11], [5, 10], [4, 9], [3, 8], [2, 7], [2, 6], [1, 6], [2, 7], [3, 7], [2, 6], [2, 5], [3, 4], [2, 4], [3, 4], [4, 5], [5, 5], [5, 4], [6, 4], [6, 3], [7, 4], [8, 3], [9, 4], [10, 4], [11, 3], [12, 4], [13, 3], [13, 2], [12, 2], [11, 1], [12, 1], [11, 2], [10, 2], [11, 2], [10, 3], [10, 2], [9, 3], [9, 2], [8, 2], [8, 1], [7, 2], [8, 3], [7, 3], [6, 2], [6, 3], [5, 2], [4, 3], [3, 2], [3, 1], [4, 1], [3, 2], [3, 1], [2, 2], [1, 3], [0, 3], [1, 4], [1, 5], [1, 6], [2, 6], [3, 7], [2, 8], [3, 9], [3, 8], [4, 7], [5, 7], [6, 7], [7, 7], [8, 6], [9, 5], [8, 5], [8, 6], [7, 7], [8, 7], [7, 8], [8, 8], [8, 7], [9, 8], [10, 7], [10, 6], [11, 7], [11, 8], [12, 8], [13, 7], [12, 8], [11, 9], [12, 10], [13, 10], [12, 11], [13, 11], [13, 12], [14, 12], [15, 13], [16, 12], [16, 11]]
