[[27, 17], [26, 17], [25, 16], [24, 17], [23, 17], [22, 17], [21, 16], [20, 17], [19, 18], [18, 17], [17, 18], [16, 18], [15, 17], [14, 16], [13, 15], [12, 14], [11, 14], [10, 14], [9, 13], [8, 14], [7, 13], [6, 13], [5, 13], [4, 13], [3, 12], [2, 11]]
[[27, 17], [26, 17], [25, 18], [24, 18], [23, 18], [22, 18], [21, 19], [20, 19], [19, 18], [18, 19], [17, 18], [16, 18], [15, 17], [14, 16], [13, 15], [12, 15], [11, 14], [10, 13], [9, 13], [8, 13], [7, 12], [6, 13], [5, 12], [4, 13], [3, 12], [2, 11]]
[[27, 17], [26, 17], [25, 16], [24, 17], [23, 17], [22, 17], [21, 16], [20, 17], [19, 18], [18, 17], [17, 18], [16, 18], [15, 17], [14, 16], [13, 15], [12, 14], [11, 14], [10, 14], [9, 13], [8, 14], [7, 13], [6, 13], [5, 13], [4, 13], [3, 12], [2, 11]]
[[27, 17], [26, 16], [25, 17], [24, 16], [23, 16], [22, 17], [21, 18], [20, 19], [19, 18], [18, 19], [17, 18], [16, 17], [15, 18], [14, 17], [13, 16], [12, 16], [11, 15], [10, 15], [9, 14], [8, 13], [7, 13], [6, 12], [5, 11], [4, 12], [3, 11], [2, 11]]
[[27, 17], [26, 17], [25, 18], [24, 17], [23, 17], [22, 17], [21, 17], [20, 17], [19, 17], [18, 17], [17, 16], [16, 15], [15, 16], [14, 15], [13, 16], [12, 16], [11, 15], [10, 14], [9, 13], [8, 13], [7, 14], [6, 13], [5, 14], [4, 13], [3, 12], [2, 11]]
[[27, 17], [26, 16], [25, 17], [24, 17], [23, 16], [22, 17], [21, 18], [20, 17], [19, 17], [18, 16], [17, 15], [16, 15], [15, 14], [14, 14], [13, 14], [12, 15], [11, 15], [10, 14], [9, 13], [8, 14], [7, 14], [6, 13], [5, 12], [4, 13], [3, 12], [2, 11]]
[[27, 17], [26, 16], [25, 16], [24, 17], [23, 18], [22, 18], [21, 19], [20, 18], [19, 19], [18, 19], [17, 18], [16, 17], [15, 16], [14, 16], [13, 17], [12, 16], [11, 16], [10, 15], [9, 14], [8, 14], [7, 13], [6, 13], [5, 12], [4, 12], [3, 12], [2, 11]]
[[27, 17], [26, 17], [25, 17], [24, 18], [23, 17], [22, 16], [21, 17], [20, 17], [19, 18], [18, 17], [17, 16], [16, 15], [15, 14], [14, 15], [13, 15], [12, 14], [11, 14], [10, 13], [9, 12], [8, 13], [7, 13], [6, 12], [5, 12], [4, 12], [3, 12], [2, 11]]
[[27, 17], [26, 16], [25, 17], [24, 18], [23, 19], [22, 19], [21, 19], [20, 18], [19, 18], [18, 17], [17, 16], [16, 15], [15, 16], [14, 16], [13, 15], [12, 14], [11, 14], [10, 13], [9, 12], [8, 13], [7, 13], [6, 12], [5, 12], [4, 11], [3, 11], [2, 11]]
[[27, 17], [26, 17], [25, 17], [24, 16], [23, 17], [22, 16], [21, 16], [20, 17], [19, 17], [18, 16], [17, 17], [16, 17], [15, 16], [14, 17], [13, 16], [12, 15], [11, 14], [10, 13], [9, 12], [8, 13], [7, 13], [6, 14], [5, 13], [4, 12], [3, 12], [2, 11]]
[[27, 17], [26, 18], [25, 17], [24, 18], [23, 17], [22, 17], [21, 18], [20, 18], [19, 17], [18, 18], [17, 18], [16, 18], [15, 18], [14, 17], [13, 16], [12, 17], [11, 17], [10, 17], [9, 16], [8, 15], [7, 14], [6, 13], [5, 12], [4, 13], [3, 12], [2, 11]]
[[27, 17], [26, 17], [25, 18], [24, 17], [23, 16], [22, 16], [21, 17], [20, 18], [19, 19], [18, 18], [17, 19], [16, 18], [15, 18], [14, 17], [13, 17], [12, 16], [11, 15], [10, 15], [9, 15], [8, 14], [7, 13], [6, 12], [5, 12], [4, 13], [3, 12], [2, 11]]
[[27, 17], [26, 18], [25, 17], [24, 18], [23, 17], [22, 18], [21, 18], [20, 18], [19, 19], [18, 18], [17, 17], [16, 17], [15, 16], [14, 15], [13, 15], [12, 16], [11, 15], [10, 14], [9, 14], [8, 13], [7, 12], [6, 12], [5, 12], [4, 11], [3, 12], [2, 11]]
[[27, 17], [26, 18], [25, 19], [24, 18], [23, 17], [23, 18], [22, 17], [21, 18], [20, 17], [19, 17], [18, 17], [17, 18], [16, 18], [15, 18], [14, 17], [13, 18], [12, 17], [11, 16], [10, 15], [9, 14], [8, 13], [7, 13], [6, 12], [5, 12], [4, 13], [3, 12], [2, 11]]
[[27, 17], [26, 17], [25, 18], [24, 18], [23, 17], [22, 18], [21, 18], [20, 17], [19, 17], [18, 18], [17, 17], [16, 17], [15, 16], [14, 16], [13, 17], [12, 16], [11, 16], [10, 15], [9, 14], [8, 14], [7, 13], [6, 12], [5, 11], [5, 10], [4, 11], [3, 10], [2, 11]]
[[27, 17], [26, 17], [25, 17], [24, 18], [23, 18], [22, 17], [21, 17], [20, 18], [19, 19], [18, 19], [17, 18], [16, 17], [15, 18], [14, 17], [13, 18], [12, 17], [11, 16], [10, 15], [9, 14], [8, 14], [7, 13], [6, 14], [5, 14], [4, 13], [3, 13], [3, 12], [2, 11]]
[[27, 17], [26, 17], [25, 18], [24, 19], [23, 19], [22, 19], [21, 18], [20, 19], [19, 18], [18, 17], [17, 18], [16, 18], [16, 17], [15, 16], [14, 16], [13, 15], [12, 14], [11, 14], [10, 15], [9, 14], [8, 14], [7, 13], [6, 12], [5, 11], [5, 12], [4, 11], [3, 10], [2, 11]]
[[27, 17], [26, 18], [25, 18], [24, 17], [23, 18], [22, 18], [21, 18], [20, 17], [19, 18], [18, 18], [17, 17], [16, 17], [17, 18], [18, 17], [17, 16], [17, 15], [16, 15], [15, 15], [14, 14], [13, 14], [12, 15], [11, 14], [10, 13], [9, 12], [8, 11], [7, 11], [6, 10], [5, 10], [5, 11], [4, 10], [3, 10], [2, 11]]
[[27, 17], [26, 18], [25, 18], [24, 19], [23, 19], [22, 19], [21, 18], [20, 17], [19, 17], [18, 18], [17, 19], [16, 18], [15, 17], [15, 18], [15, 17], [14, 16], [13, 15], [12, 15], [11, 14], [10, 15], [9, 16], [9, 15], [9, 14], [9, 13], [8, 12], [9, 11], [8, 12], [7, 13], [6, 12], [5, 11], [4, 11], [3, 11], [2, 11]]
[[27, 17], [26, 17], [25, 18], [24, 17], [23, 18], [22, 18], [21, 17], [20, 17], [19, 18], [18, 18], [17, 19], [18, 18], [17, 17], [16, 17], [17, 18], [16, 18], [16, 19], [16, 18], [16, 19], [15, 18], [14, 19], [14, 18], [13, 17], [12, 18], [11, 19], [10, 19], [9, 18], [9, 17], [9, 16], [8, 15], [7, 14], [7, 13], [6, 12], [5, 11], [4, 12], [3, 12], [2, 11]]
