[[19, 2], [20, 3], [20, 4], [21, 5], [22, 6]]
[[19, 2], [20, 3], [21, 4], [22, 5], [22, 6]]
[[19, 2], [20, 3], [21, 4], [22, 5], [22, 6]]
[[19, 2], [20, 3], [20, 4], [21, 5], [22, 6]]
[[19, 2], [20, 3], [20, 4], [21, 5], [22, 6]]
[[19, 2], [20, 3], [21, 4], [21, 5], [22, 6]]
[[19, 2], [20, 3], [21, 4], [22, 5], [22, 6]]
[[19, 2], [20, 3], [20, 4], [21, 5], [22, 6]]
[[19, 2], [20, 3], [20, 4], [21, 5], [22, 6]]
[[19, 2], [20, 3], [21, 4], [21, 5], [22, 6]]
[[19, 2], [20, 3], [21, 4], [22, 5], [22, 6]]
[[19, 2], [20, 3], [21, 4], [22, 5], [22, 6]]
[[19, 2], [20, 3], [21, 4], [22, 5], [22, 6]]
[[19, 2], [20, 3], [21, 4], [22, 5], [22, 6]]
[[19, 2], [20, 3], [21, 4], [21, 5], [22, 6]]
[[19, 2], [20, 3], [21, 4], [22, 5], [22, 6]]
[[19, 2], [20, 2], [21, 2], [22, 3], [23, 2], [22, 2], [23, 3], [22, 4], [21, 5], [22, 6]]
[[19, 2], [20, 1], [20, 0], [21, 1], [21, 2], [22, 2], [22, 3], [22, 4], [21, 5], [20, 4], [20, 5], [19, 6], [20, 6], [19, 7], [20, 7], [21, 7], [22, 6]]
