[[24, 5], [23, 4], [22, 4], [21, 3], [20, 2], [19, 1], [18, 1], [17, 0], [16, 1], [15, 1]]
[[24, 5], [23, 5], [22, 4], [21, 4], [20, 3], [19, 2], [18, 1], [17, 0], [16, 1], [15, 1]]
[[24, 5], [23, 4], [22, 4], [21, 3], [20, 2], [19, 1], [18, 0], [17, 0], [16, 0], [15, 1]]
[[24, 5], [23, 5], [22, 4], [21, 4], [20, 3], [19, 2], [18, 1], [17, 0], [16, 1], [15, 1]]
[[24, 5], [23, 5], [22, 4], [21, 3], [20, 3], [19, 2], [18, 1], [17, 0], [16, 1], [15, 1]]
[[24, 5], [23, 4], [22, 4], [21, 3], [20, 2], [19, 1], [18, 1], [17, 0], [16, 1], [15, 1]]
[[24, 5], [23, 4], [22, 4], [21, 3], [20, 3], [19, 2], [18, 1], [17, 0], [16, 0], [15, 1]]
[[24, 5], [23, 4], [22, 4], [21, 3], [20, 2], [19, 1], [18, 0], [17, 0], [16, 1], [15, 1]]
[[24, 5], [23, 5], [22, 4], [21, 3], [20, 2], [19, 2], [18, 1], [17, 0], [16, 0], [15, 1]]
[[24, 5], [23, 4], [22, 4], [21, 3], [20, 2], [19, 1], [18, 1], [17, 0], [16, 1], [15, 1]]
[[24, 5], [23, 4], [22, 4], [21, 3], [20, 3], [19, 2], [18, 1], [17, 0], [16, 1], [15, 1]]
[[24, 5], [23, 4], [22, 4], [21, 3], [20, 2], [19, 2], [18, 1], [17, 0], [16, 1], [15, 1]]
[[24, 5], [23, 4], [22, 4], [21, 3], [20, 3], [19, 2], [18, 1], [17, 0], [16, 1], [15, 1]]
[[24, 5], [23, 5], [22, 4], [21, 3], [20, 3], [19, 3], [18, 2], [18, 1], [17, 0], [16, 0], [15, 1]]
[[24, 5], [23, 4], [22, 4], [21, 3], [20, 4], [19, 4], [19, 3], [18, 2], [18, 1], [17, 0], [16, 1], [15, 1]]
[[24, 5], [23, 4], [22, 4], [21, 5], [20, 6], [20, 5], [19, 5], [18, 4], [17, 3], [16, 4], [16, 3], [15, 2], [15, 1]]
[[24, 5], [23, 4], [22, 4], [21, 4], [20, 3], [19, 2], [18, 1], [19, 1], [18, 1], [18, 0], [17, 0], [16, 0], [15, 1]]
[[24, 5], [23, 4], [22, 4], [21, 4], [20, 4], [20, 3], [21, 2], [21, 1], [20, 2], [19, 1], [18, 0], [17, 0], [16, 0], [15, 0], [15, 1]]
[[24, 5], [24, 4], [23, 5], [22, 4], [21, 4], [20, 3], [20, 2], [21, 2], [20, 2], [19, 2], [18, 1], [17, 0], [18, 1], [17, 0], [16, 0], [15, 0], [15, 1]]
[[24, 5], [23, 4], [22, 4], [21, 3], [20, 4], [20, 3], [19, 3], [19, 4], [18, 3], [17, 3], [18, 2], [18, 1], [19, 1], [19, 0], [18, 0], [17, 0], [16, 0], [15, 0], [15, 1]]
