[[9, 4], [10, 5], [11, 5], [12, 5], [13, 4], [14, 3], [15, 4], [16, 3]]
[[9, 4], [10, 5], [11, 5], [12, 4], [13, 4], [14, 3], [15, 2], [16, 3]]
[[9, 4], [10, 5], [11, 6], [12, 5], [13, 4], [14, 3], [15, 4], [16, 3]]
[[9, 4], [10, 5], [11, 5], [12, 4], [13, 4], [14, 5], [15, 4], [16, 3]]
[[9, 4], [10, 5], [11, 5], [12, 4], [13, 4], [14, 4], [15, 3], [16, 3]]
[[9, 4], [10, 5], [11, 5], [12, 4], [13, 4], [14, 3], [15, 4], [16, 3]]
[[9, 4], [10, 5], [11, 5], [12, 5], [13, 4], [14, 4], [15, 4], [16, 3]]
[[9, 4], [10, 5], [11, 5], [12, 5], [13, 4], [14, 3], [15, 4], [16, 3]]
[[9, 4], [10, 5], [11, 5], [12, 5], [13, 4], [14, 3], [15, 2], [16, 3]]
[[9, 4], [10, 5], [10, 6], [11, 5], [12, 4], [13, 4], [14, 3], [15, 2], [16, 3]]
[[9, 4], [10, 5], [10, 6], [11, 5], [12, 5], [13, 4], [14, 4], [15, 3], [16, 3]]
[[9, 4], [10, 5], [11, 5], [12, 5], [13, 4], [14, 3], [14, 4], [15, 4], [16, 3]]
[[9, 4], [10, 5], [10, 6], [11, 5], [12, 5], [13, 5], [14, 5], [14, 4], [15, 4], [16, 3]]
[[9, 4], [9, 5], [8, 5], [9, 6], [10, 6], [11, 6], [11, 5], [12, 5], [12, 4], [12, 3], [12, 4], [13, 4], [14, 4], [15, 3], [16, 3]]
[[9, 4], [9, 3], [8, 2], [9, 1], [9, 2], [10, 2], [11, 3], [12, 3], [13, 2], [12, 1], [12, 0], [13, 0], [14, 0], [14, 1], [15, 1], [15, 2], [16, 3]]
[[9, 4], [10, 5], [11, 5], [12, 4], [12, 3], [11, 2], [10, 1], [10, 0], [9, 0], [8, 1], [9, 2], [8, 3], [8, 2], [7, 2], [7, 3], [6, 2], [7, 1], [7, 0], [8, 0], [9, 1], [10, 2], [11, 1], [12, 0], [13, 0], [14, 0], [15, 0], [15, 1], [16, 0], [16, 1], [17, 2], [16, 2], [17, 2], [18, 2], [19, 2], [20, 3], [20, 2], [19, 3], [18, 4], [17, 5], [17, 4], [16, 3]]
[[9, 4], [9, 3], [9, 2], [8, 2], [7, 2], [7, 1], [7, 0], [8, 1], [9, 0], [9, 1], [10, 1], [11, 2], [11, 1], [12, 0], [13, 1], [14, 0], [15, 0], [14, 1], [14, 2], [15, 1], [16, 0], [17, 1], [17, 2], [17, 3], [18, 4], [18, 5], [17, 4], [16, 5], [15, 6], [14, 7], [14, 8], [15, 8], [15, 9], [16, 10], [17, 10], [18, 11], [17, 12], [16, 12], [17, 13], [17, 14], [16, 13], [15, 14], [14, 13], [14, 14], [15, 15], [14, 15], [14, 16], [15, 17], [14, 18], [13, 19], [14, 19], [15, 19], [16, 18], [16, 19], [17, 18], [18, 19], [18, 18], [18, 17], [18, 16], [17, 15], [17, 16], [17, 17], [16, 16], [15, 16], [16, 15], [16, 14], [15, 13], [15, 12], [15, 11], [14, 11], [14, 10], [13, 9], [13, 10], [14, 9], [15, 10], [16, 11], [17, 11], [18, 12], [19, 12], [20, 12], [20, 13], [19, 14], [20, 15], [20, 16], [21, 17], [22, 17], [21, 18], [21, 19], [20, 19], [19, 18], [20, 18], [19, 17], [19, 16], [18, 15], [19, 15], [18, 14], [19, 13], [20, 14], [21, 15], [22, 14], [23, 13], [24, 12], [24, 13], [25, 14], [26, 13], [26, 14], [25, 13], [25, 12], [24, 11], [24, 10], [25, 10], [26, 9], [26, 8], [27, 7], [28, 8], [27, 9], [27, 10], [28, 11], [27, 12], [28, 12], [27, 11], [26, 10], [25, 11], [26, 11], [26, 12], [27, 13], [27, 14], [28, 13], [28, 14], [29, 14], [28, 15], [29, 16], [29, 17], [28, 17], [28, 18], [27, 18], [26, 18], [26, 17], [27, 17], [28, 16], [27, 16], [26, 16], [27, 15], [26, 15], [25, 15], [24, 16], [23, 16], [24, 15], [23, 14], [22, 15], [21, 14], [21, 13], [22, 13], [22, 12], [23, 11], [23, 10], [22, 10], [22, 9], [21, 8], [20, 8], [20, 7], [19, 8], [18, 7], [19, 7], [19, 6], [20, 6], [21, 5], [20, 4], [21, 4], [21, 3], [20, 3], [21, 2], [20, 2], [19, 2], [19, 3], [18, 2], [18, 1], [18, 0], [19, 0], [20, 0], [21, 1], [22, 1], [23, 0], [24, 0], [24, 1], [23, 2], [22, 2], [23, 3], [24, 3], [25, 2], [26, 2], [25, 3], [25, 4], [25, 5], [26, 5], [27, 6], [28, 7], [27, 8], [28, 9], [29, 8], [29, 7], [29, 6], [29, 5], [29, 4], [28, 3], [27, 4], [28, 5], [27, 5], [26, 6], [25, 7], [25, 6], [24, 7], [25, 8], [25, 9], [24, 9], [23, 9], [22, 8], [21, 7], [21, 6], [20, 5], [19, 5], [18, 6], [17, 5], [17, 6], [17, 7], [16, 7], [16, 8], [15, 7], [16, 6], [15, 5], [14, 4], [15, 4], [14, 3], [15, 3], [15, 2], [16, 3]]
