[[12, 19], [13, 18], [14, 17], [14, 16], [14, 15], [15, 14], [16, 13], [17, 12], [18, 11], [19, 10]]
[[12, 19], [13, 18], [13, 17], [13, 16], [14, 15], [15, 14], [16, 13], [17, 12], [18, 11], [19, 10]]
[[12, 19], [13, 18], [13, 17], [14, 16], [14, 15], [15, 14], [16, 13], [17, 12], [18, 11], [19, 10]]
[[12, 19], [12, 18], [12, 17], [13, 16], [14, 15], [15, 14], [16, 13], [17, 12], [18, 11], [19, 10]]
[[12, 19], [13, 18], [14, 17], [14, 16], [14, 15], [15, 14], [16, 13], [17, 12], [18, 11], [19, 10]]
[[12, 19], [13, 18], [13, 17], [14, 16], [15, 15], [16, 14], [16, 13], [17, 12], [18, 11], [19, 10]]
[[12, 19], [12, 18], [13, 17], [14, 16], [15, 15], [15, 14], [16, 13], [17, 12], [18, 11], [19, 10]]
[[12, 19], [12, 18], [13, 17], [14, 16], [15, 15], [16, 14], [17, 13], [17, 12], [18, 11], [19, 10]]
[[12, 19], [13, 18], [14, 17], [14, 16], [15, 15], [16, 14], [17, 13], [18, 12], [18, 11], [19, 10]]
[[12, 19], [13, 18], [13, 17], [14, 16], [15, 15], [16, 14], [17, 13], [17, 12], [18, 11], [19, 10]]
[[12, 19], [13, 18], [13, 17], [14, 16], [15, 15], [16, 14], [16, 13], [17, 12], [18, 11], [19, 10]]
[[12, 19], [11, 18], [12, 17], [13, 16], [14, 15], [15, 14], [16, 13], [16, 12], [17, 11], [18, 11], [19, 10]]
[[12, 19], [12, 18], [12, 17], [13, 16], [14, 15], [14, 14], [15, 13], [16, 12], [17, 12], [18, 11], [19, 10]]
[[12, 19], [13, 18], [13, 17], [13, 16], [14, 15], [15, 14], [16, 13], [17, 12], [18, 12], [18, 11], [19, 10]]
[[12, 19], [13, 18], [14, 18], [14, 17], [13, 18], [13, 17], [13, 16], [14, 15], [15, 14], [16, 13], [17, 12], [17, 11], [18, 11], [19, 10]]
[[12, 19], [11, 18], [10, 18], [11, 17], [12, 18], [13, 18], [14, 17], [14, 16], [14, 15], [14, 14], [15, 13], [16, 12], [17, 13], [18, 12], [17, 12], [18, 11], [19, 10]]
[[12, 19], [13, 19], [12, 18], [12, 17], [12, 16], [11, 15], [12, 14], [12, 13], [13, 13], [13, 12], [13, 11], [13, 10], [14, 10], [14, 11], [15, 10], [14, 11], [15, 11], [16, 11], [17, 11], [18, 11], [19, 10], [19, 9], [18, 9], [19, 10]]
[[12, 19], [12, 18], [13, 18], [14, 18], [13, 19], [14, 19], [15, 19], [15, 18], [16, 17], [17, 17], [18, 16], [19, 17], [20, 17], [21, 18], [22, 18], [23, 17], [23, 18], [24, 19], [23, 19], [24, 18], [25, 17], [26, 17], [25, 17], [26, 16], [26, 15], [26, 14], [25, 13], [25, 12], [26, 11], [27, 10], [27, 11], [26, 11], [25, 10], [25, 9], [24, 8], [23, 7], [24, 6], [24, 7], [23, 8], [22, 7], [23, 8], [22, 8], [21, 8], [20, 9], [19, 8], [20, 7], [20, 8], [20, 7], [21, 6], [22, 6], [23, 6], [24, 5], [25, 4], [26, 5], [25, 4], [26, 3], [27, 2], [28, 1], [29, 1], [29, 2], [28, 1], [28, 2], [27, 3], [28, 3], [27, 3], [26, 4], [27, 3], [28, 4], [29, 5], [29, 4], [29, 5], [28, 6], [27, 7], [28, 7], [27, 7], [28, 7], [28, 8], [29, 8], [28, 8], [27, 8], [26, 7], [26, 6], [26, 7], [25, 6], [24, 7], [23, 8], [24, 9], [25, 10], [24, 10], [25, 11], [24, 10], [23, 10], [22, 10], [21, 11], [21, 12], [20, 12], [21, 13], [21, 12], [22, 13], [23, 12], [22, 13], [21, 12], [20, 11], [19, 10], [18, 9], [19, 10]]
