[[7, 19], [8, 18], [9, 17], [10, 16], [11, 15], [12, 15], [13, 14], [14, 13], [14, 12], [15, 11], [16, 10]]
[[7, 19], [8, 18], [9, 17], [10, 16], [11, 15], [12, 14], [13, 14], [14, 13], [14, 12], [15, 11], [16, 10]]
[[7, 19], [8, 18], [9, 17], [10, 16], [11, 15], [12, 14], [13, 14], [14, 13], [14, 12], [15, 11], [16, 10]]
[[7, 19], [8, 18], [9, 17], [10, 16], [11, 15], [12, 14], [13, 14], [14, 13], [14, 12], [15, 11], [16, 10]]
[[7, 19], [8, 18], [9, 17], [10, 16], [11, 16], [12, 15], [13, 14], [14, 13], [14, 12], [15, 11], [16, 10]]
[[7, 19], [8, 18], [9, 18], [10, 17], [11, 16], [12, 15], [13, 14], [14, 13], [14, 12], [15, 11], [16, 10]]
[[7, 19], [8, 18], [9, 17], [10, 16], [11, 15], [12, 15], [13, 14], [14, 13], [14, 12], [15, 11], [16, 10]]
[[7, 19], [8, 18], [9, 17], [10, 16], [11, 15], [12, 14], [13, 14], [14, 13], [14, 12], [15, 11], [16, 10]]
[[7, 19], [8, 18], [9, 17], [10, 16], [11, 16], [12, 15], [13, 14], [14, 13], [14, 12], [15, 11], [16, 10]]
[[7, 19], [8, 18], [9, 18], [10, 17], [11, 16], [12, 15], [13, 14], [14, 13], [14, 12], [15, 11], [16, 10]]
[[7, 19], [8, 18], [9, 17], [10, 16], [11, 16], [12, 15], [13, 14], [14, 13], [14, 12], [15, 11], [16, 10]]
[[7, 19], [8, 18], [9, 17], [10, 16], [11, 15], [12, 14], [13, 14], [14, 13], [14, 12], [15, 11], [16, 10]]
[[7, 19], [8, 18], [9, 17], [10, 16], [11, 15], [12, 14], [13, 14], [14, 13], [14, 12], [15, 11], [16, 10]]
[[7, 19], [8, 18], [9, 17], [10, 16], [11, 15], [12, 15], [13, 14], [14, 13], [14, 12], [15, 11], [16, 10]]
[[7, 19], [8, 18], [9, 17], [10, 16], [11, 16], [12, 16], [13, 15], [14, 14], [15, 13], [16, 12], [17, 11], [16, 10]]
[[7, 19], [7, 18], [8, 17], [9, 16], [10, 16], [11, 16], [12, 15], [13, 14], [14, 13], [14, 12], [15, 11], [16, 10]]
[[7, 19], [7, 18], [8, 17], [9, 16], [10, 16], [11, 16], [12, 15], [13, 15], [14, 14], [15, 13], [14, 12], [15, 11], [16, 10]]
[[7, 19], [8, 18], [8, 17], [8, 16], [9, 15], [10, 15], [11, 14], [12, 15], [13, 14], [14, 14], [15, 13], [16, 12], [15, 11], [16, 10]]
[[7, 19], [8, 18], [9, 17], [9, 16], [10, 16], [11, 16], [12, 16], [13, 15], [14, 14], [14, 13], [15, 13], [16, 12], [16, 11], [16, 10]]
[[7, 19], [6, 18], [6, 19], [7, 18], [8, 17], [9, 17], [9, 16], [10, 15], [11, 16], [12, 16], [13, 17], [14, 16], [15, 16], [15, 15], [14, 15], [15, 16], [15, 15], [16, 14], [15, 13], [14, 12], [13, 11], [14, 10], [14, 9], [15, 8], [15, 9], [16, 10]]
