[[0, 10], [1, 9], [2, 9], [3, 10], [4, 11], [5, 12], [6, 13], [7, 14], [8, 13]]
[[0, 10], [1, 9], [2, 10], [3, 11], [4, 12], [5, 12], [6, 13], [7, 13], [8, 13]]
[[0, 10], [1, 11], [2, 12], [3, 12], [4, 13], [5, 14], [6, 13], [7, 14], [8, 13]]
[[0, 10], [1, 9], [2, 10], [3, 11], [4, 11], [5, 11], [6, 11], [7, 12], [8, 13]]
[[0, 10], [1, 9], [2, 9], [3, 10], [4, 11], [5, 12], [6, 13], [7, 14], [8, 13]]
[[0, 10], [1, 11], [2, 11], [3, 12], [4, 13], [5, 13], [6, 13], [7, 13], [8, 13]]
[[0, 10], [1, 11], [2, 12], [3, 11], [4, 11], [5, 12], [6, 11], [7, 12], [8, 13]]
[[0, 10], [1, 11], [2, 12], [3, 12], [4, 12], [5, 13], [6, 14], [7, 14], [8, 13]]
[[0, 10], [1, 9], [2, 10], [3, 11], [4, 12], [5, 12], [6, 13], [7, 12], [8, 13]]
[[0, 10], [1, 11], [2, 10], [3, 11], [4, 11], [5, 11], [6, 12], [7, 13], [8, 13]]
[[0, 10], [1, 11], [2, 12], [3, 13], [4, 14], [5, 14], [6, 13], [7, 14], [8, 13]]
[[0, 10], [1, 9], [2, 9], [3, 10], [4, 11], [5, 12], [6, 13], [7, 12], [8, 13]]
[[0, 10], [1, 11], [2, 11], [3, 12], [4, 12], [5, 13], [6, 12], [7, 13], [8, 13]]
[[0, 10], [1, 9], [2, 9], [3, 10], [4, 11], [5, 12], [6, 12], [7, 13], [8, 13]]
[[0, 10], [1, 11], [2, 12], [3, 11], [4, 12], [5, 12], [6, 12], [7, 13], [8, 13]]
[[0, 10], [1, 11], [2, 12], [3, 13], [4, 13], [5, 13], [6, 13], [7, 14], [8, 13]]
[[0, 10], [1, 11], [2, 12], [3, 13], [4, 13], [5, 12], [6, 12], [6, 11], [7, 11], [8, 12], [8, 13]]
[[0, 10], [1, 11], [2, 11], [3, 12], [4, 11], [5, 12], [4, 12], [5, 13], [6, 12], [7, 12], [8, 13]]
[[0, 10], [0, 9], [1, 9], [2, 10], [3, 11], [3, 12], [2, 13], [3, 14], [3, 13], [2, 14], [3, 15], [2, 15], [3, 14], [4, 13], [4, 12], [5, 13], [6, 13], [7, 13], [7, 12], [8, 13]]
[[0, 10], [1, 9], [2, 10], [1, 11], [1, 12], [1, 11], [2, 12], [3, 12], [3, 13], [3, 14], [3, 13], [3, 14], [4, 14], [3, 13], [4, 12], [3, 12], [4, 12], [5, 11], [6, 10], [6, 11], [5, 10], [6, 9], [7, 8], [8, 7], [8, 6], [9, 6], [10, 5], [11, 4], [10, 4], [10, 3], [11, 4], [12, 5], [11, 6], [11, 7], [11, 8], [12, 7], [11, 8], [10, 8], [9, 8], [10, 8], [11, 8], [11, 9], [10, 10], [9, 11], [9, 12], [10, 11], [11, 11], [11, 12], [10, 13], [10, 14], [9, 13], [8, 14], [8, 15], [8, 16], [9, 15], [10, 15], [10, 16], [11, 16], [12, 15], [13, 16], [14, 17], [15, 17], [14, 16], [15, 15], [16, 15], [15, 16], [14, 15], [14, 14], [15, 14], [16, 14], [17, 15], [17, 16], [16, 16], [17, 17], [18, 18], [18, 19], [17, 18], [16, 19], [16, 18], [15, 19], [15, 18], [14, 19], [14, 18], [13, 17], [13, 18], [12, 17], [11, 17], [10, 18], [11, 18], [12, 19], [13, 19], [12, 18], [11, 19], [10, 19], [9, 18], [8, 17], [7, 18], [6, 18], [7, 17], [8, 18], [7, 19], [6, 19], [5, 18], [4, 19], [3, 19], [3, 18], [2, 19], [2, 18], [3, 17], [3, 16], [4, 16], [5, 15], [5, 16], [4, 15], [3, 15], [3, 14], [4, 14], [5, 14], [6, 13], [7, 13], [8, 13]]
