[[8, 16], [7, 16], [6, 15], [5, 14]]
[[8, 16], [7, 16], [6, 15], [5, 14]]
[[8, 16], [7, 16], [6, 15], [5, 14]]
[[8, 16], [7, 16], [6, 15], [5, 14]]
[[8, 16], [7, 16], [6, 15], [5, 14]]
[[8, 16], [7, 16], [6, 15], [5, 14]]
[[8, 16], [7, 16], [6, 15], [5, 14]]
[[8, 16], [7, 16], [6, 15], [5, 14]]
[[8, 16], [7, 16], [6, 15], [5, 14], [4, 14], [5, 14]]
[[8, 16], [7, 16], [6, 16], [5, 16], [4, 17], [3, 16], [3, 15], [2, 16], [3, 17], [4, 16], [4, 15], [5, 14]]
[[8, 16], [9, 15], [10, 16], [10, 15], [9, 14], [8, 14], [8, 13], [9, 12], [8, 11], [7, 12], [8, 13], [7, 14], [6, 14], [5, 13], [4, 14], [5, 14], [4, 15], [5, 14]]
[[8, 16], [8, 15], [7, 16], [8, 17], [9, 17], [10, 17], [10, 16], [10, 15], [11, 14], [11, 15], [12, 14], [11, 13], [10, 12], [10, 13], [10, 14], [9, 15], [9, 14], [9, 13], [9, 12], [8, 12], [8, 13], [8, 14], [7, 14], [6, 15], [5, 14]]
[[8, 16], [9, 16], [10, 15], [9, 14], [10, 13], [11, 13], [11, 12], [12, 11], [11, 12], [10, 11], [11, 12], [10, 12], [10, 11], [10, 10], [10, 9], [10, 8], [11, 7], [11, 6], [12, 6], [13, 5], [14, 5], [15, 5], [16, 5], [17, 4], [17, 3], [18, 2], [17, 2], [16, 1], [16, 0], [15, 0], [14, 1], [14, 0], [15, 1], [15, 2], [16, 3], [15, 3], [14, 2], [13, 3], [13, 2], [12, 2], [13, 2], [12, 1], [11, 0], [10, 1], [9, 0], [10, 1], [9, 2], [10, 2], [9, 1], [8, 0], [7, 1], [7, 2], [7, 1], [7, 2], [6, 3], [7, 2], [7, 3], [7, 4], [6, 4], [5, 5], [6, 6], [5, 7], [6, 8], [6, 9], [5, 9], [5, 10], [6, 11], [5, 12], [6, 11], [6, 10], [5, 10], [4, 11], [4, 10], [3, 10], [2, 11], [3, 12], [2, 11], [1, 11], [0, 11], [0, 12], [1, 13], [1, 12], [1, 13], [2, 14], [2, 15], [1, 16], [1, 17], [1, 16], [0, 17], [1, 18], [0, 17], [1, 18], [2, 18], [3, 19], [3, 18], [3, 17], [4, 17], [5, 17], [4, 17], [5, 16], [6, 15], [5, 14]]
