[[12, 1], [13, 0], [14, 1], [15, 2], [16, 3], [17, 4], [18, 5], [19, 6], [20, 6], [21, 7], [22, 7], [23, 8], [24, 9]]
[[12, 1], [13, 2], [14, 3], [15, 2], [16, 3], [17, 4], [18, 5], [19, 6], [20, 6], [21, 6], [22, 7], [23, 8], [24, 9]]
[[12, 1], [13, 1], [14, 2], [15, 3], [16, 4], [17, 5], [18, 5], [19, 6], [20, 7], [21, 7], [22, 7], [23, 8], [24, 9]]
[[12, 1], [13, 0], [14, 1], [15, 2], [16, 3], [17, 4], [18, 5], [19, 6], [20, 6], [21, 7], [22, 7], [23, 8], [24, 9]]
[[12, 1], [13, 0], [14, 1], [15, 2], [16, 3], [17, 4], [18, 5], [19, 6], [20, 6], [21, 6], [22, 7], [23, 8], [24, 9]]
[[12, 1], [13, 2], [14, 3], [15, 4], [16, 4], [17, 5], [18, 6], [19, 6], [20, 6], [21, 6], [22, 7], [23, 8], [24, 9]]
[[12, 1], [13, 2], [14, 3], [15, 3], [16, 4], [17, 5], [18, 5], [19, 6], [20, 7], [21, 7], [22, 7], [23, 8], [24, 9]]
[[12, 1], [13, 2], [14, 2], [15, 3], [16, 4], [17, 5], [18, 6], [19, 7], [20, 7], [21, 8], [22, 9], [23, 9], [24, 9]]
[[12, 1], [13, 2], [14, 3], [15, 4], [16, 4], [17, 4], [18, 5], [19, 6], [20, 7], [21, 8], [22, 7], [23, 8], [24, 9]]
[[12, 1], [13, 2], [14, 2], [15, 3], [16, 4], [17, 4], [18, 5], [19, 6], [20, 6], [21, 6], [22, 7], [23, 8], [24, 9]]
[[12, 1], [13, 2], [14, 3], [15, 4], [16, 4], [17, 5], [18, 6], [19, 6], [20, 6], [21, 7], [22, 7], [23, 8], [24, 9]]
[[12, 1], [13, 1], [14, 2], [15, 3], [16, 4], [17, 5], [18, 6], [19, 7], [20, 7], [21, 6], [22, 7], [23, 8], [24, 9]]
[[12, 1], [13, 2], [14, 3], [15, 4], [16, 3], [17, 4], [18, 5], [19, 6], [20, 6], [21, 6], [22, 7], [23, 8], [24, 9]]
[[12, 1], [13, 2], [14, 3], [15, 4], [16, 4], [17, 4], [18, 5], [19, 6], [20, 6], [21, 7], [22, 7], [23, 8], [24, 9]]
[[12, 1], [13, 2], [14, 3], [15, 3], [16, 4], [17, 5], [18, 6], [19, 7], [20, 7], [21, 7], [22, 7], [23, 8], [24, 9]]
[[12, 1], [13, 2], [14, 3], [15, 4], [16, 4], [17, 5], [18, 6], [19, 7], [20, 7], [21, 8], [22, 9], [23, 10], [24, 9]]
[[12, 1], [13, 2], [14, 3], [15, 3], [16, 4], [17, 5], [18, 5], [19, 6], [20, 7], [21, 6], [22, 7], [23, 8], [24, 9]]
[[12, 1], [13, 2], [14, 3], [15, 4], [16, 4], [17, 4], [18, 5], [18, 6], [19, 7], [20, 6], [21, 6], [22, 7], [23, 8], [24, 9]]
[[12, 1], [13, 2], [14, 3], [15, 4], [16, 4], [17, 4], [18, 5], [19, 6], [20, 6], [21, 5], [22, 6], [23, 6], [24, 7], [25, 8], [24, 9]]
[[12, 1], [13, 2], [14, 3], [15, 4], [16, 4], [17, 4], [18, 5], [19, 6], [19, 7], [20, 6], [21, 7], [22, 7], [23, 8], [23, 9], [24, 9]]
