[[8, 3], [9, 4], [10, 3], [11, 4], [12, 3], [13, 3], [14, 4], [15, 5], [16, 6], [17, 7], [18, 6], [19, 6], [20, 7], [21, 6], [22, 6]]
[[8, 3], [9, 4], [10, 3], [11, 3], [12, 3], [13, 4], [14, 4], [15, 4], [16, 4], [17, 5], [18, 6], [19, 5], [20, 5], [21, 6], [22, 6]]
[[8, 3], [9, 4], [10, 5], [11, 6], [12, 5], [13, 4], [14, 5], [15, 5], [16, 6], [17, 6], [18, 6], [19, 6], [20, 5], [21, 5], [22, 6]]
[[8, 3], [9, 4], [10, 3], [11, 2], [12, 3], [13, 4], [14, 4], [15, 5], [16, 6], [17, 7], [18, 6], [19, 7], [20, 6], [21, 6], [22, 6]]
[[8, 3], [9, 4], [10, 3], [11, 4], [12, 3], [13, 3], [14, 4], [15, 5], [16, 6], [17, 7], [18, 6], [19, 6], [20, 7], [21, 6], [22, 6]]
[[8, 3], [9, 4], [10, 3], [11, 4], [12, 5], [13, 6], [14, 5], [15, 5], [16, 5], [17, 5], [18, 5], [19, 6], [20, 5], [21, 6], [22, 6]]
[[8, 3], [9, 3], [10, 3], [11, 3], [12, 4], [13, 4], [14, 3], [15, 4], [16, 5], [17, 6], [18, 5], [19, 5], [20, 6], [21, 6], [22, 6]]
[[8, 3], [9, 4], [10, 5], [11, 6], [12, 7], [13, 6], [14, 5], [15, 5], [16, 4], [17, 5], [18, 5], [19, 6], [20, 6], [21, 5], [22, 6]]
[[8, 3], [9, 4], [10, 3], [11, 4], [12, 4], [13, 5], [14, 4], [15, 5], [16, 5], [17, 5], [18, 5], [19, 5], [20, 5], [21, 6], [22, 6]]
[[8, 3], [9, 4], [10, 5], [11, 4], [12, 4], [13, 5], [14, 5], [15, 5], [16, 4], [17, 3], [18, 4], [19, 5], [20, 5], [21, 6], [22, 6]]
[[8, 3], [9, 4], [10, 3], [11, 4], [12, 5], [13, 5], [14, 5], [15, 5], [16, 5], [17, 6], [18, 5], [19, 6], [20, 6], [21, 6], [22, 6]]
[[8, 3], [9, 4], [10, 3], [11, 3], [12, 3], [13, 2], [14, 3], [15, 4], [16, 4], [17, 3], [18, 4], [19, 5], [20, 6], [21, 5], [22, 6]]
[[8, 3], [9, 4], [10, 3], [11, 3], [12, 4], [13, 5], [14, 5], [15, 6], [16, 6], [17, 5], [18, 5], [19, 6], [20, 5], [21, 6], [22, 6]]
[[8, 3], [9, 4], [10, 5], [11, 5], [12, 4], [13, 4], [14, 5], [15, 6], [16, 7], [17, 7], [18, 6], [19, 5], [20, 6], [21, 5], [22, 6]]
[[8, 3], [9, 3], [10, 3], [11, 4], [12, 5], [13, 4], [14, 5], [15, 5], [16, 5], [17, 5], [18, 5], [19, 6], [20, 6], [21, 6], [22, 6]]
[[8, 3], [9, 3], [10, 2], [11, 3], [11, 4], [12, 3], [13, 3], [14, 4], [15, 5], [16, 5], [17, 6], [18, 5], [19, 4], [19, 5], [20, 6], [21, 5], [22, 6]]
[[8, 3], [9, 3], [10, 3], [11, 4], [11, 3], [12, 3], [13, 4], [14, 4], [15, 5], [16, 6], [17, 6], [18, 5], [19, 6], [20, 7], [19, 7], [19, 6], [20, 7], [21, 6], [22, 6]]
[[8, 3], [9, 4], [9, 3], [10, 2], [10, 3], [11, 4], [12, 4], [13, 4], [13, 5], [13, 6], [14, 7], [15, 7], [15, 6], [16, 6], [17, 6], [17, 5], [18, 6], [18, 5], [19, 5], [20, 6], [21, 6], [22, 6]]
[[8, 3], [9, 3], [8, 3], [8, 2], [9, 3], [10, 3], [11, 4], [11, 3], [12, 2], [13, 1], [14, 2], [14, 3], [15, 4], [16, 5], [17, 6], [18, 5], [19, 5], [19, 6], [20, 6], [21, 6], [20, 5], [21, 6], [22, 6]]
[[8, 3], [9, 4], [10, 5], [11, 5], [12, 4], [12, 5], [13, 5], [14, 6], [14, 5], [13, 6], [12, 5], [11, 6], [11, 7], [12, 7], [13, 6], [14, 5], [14, 6], [15, 6], [15, 7], [16, 8], [16, 7], [15, 8], [16, 9], [16, 8], [17, 7], [18, 8], [19, 7], [20, 7], [20, 6], [19, 7], [20, 8], [21, 8], [22, 9], [22, 10], [22, 9], [23, 10], [24, 9], [24, 10], [23, 10], [22, 11], [23, 10], [22, 9], [23, 8], [24, 7], [24, 6], [25, 7], [24, 8], [23, 7], [23, 8], [23, 7], [22, 6]]
