[[28, 2], [29, 3], [28, 4], [27, 5], [28, 6], [28, 7], [28, 8], [28, 9], [27, 10], [26, 11], [25, 12], [25, 13], [24, 14], [24, 15]]
[[28, 2], [28, 3], [29, 4], [29, 5], [29, 6], [28, 7], [29, 8], [28, 9], [27, 10], [26, 11], [25, 12], [25, 13], [24, 14], [24, 15]]
[[28, 2], [28, 3], [29, 4], [28, 5], [28, 6], [29, 7], [28, 8], [27, 9], [26, 10], [26, 11], [25, 12], [24, 13], [25, 14], [24, 15]]
[[28, 2], [28, 3], [29, 4], [29, 5], [28, 6], [28, 7], [28, 8], [27, 9], [27, 10], [26, 11], [25, 12], [24, 13], [23, 14], [24, 15]]
[[28, 2], [29, 3], [28, 4], [27, 5], [28, 6], [28, 7], [28, 8], [28, 9], [27, 10], [26, 11], [25, 12], [25, 13], [24, 14], [24, 15]]
[[28, 2], [27, 3], [28, 4], [28, 5], [28, 6], [28, 7], [28, 8], [28, 9], [27, 10], [27, 11], [27, 12], [26, 13], [25, 14], [24, 15]]
[[28, 2], [28, 3], [29, 4], [28, 5], [28, 6], [28, 7], [28, 8], [27, 9], [26, 10], [26, 11], [26, 12], [25, 13], [24, 14], [24, 15]]
[[28, 2], [29, 3], [28, 4], [29, 5], [28, 6], [29, 7], [28, 8], [27, 9], [26, 10], [25, 11], [25, 12], [24, 13], [25, 14], [24, 15]]
[[28, 2], [27, 3], [28, 4], [28, 5], [28, 6], [27, 7], [26, 8], [26, 9], [27, 10], [28, 11], [27, 12], [26, 13], [25, 14], [24, 15]]
[[28, 2], [29, 3], [28, 4], [29, 5], [28, 6], [29, 7], [28, 8], [29, 9], [29, 10], [28, 11], [27, 12], [26, 13], [25, 14], [24, 15]]
[[28, 2], [29, 3], [29, 4], [29, 5], [28, 6], [28, 7], [29, 8], [28, 9], [27, 10], [26, 10], [27, 11], [27, 12], [26, 13], [25, 13], [24, 14], [24, 15]]
[[28, 2], [28, 3], [29, 4], [28, 3], [29, 4], [28, 5], [29, 6], [29, 7], [28, 8], [29, 9], [28, 9], [27, 9], [26, 10], [27, 11], [26, 12], [26, 13], [25, 14], [24, 15]]
[[28, 2], [27, 3], [27, 2], [27, 3], [28, 4], [29, 5], [28, 6], [29, 7], [28, 7], [28, 8], [29, 8], [28, 9], [27, 10], [26, 9], [25, 8], [24, 9], [24, 10], [23, 11], [24, 11], [24, 12], [24, 13], [24, 14], [24, 15]]
[[28, 2], [29, 2], [28, 3], [29, 3], [29, 4], [28, 4], [28, 5], [28, 6], [28, 7], [28, 8], [28, 9], [27, 10], [28, 10], [27, 10], [26, 11], [27, 11], [28, 12], [27, 13], [28, 14], [29, 15], [29, 14], [28, 14], [27, 14], [26, 15], [25, 15], [24, 15]]
[[28, 2], [27, 3], [28, 3], [28, 4], [29, 5], [28, 5], [28, 6], [27, 7], [26, 8], [25, 8], [26, 8], [25, 8], [24, 8], [24, 9], [23, 10], [24, 11], [24, 12], [23, 13], [24, 13], [25, 14], [26, 13], [25, 14], [24, 15], [25, 14], [25, 15], [24, 15]]
[[28, 2], [27, 3], [28, 4], [28, 5], [29, 6], [28, 6], [29, 6], [28, 7], [28, 8], [28, 9], [27, 10], [27, 9], [28, 8], [29, 9], [28, 10], [28, 11], [28, 12], [27, 12], [28, 13], [28, 12], [29, 13], [28, 12], [28, 13], [27, 14], [26, 13], [26, 12], [27, 13], [28, 14], [28, 15], [27, 16], [27, 15], [26, 16], [25, 17], [24, 16], [24, 15]]
[[28, 2], [28, 1], [29, 1], [28, 0], [27, 1], [26, 2], [26, 3], [26, 4], [27, 5], [26, 6], [27, 7], [28, 7], [29, 8], [29, 9], [28, 10], [27, 9], [26, 8], [26, 9], [26, 10], [26, 11], [26, 12], [27, 13], [28, 14], [28, 15], [28, 14], [28, 15], [29, 14], [28, 13], [27, 13], [27, 14], [28, 15], [27, 16], [26, 16], [25, 16], [26, 16], [25, 15], [24, 15]]
[[28, 2], [27, 3], [27, 2], [26, 3], [25, 3], [24, 3], [24, 2], [25, 2], [26, 2], [25, 1], [26, 0], [26, 1], [27, 1], [28, 1], [29, 1], [29, 2], [29, 3], [28, 4], [27, 5], [26, 4], [26, 5], [25, 5], [24, 4], [23, 5], [23, 4], [23, 3], [23, 2], [22, 1], [21, 0], [20, 1], [19, 2], [20, 2], [19, 3], [20, 4], [20, 3], [21, 2], [21, 3], [21, 4], [22, 3], [22, 4], [22, 5], [21, 5], [21, 6], [20, 7], [19, 6], [18, 7], [19, 7], [19, 8], [18, 8], [19, 9], [20, 10], [19, 10], [18, 9], [17, 8], [16, 8], [16, 7], [17, 6], [16, 6], [17, 7], [18, 6], [17, 5], [17, 4], [16, 5], [16, 4], [16, 3], [17, 2], [17, 3], [16, 2], [17, 1], [17, 0], [16, 1], [15, 2], [15, 1], [14, 1], [14, 0], [13, 1], [12, 1], [12, 2], [13, 3], [14, 4], [13, 4], [12, 3], [12, 4], [12, 5], [11, 5], [10, 4], [10, 5], [9, 4], [8, 3], [7, 3], [6, 2], [7, 1], [6, 0], [6, 1], [7, 2], [8, 2], [9, 2], [10, 3], [9, 3], [8, 4], [7, 4], [6, 5], [5, 5], [6, 4], [6, 3], [5, 4], [4, 4], [3, 5], [2, 6], [2, 5], [1, 4], [0, 3], [0, 2], [1, 2], [0, 1], [1, 1], [0, 0], [1, 0], [2, 1], [2, 0], [3, 1], [3, 2], [2, 2], [2, 3], [2, 4], [1, 5], [0, 6], [0, 7], [1, 8], [0, 9], [0, 10], [1, 11], [0, 11], [0, 12], [1, 12], [2, 12], [2, 13], [1, 13], [0, 13], [0, 14], [1, 14], [0, 15], [0, 16], [1, 16], [1, 15], [2, 16], [2, 15], [3, 16], [4, 15], [3, 15], [3, 14], [3, 13], [4, 12], [4, 13], [5, 13], [6, 14], [7, 14], [7, 13], [6, 13], [5, 14], [6, 15], [6, 16], [5, 16], [4, 17], [3, 18], [4, 18], [5, 17], [6, 17], [5, 18], [6, 19], [7, 18], [7, 17], [8, 18], [9, 17], [10, 18], [11, 17], [12, 18], [12, 17], [12, 16], [13, 17], [14, 17], [13, 18], [14, 18], [15, 17], [16, 18], [15, 18], [16, 17], [17, 16], [17, 17], [18, 16], [18, 17], [19, 18], [19, 17], [19, 16], [19, 15], [20, 15], [21, 15], [21, 14], [21, 13], [22, 13], [23, 14], [23, 15], [23, 16], [24, 16], [25, 16], [24, 15]]
