[[25, 3], [24, 3], [23, 2], [22, 3], [21, 4], [20, 5], [19, 4], [18, 4], [17, 3], [16, 2], [15, 2], [14, 2], [13, 3], [12, 4], [11, 3], [10, 4], [9, 5], [8, 6], [7, 5], [6, 6], [5, 7], [4, 8], [3, 9], [2, 10], [1, 11], [0, 12]]
[[25, 3], [24, 3], [23, 3], [22, 3], [21, 4], [20, 4], [19, 5], [18, 5], [17, 5], [16, 5], [15, 5], [14, 5], [13, 6], [12, 6], [11, 6], [10, 7], [9, 8], [8, 8], [7, 8], [6, 9], [5, 10], [4, 10], [3, 10], [2, 11], [1, 11], [0, 12]]
[[25, 3], [24, 3], [23, 4], [22, 5], [21, 5], [20, 4], [19, 4], [18, 5], [17, 4], [16, 4], [15, 3], [14, 2], [13, 3], [12, 4], [11, 5], [10, 5], [9, 6], [8, 6], [7, 6], [6, 7], [5, 8], [4, 8], [3, 9], [2, 10], [1, 11], [0, 12]]
[[25, 3], [24, 3], [23, 2], [22, 3], [21, 4], [20, 5], [19, 4], [18, 4], [17, 3], [16, 2], [15, 2], [14, 2], [13, 3], [12, 4], [11, 3], [10, 4], [9, 5], [8, 6], [7, 5], [6, 6], [5, 7], [4, 8], [3, 9], [2, 10], [1, 11], [0, 12]]
[[25, 3], [24, 3], [23, 2], [22, 2], [21, 3], [20, 4], [19, 3], [18, 3], [17, 3], [16, 4], [15, 5], [14, 5], [13, 6], [12, 5], [11, 5], [10, 4], [9, 5], [8, 5], [7, 6], [6, 7], [5, 8], [4, 9], [3, 10], [2, 11], [1, 11], [0, 12]]
[[25, 3], [24, 4], [23, 3], [22, 2], [21, 2], [20, 2], [19, 3], [18, 3], [17, 3], [16, 2], [15, 1], [14, 2], [13, 2], [12, 2], [11, 3], [10, 4], [9, 4], [8, 5], [7, 5], [6, 6], [5, 7], [4, 8], [3, 9], [2, 10], [1, 11], [0, 12]]
[[25, 3], [24, 4], [23, 3], [22, 3], [21, 3], [20, 4], [19, 3], [18, 3], [17, 2], [16, 1], [15, 2], [14, 1], [13, 1], [12, 1], [11, 2], [10, 2], [9, 3], [8, 4], [7, 5], [6, 6], [5, 7], [4, 8], [3, 9], [2, 10], [1, 11], [0, 12]]
[[25, 3], [24, 4], [23, 3], [22, 2], [21, 3], [20, 2], [19, 3], [18, 3], [17, 3], [16, 2], [15, 2], [14, 2], [13, 2], [12, 2], [11, 2], [10, 2], [9, 3], [8, 4], [7, 5], [6, 6], [5, 7], [4, 8], [3, 9], [2, 10], [1, 11], [0, 12]]
[[25, 3], [24, 3], [23, 2], [22, 3], [21, 3], [20, 4], [19, 4], [18, 3], [17, 3], [16, 3], [15, 4], [14, 3], [13, 3], [12, 4], [11, 5], [10, 4], [9, 3], [8, 4], [7, 5], [6, 6], [5, 7], [4, 8], [3, 9], [2, 10], [1, 11], [0, 12]]
[[25, 3], [24, 4], [23, 4], [22, 3], [21, 4], [20, 5], [19, 4], [18, 3], [17, 2], [16, 2], [15, 3], [14, 4], [13, 4], [12, 4], [11, 3], [10, 4], [9, 3], [8, 4], [7, 5], [6, 6], [5, 7], [4, 8], [3, 9], [2, 10], [1, 11], [0, 12]]
[[25, 3], [24, 2], [23, 3], [22, 2], [21, 3], [20, 4], [19, 3], [18, 3], [17, 4], [16, 3], [15, 2], [14, 2], [13, 3], [12, 4], [11, 5], [10, 4], [9, 5], [8, 4], [7, 5], [6, 6], [5, 7], [4, 8], [3, 9], [2, 10], [1, 11], [0, 12]]
[[25, 3], [24, 2], [23, 2], [22, 3], [21, 2], [20, 2], [19, 3], [18, 4], [17, 3], [16, 4], [15, 3], [14, 3], [13, 4], [12, 4], [11, 4], [10, 4], [9, 5], [8, 6], [7, 7], [6, 7], [5, 8], [4, 8], [3, 9], [2, 10], [1, 11], [0, 12]]
[[25, 3], [24, 3], [23, 3], [22, 3], [21, 4], [20, 4], [19, 3], [18, 3], [17, 4], [16, 3], [15, 4], [14, 3], [13, 2], [12, 2], [11, 3], [10, 4], [9, 4], [8, 5], [7, 6], [6, 7], [5, 8], [4, 9], [3, 9], [2, 10], [1, 11], [0, 12]]
[[25, 3], [24, 4], [23, 3], [22, 2], [21, 1], [20, 0], [19, 1], [18, 1], [17, 0], [16, 1], [15, 1], [14, 2], [13, 2], [12, 2], [11, 1], [10, 2], [9, 3], [8, 4], [7, 5], [7, 6], [6, 6], [5, 7], [4, 8], [3, 9], [2, 10], [1, 11], [0, 12]]
[[25, 3], [24, 2], [23, 2], [22, 2], [21, 3], [20, 4], [19, 4], [18, 3], [17, 4], [16, 4], [15, 3], [14, 4], [13, 3], [12, 4], [11, 4], [10, 5], [9, 5], [8, 4], [7, 5], [6, 5], [5, 6], [4, 7], [4, 8], [3, 9], [2, 10], [1, 11], [0, 12]]
[[25, 3], [24, 4], [23, 4], [22, 3], [21, 4], [20, 4], [19, 3], [18, 3], [17, 2], [16, 1], [15, 2], [14, 1], [13, 1], [12, 1], [11, 2], [11, 1], [10, 2], [9, 3], [8, 4], [7, 5], [6, 6], [5, 7], [4, 8], [3, 9], [2, 10], [1, 11], [0, 12]]
[[25, 3], [24, 3], [23, 2], [22, 3], [21, 4], [20, 4], [19, 4], [18, 4], [17, 3], [16, 3], [15, 3], [14, 3], [13, 3], [12, 2], [11, 3], [10, 4], [9, 3], [8, 4], [7, 5], [6, 5], [6, 6], [5, 7], [4, 8], [3, 9], [3, 10], [2, 11], [1, 12], [0, 12]]
[[25, 3], [24, 4], [23, 4], [22, 3], [21, 3], [20, 4], [19, 3], [18, 3], [17, 2], [17, 1], [16, 2], [15, 3], [14, 2], [13, 1], [12, 2], [11, 2], [10, 3], [9, 4], [8, 5], [7, 5], [6, 6], [5, 7], [4, 7], [4, 8], [3, 9], [2, 10], [1, 11], [0, 12]]
[[25, 3], [24, 2], [23, 3], [22, 3], [21, 2], [20, 2], [19, 1], [18, 0], [17, 1], [16, 1], [15, 2], [14, 3], [14, 2], [13, 2], [12, 1], [11, 2], [10, 3], [9, 4], [8, 4], [8, 5], [7, 6], [6, 6], [5, 7], [4, 8], [3, 9], [2, 10], [1, 11], [0, 12]]
[[25, 3], [24, 2], [23, 1], [22, 1], [21, 2], [20, 2], [19, 3], [18, 3], [17, 2], [16, 2], [15, 3], [14, 2], [13, 1], [12, 2], [11, 2], [10, 3], [9, 4], [8, 5], [7, 6], [6, 7], [6, 8], [5, 8], [4, 9], [3, 9], [2, 10], [2, 11], [1, 11], [0, 12]]
