[[5, 15], [6, 16], [7, 17], [8, 18], [9, 19], [10, 19], [11, 19], [12, 18], [13, 17], [14, 17], [15, 18]]
[[5, 15], [6, 16], [7, 17], [8, 18], [9, 17], [10, 17], [11, 16], [12, 16], [13, 16], [14, 17], [15, 18]]
[[5, 15], [6, 15], [7, 16], [8, 15], [9, 16], [10, 16], [11, 16], [12, 17], [13, 17], [14, 18], [15, 18]]
[[5, 15], [6, 16], [7, 17], [8, 16], [9, 17], [10, 16], [11, 16], [12, 17], [13, 18], [14, 17], [15, 18]]
[[5, 15], [6, 16], [7, 17], [8, 18], [9, 19], [10, 19], [11, 19], [12, 18], [13, 17], [14, 17], [15, 18]]
[[5, 15], [6, 16], [7, 17], [8, 17], [9, 18], [10, 19], [11, 19], [12, 18], [13, 17], [14, 17], [15, 18]]
[[5, 15], [6, 15], [7, 16], [8, 16], [9, 17], [10, 16], [11, 16], [12, 17], [13, 17], [14, 18], [15, 18]]
[[5, 15], [6, 16], [7, 15], [8, 16], [9, 16], [10, 16], [11, 16], [12, 17], [13, 18], [14, 17], [15, 18]]
[[5, 15], [6, 16], [7, 17], [8, 17], [9, 18], [10, 19], [11, 19], [12, 18], [13, 18], [14, 18], [15, 18]]
[[5, 15], [6, 15], [7, 16], [8, 17], [9, 18], [10, 18], [11, 19], [12, 18], [13, 19], [14, 18], [15, 18]]
[[5, 15], [6, 16], [7, 16], [8, 17], [9, 18], [10, 18], [11, 19], [12, 19], [13, 19], [14, 18], [15, 18]]
[[5, 15], [6, 16], [7, 16], [8, 16], [9, 17], [10, 18], [11, 19], [12, 19], [13, 18], [14, 18], [15, 18]]
[[5, 15], [6, 16], [7, 17], [8, 17], [9, 18], [10, 19], [11, 19], [12, 18], [13, 17], [14, 18], [15, 18]]
[[5, 15], [6, 16], [7, 17], [8, 17], [9, 18], [10, 19], [11, 19], [12, 19], [13, 18], [14, 18], [15, 18]]
[[5, 15], [6, 16], [7, 16], [8, 16], [9, 17], [10, 18], [11, 19], [12, 18], [13, 17], [14, 18], [15, 18]]
[[5, 15], [6, 16], [7, 15], [8, 16], [9, 16], [10, 17], [10, 16], [11, 16], [12, 17], [13, 17], [14, 18], [15, 18]]
[[5, 15], [6, 15], [7, 16], [8, 17], [9, 17], [10, 17], [10, 16], [11, 16], [12, 17], [13, 17], [13, 18], [14, 17], [15, 18]]
[[5, 15], [6, 16], [7, 16], [8, 15], [9, 16], [10, 17], [11, 16], [10, 16], [10, 17], [11, 16], [12, 17], [11, 16], [10, 15], [11, 14], [12, 15], [13, 16], [13, 17], [14, 17], [15, 18]]
[[5, 15], [4, 15], [4, 16], [5, 16], [6, 17], [6, 18], [7, 19], [8, 18], [8, 19], [9, 19], [9, 18], [10, 17], [11, 16], [12, 17], [12, 16], [13, 17], [14, 16], [13, 16], [14, 17], [15, 17], [15, 18]]
[[5, 15], [6, 14], [5, 13], [6, 12], [7, 13], [8, 14], [9, 15], [9, 14], [8, 15], [7, 14], [6, 15], [7, 15], [6, 14], [6, 13], [5, 12], [4, 13], [4, 12], [3, 11], [2, 12], [1, 12], [0, 12], [1, 11], [1, 10], [2, 9], [3, 9], [3, 10], [2, 10], [2, 11], [3, 12], [2, 13], [1, 14], [2, 15], [2, 14], [3, 13], [3, 14], [4, 15], [3, 16], [3, 17], [4, 17], [5, 17], [6, 17], [7, 16], [8, 16], [9, 16], [10, 16], [11, 16], [10, 17], [10, 18], [10, 19], [11, 19], [12, 18], [13, 18], [12, 19], [13, 19], [14, 18], [15, 17], [14, 17], [14, 16], [14, 15], [13, 16], [13, 15], [14, 14], [15, 14], [15, 13], [16, 14], [16, 15], [17, 15], [18, 15], [17, 14], [16, 13], [17, 12], [18, 13], [19, 12], [19, 13], [20, 12], [20, 13], [20, 14], [19, 15], [18, 16], [19, 16], [18, 17], [17, 16], [16, 17], [15, 18]]
