[[22, 10], [21, 9], [20, 9], [19, 10], [18, 9], [17, 9], [16, 8], [15, 7], [14, 7], [13, 6], [12, 5], [11, 4]]
[[22, 10], [21, 10], [20, 10], [19, 11], [18, 10], [17, 10], [16, 9], [15, 8], [14, 7], [13, 6], [12, 5], [11, 4]]
[[22, 10], [21, 10], [20, 10], [19, 11], [18, 10], [17, 9], [16, 8], [15, 7], [14, 6], [13, 5], [12, 4], [11, 4]]
[[22, 10], [21, 11], [20, 10], [19, 9], [18, 10], [17, 9], [16, 8], [15, 8], [14, 7], [13, 6], [12, 5], [11, 4]]
[[22, 10], [21, 10], [20, 10], [19, 9], [18, 10], [17, 9], [16, 8], [15, 8], [14, 7], [13, 6], [12, 5], [11, 4]]
[[22, 10], [21, 11], [20, 11], [19, 10], [18, 9], [17, 8], [16, 9], [15, 8], [14, 7], [13, 6], [12, 5], [11, 4]]
[[22, 10], [21, 10], [20, 9], [19, 9], [18, 8], [17, 8], [16, 7], [15, 7], [14, 6], [13, 6], [12, 5], [11, 4]]
[[22, 10], [21, 9], [20, 9], [19, 10], [18, 9], [17, 9], [16, 8], [15, 7], [14, 7], [13, 6], [12, 5], [11, 4]]
[[22, 10], [21, 10], [20, 10], [19, 11], [18, 10], [17, 9], [16, 8], [15, 8], [14, 7], [13, 6], [12, 5], [11, 4]]
[[22, 10], [21, 11], [20, 11], [19, 12], [18, 11], [17, 10], [16, 9], [15, 8], [14, 7], [13, 6], [12, 5], [11, 4]]
[[22, 10], [21, 10], [20, 9], [19, 10], [18, 9], [19, 10], [18, 10], [17, 9], [16, 8], [15, 7], [14, 6], [13, 5], [12, 4], [11, 4]]
[[22, 10], [21, 10], [20, 10], [19, 10], [18, 9], [17, 10], [16, 9], [15, 8], [14, 8], [14, 7], [14, 6], [13, 5], [12, 4], [11, 4]]
[[22, 10], [21, 9], [21, 8], [21, 9], [20, 8], [21, 7], [20, 7], [19, 6], [18, 5], [17, 5], [16, 6], [15, 6], [14, 5], [13, 4], [12, 4], [11, 4]]
[[22, 10], [21, 10], [20, 9], [20, 8], [19, 7], [19, 8], [18, 8], [17, 9], [17, 8], [16, 7], [15, 7], [14, 6], [13, 5], [13, 6], [12, 5], [12, 4], [11, 4]]
[[22, 10], [22, 11], [21, 10], [21, 11], [20, 11], [20, 10], [19, 11], [19, 10], [18, 11], [17, 10], [16, 9], [15, 8], [15, 7], [14, 6], [13, 5], [12, 5], [11, 4]]
[[22, 10], [21, 11], [22, 12], [22, 11], [21, 10], [20, 10], [19, 11], [19, 10], [18, 11], [17, 10], [18, 9], [19, 8], [20, 9], [20, 8], [19, 7], [20, 6], [21, 6], [20, 5], [19, 4], [18, 5], [17, 4], [17, 3], [18, 2], [17, 1], [16, 2], [15, 3], [16, 2], [15, 1], [14, 2], [13, 3], [12, 4], [11, 4], [12, 4], [11, 3], [12, 3], [11, 4]]
[[22, 10], [22, 11], [22, 12], [23, 13], [23, 14], [22, 13], [22, 12], [21, 11], [20, 10], [21, 10], [21, 11], [21, 10], [22, 9], [21, 10], [20, 10], [19, 10], [18, 10], [19, 9], [20, 9], [21, 8], [21, 7], [20, 6], [19, 7], [19, 6], [18, 6], [18, 5], [17, 4], [16, 5], [15, 4], [14, 5], [13, 5], [14, 6], [13, 6], [12, 6], [11, 5], [11, 4]]
[[22, 10], [21, 9], [20, 9], [20, 8], [19, 9], [19, 10], [20, 10], [21, 11], [22, 12], [21, 13], [21, 14], [20, 15], [19, 14], [18, 13], [18, 14], [17, 15], [16, 15], [17, 16], [18, 16], [17, 15], [17, 16], [18, 17], [18, 18], [19, 17], [19, 18], [20, 18], [20, 17], [21, 18], [20, 18], [21, 18], [22, 19], [22, 18], [23, 18], [22, 18], [23, 17], [22, 18], [23, 17], [24, 17], [23, 16], [23, 15], [24, 14], [24, 13], [24, 14], [23, 14], [23, 13], [23, 12], [23, 11], [22, 12], [21, 13], [20, 13], [19, 12], [19, 11], [18, 10], [17, 10], [18, 9], [17, 10], [17, 9], [16, 8], [15, 9], [16, 8], [17, 7], [16, 7], [15, 6], [16, 5], [17, 6], [18, 5], [18, 4], [18, 5], [19, 4], [20, 5], [21, 5], [21, 4], [20, 4], [19, 4], [18, 5], [17, 4], [16, 3], [15, 4], [14, 5], [15, 6], [14, 5], [13, 5], [13, 6], [12, 5], [11, 5], [10, 4], [9, 3], [8, 2], [7, 3], [6, 4], [5, 5], [6, 5], [7, 5], [7, 4], [8, 4], [8, 3], [9, 4], [10, 5], [11, 4]]
[[22, 10], [23, 11], [24, 12], [25, 13], [26, 12], [27, 13], [27, 14], [28, 13], [29, 12], [28, 12], [29, 11], [28, 11], [28, 10], [27, 11], [26, 11], [27, 10], [27, 9], [28, 9], [27, 8], [26, 7], [27, 6], [27, 7], [28, 8], [29, 8], [28, 7], [29, 7], [28, 6], [28, 5], [29, 4], [28, 3], [27, 4], [27, 3], [27, 2], [28, 2], [27, 1], [26, 1], [26, 0], [25, 0], [24, 1], [23, 2], [22, 1], [21, 1], [20, 2], [19, 1], [20, 1], [20, 0], [19, 0], [18, 0], [17, 1], [17, 2], [18, 2], [17, 3], [18, 3], [17, 4], [18, 5], [17, 5], [18, 6], [17, 6], [16, 7], [15, 7], [16, 6], [15, 6], [16, 5], [15, 5], [14, 4], [13, 3], [14, 2], [13, 2], [12, 2], [13, 1], [14, 0], [15, 0], [15, 1], [16, 1], [15, 2], [16, 2], [17, 1], [18, 0], [19, 1], [19, 0], [20, 1], [20, 0], [21, 0], [21, 1], [22, 1], [23, 2], [24, 1], [24, 0], [23, 0], [23, 1], [22, 2], [21, 3], [20, 4], [19, 5], [20, 5], [21, 5], [20, 6], [21, 6], [20, 7], [20, 8], [21, 8], [20, 9], [20, 10], [19, 9], [18, 8], [17, 9], [17, 10], [18, 9], [17, 8], [16, 7], [16, 8], [16, 7], [17, 6], [16, 6], [15, 5], [15, 4], [14, 3], [15, 3], [14, 2], [15, 3], [16, 2], [15, 2], [15, 1], [16, 1], [15, 1], [16, 0], [15, 1], [14, 0], [13, 0], [13, 1], [14, 2], [13, 3], [12, 4], [12, 3], [11, 4]]
[[22, 10], [21, 9], [22, 9], [22, 8], [22, 7], [21, 8], [20, 8], [19, 8], [19, 9], [19, 10], [18, 9], [17, 9], [18, 8], [19, 7], [19, 6], [20, 5], [21, 4], [20, 3], [19, 2], [18, 3], [19, 4], [18, 4], [19, 3], [20, 4], [21, 3], [20, 2], [21, 1], [20, 1], [19, 1], [18, 1], [18, 0], [19, 0], [20, 0], [21, 0], [22, 1], [22, 0], [23, 1], [23, 2], [24, 1], [24, 2], [25, 2], [26, 1], [27, 0], [28, 1], [28, 2], [29, 3], [29, 2], [28, 3], [27, 4], [27, 3], [28, 4], [29, 4], [28, 5], [29, 6], [28, 7], [27, 8], [26, 7], [25, 8], [26, 9], [25, 9], [24, 10], [23, 10], [22, 11], [21, 12], [22, 12], [23, 11], [24, 12], [24, 11], [25, 11], [26, 10], [27, 11], [27, 10], [28, 11], [28, 12], [27, 12], [26, 12], [25, 13], [25, 12], [24, 13], [23, 12], [23, 13], [24, 14], [24, 15], [24, 16], [23, 15], [22, 16], [21, 15], [20, 15], [21, 16], [20, 16], [19, 16], [18, 15], [17, 14], [16, 15], [17, 16], [18, 17], [17, 17], [18, 18], [17, 19], [16, 19], [15, 18], [16, 17], [15, 17], [14, 16], [14, 15], [13, 16], [13, 17], [12, 17], [11, 18], [10, 18], [9, 17], [8, 17], [7, 16], [6, 16], [5, 16], [4, 15], [5, 14], [4, 13], [3, 13], [2, 14], [1, 15], [0, 15], [1, 14], [0, 14], [1, 13], [1, 12], [1, 11], [0, 12], [0, 11], [0, 10], [1, 10], [0, 9], [1, 9], [2, 8], [3, 9], [2, 10], [1, 9], [0, 8], [0, 7], [1, 7], [2, 7], [3, 8], [4, 7], [5, 8], [6, 7], [7, 6], [8, 6], [8, 7], [8, 8], [7, 7], [6, 8], [5, 9], [4, 9], [5, 10], [6, 11], [7, 10], [6, 10], [7, 11], [8, 10], [8, 9], [9, 10], [10, 11], [9, 11], [10, 10], [11, 11], [11, 10], [10, 9], [11, 9], [12, 8], [11, 7], [10, 7], [10, 6], [9, 6], [10, 5], [11, 4]]
