[[17, 8], [18, 9], [19, 9], [20, 9], [21, 10], [22, 9], [23, 10], [24, 11], [25, 10], [26, 11], [27, 12], [28, 13]]
[[17, 8], [18, 8], [19, 9], [20, 10], [21, 9], [22, 10], [23, 10], [24, 9], [25, 10], [26, 11], [27, 12], [28, 13]]
[[17, 8], [18, 9], [19, 9], [20, 8], [21, 9], [22, 9], [23, 8], [24, 9], [25, 10], [26, 11], [27, 12], [28, 13]]
[[17, 8], [18, 8], [19, 9], [20, 9], [21, 10], [22, 11], [23, 10], [24, 11], [25, 10], [26, 11], [27, 12], [28, 13]]
[[17, 8], [18, 9], [19, 9], [20, 9], [21, 10], [22, 9], [23, 10], [24, 11], [25, 10], [26, 11], [27, 12], [28, 13]]
[[17, 8], [18, 9], [19, 9], [20, 8], [21, 8], [22, 9], [23, 10], [24, 10], [25, 10], [26, 11], [27, 12], [28, 13]]
[[17, 8], [18, 8], [19, 9], [20, 8], [21, 9], [22, 9], [23, 10], [24, 11], [25, 10], [26, 11], [27, 12], [28, 13]]
[[17, 8], [18, 8], [19, 9], [20, 9], [21, 10], [22, 11], [23, 11], [24, 11], [25, 10], [26, 11], [27, 12], [28, 13]]
[[17, 8], [18, 8], [19, 9], [20, 8], [21, 8], [22, 9], [23, 10], [24, 10], [25, 10], [26, 11], [27, 12], [28, 13]]
[[17, 8], [18, 8], [19, 9], [20, 10], [21, 10], [22, 11], [23, 11], [24, 11], [25, 10], [26, 11], [27, 12], [28, 13]]
[[17, 8], [18, 9], [19, 9], [20, 10], [21, 11], [22, 10], [23, 10], [24, 10], [25, 10], [26, 11], [27, 12], [28, 13]]
[[17, 8], [18, 9], [17, 9], [16, 9], [17, 9], [18, 9], [19, 9], [20, 10], [21, 9], [22, 9], [23, 10], [24, 11], [25, 10], [26, 11], [27, 12], [28, 13]]
[[17, 8], [16, 7], [15, 8], [16, 8], [17, 7], [18, 6], [18, 7], [18, 8], [18, 9], [19, 10], [18, 11], [18, 12], [19, 11], [20, 10], [20, 9], [21, 9], [22, 8], [23, 8], [23, 9], [24, 9], [23, 9], [23, 10], [24, 11], [23, 10], [23, 11], [24, 10], [24, 11], [24, 12], [25, 13], [26, 13], [27, 12], [28, 13]]
[[17, 8], [18, 9], [17, 9], [18, 8], [19, 7], [20, 6], [21, 5], [22, 4], [21, 4], [22, 4], [22, 3], [23, 2], [23, 3], [24, 4], [25, 5], [26, 6], [25, 5], [25, 4], [26, 5], [25, 5], [24, 6], [24, 7], [23, 6], [23, 7], [23, 8], [22, 9], [21, 9], [22, 9], [23, 9], [23, 10], [24, 9], [25, 10], [25, 9], [26, 8], [27, 8], [26, 8], [26, 7], [27, 8], [28, 9], [28, 10], [28, 11], [27, 12], [28, 12], [28, 13]]
[[17, 8], [16, 7], [17, 7], [18, 8], [18, 9], [17, 10], [18, 10], [19, 9], [20, 10], [21, 9], [22, 8], [23, 9], [22, 10], [23, 11], [24, 11], [23, 12], [24, 13], [24, 12], [23, 13], [23, 14], [24, 14], [24, 15], [25, 14], [25, 13], [26, 13], [26, 14], [26, 15], [27, 16], [28, 16], [28, 17], [29, 16], [29, 15], [28, 15], [27, 15], [26, 16], [26, 17], [25, 16], [26, 17], [27, 16], [26, 16], [27, 15], [27, 14], [26, 15], [25, 15], [25, 14], [26, 13], [26, 14], [27, 13], [28, 14], [29, 14], [28, 13]]
[[17, 8], [18, 9], [17, 9], [18, 8], [19, 7], [20, 6], [21, 5], [21, 6], [22, 6], [22, 7], [21, 7], [22, 8], [23, 9], [23, 8], [24, 9], [25, 10], [24, 11], [23, 10], [22, 9], [22, 10], [23, 11], [24, 12], [25, 13], [24, 14], [24, 15], [25, 16], [26, 17], [26, 16], [25, 15], [26, 14], [26, 13], [27, 14], [26, 15], [27, 15], [28, 15], [28, 16], [29, 15], [29, 14], [29, 13], [28, 14], [27, 13], [27, 12], [27, 11], [26, 10], [25, 9], [26, 9], [26, 8], [26, 7], [25, 8], [24, 8], [24, 7], [23, 6], [22, 5], [23, 4], [23, 5], [24, 6], [24, 5], [25, 5], [26, 6], [27, 6], [26, 5], [25, 4], [25, 3], [26, 2], [27, 1], [27, 0], [28, 1], [27, 2], [28, 2], [28, 3], [29, 4], [28, 4], [28, 5], [29, 5], [29, 6], [29, 7], [28, 8], [29, 9], [28, 10], [28, 9], [29, 10], [28, 11], [29, 12], [29, 11], [28, 12], [27, 12], [28, 13]]
