[[25, 16], [24, 16], [23, 17], [22, 18], [21, 18]]
[[25, 16], [24, 16], [23, 17], [22, 18], [21, 18]]
[[25, 16], [24, 17], [23, 16], [22, 17], [21, 18]]
[[25, 16], [24, 17], [23, 18], [22, 18], [21, 18]]
[[25, 16], [24, 17], [23, 17], [22, 17], [21, 18]]
[[25, 16], [24, 16], [23, 17], [22, 18], [21, 18]]
[[25, 16], [24, 16], [23, 16], [22, 17], [21, 18]]
[[25, 16], [24, 17], [23, 16], [22, 17], [21, 18]]
[[25, 16], [24, 16], [23, 17], [22, 18], [21, 18]]
[[25, 16], [24, 17], [23, 17], [22, 17], [21, 18]]
[[25, 16], [24, 16], [23, 17], [22, 18], [21, 18]]
[[25, 16], [24, 17], [23, 18], [22, 18], [21, 18]]
[[25, 16], [24, 17], [23, 17], [22, 17], [21, 18]]
[[25, 16], [24, 17], [23, 16], [22, 17], [21, 18]]
[[25, 16], [24, 16], [23, 16], [22, 16], [22, 17], [21, 18]]
[[25, 16], [24, 16], [23, 15], [22, 16], [21, 17], [21, 18]]
[[25, 16], [24, 17], [25, 17], [24, 17], [23, 17], [22, 18], [21, 18]]
[[25, 16], [25, 17], [24, 18], [24, 17], [23, 17], [23, 18], [22, 18], [22, 19], [21, 18]]
[[25, 16], [24, 16], [23, 17], [24, 17], [25, 18], [24, 19], [25, 19], [24, 18], [23, 19], [23, 18], [22, 19], [21, 19], [22, 18], [21, 18]]
