[[29, 10], [28, 10], [27, 10], [26, 9], [25, 9], [24, 9], [23, 9], [22, 9], [21, 8], [20, 9], [19, 8], [18, 7], [17, 7], [16, 6], [15, 5], [14, 5], [13, 5], [12, 5], [11, 4], [10, 5], [9, 4]]
[[29, 10], [28, 11], [27, 10], [26, 9], [25, 10], [24, 9], [23, 8], [22, 8], [21, 7], [20, 7], [19, 7], [18, 6], [17, 5], [16, 5], [15, 4], [14, 3], [13, 4], [12, 4], [11, 4], [10, 4], [9, 4]]
[[29, 10], [28, 11], [27, 10], [26, 9], [25, 9], [24, 9], [23, 8], [22, 9], [21, 8], [20, 7], [19, 7], [18, 6], [17, 6], [16, 6], [15, 5], [14, 5], [13, 5], [12, 4], [11, 4], [10, 3], [9, 4]]
[[29, 10], [28, 10], [27, 10], [26, 9], [25, 9], [24, 9], [23, 9], [22, 9], [21, 8], [20, 9], [19, 8], [18, 7], [17, 7], [16, 6], [15, 5], [14, 5], [13, 5], [12, 5], [11, 4], [10, 5], [9, 4]]
[[29, 10], [28, 10], [27, 10], [26, 11], [25, 10], [24, 9], [23, 9], [22, 8], [21, 9], [20, 9], [19, 8], [18, 7], [17, 6], [16, 5], [15, 6], [14, 5], [13, 4], [12, 5], [11, 4], [10, 5], [9, 4]]
[[29, 10], [28, 10], [27, 10], [26, 10], [25, 9], [24, 9], [23, 8], [22, 8], [21, 9], [20, 9], [19, 8], [18, 8], [17, 7], [16, 6], [15, 6], [14, 6], [13, 7], [12, 6], [11, 6], [10, 5], [9, 4]]
[[29, 10], [28, 10], [27, 10], [26, 9], [25, 8], [24, 9], [23, 8], [22, 7], [21, 6], [20, 6], [19, 5], [18, 4], [17, 5], [16, 4], [15, 5], [14, 4], [13, 4], [12, 3], [11, 3], [10, 3], [9, 4]]
[[29, 10], [28, 10], [27, 9], [26, 8], [25, 9], [24, 9], [23, 8], [22, 7], [21, 6], [20, 5], [19, 4], [18, 5], [17, 6], [16, 5], [15, 5], [14, 4], [13, 3], [12, 4], [11, 3], [10, 3], [9, 4]]
[[29, 10], [28, 10], [27, 9], [26, 8], [25, 9], [24, 9], [23, 8], [22, 8], [21, 7], [20, 7], [19, 7], [18, 6], [17, 5], [16, 6], [15, 6], [14, 5], [13, 4], [12, 3], [11, 4], [10, 5], [9, 4]]
[[29, 10], [28, 10], [27, 9], [26, 10], [25, 9], [24, 8], [23, 9], [22, 9], [21, 9], [20, 10], [19, 9], [18, 8], [17, 7], [16, 6], [15, 5], [14, 4], [13, 5], [12, 6], [11, 6], [10, 5], [9, 4]]
[[29, 10], [28, 11], [27, 10], [26, 10], [25, 9], [24, 8], [23, 9], [22, 8], [21, 9], [20, 9], [19, 8], [18, 7], [17, 6], [16, 6], [15, 5], [14, 4], [13, 3], [12, 4], [11, 4], [10, 4], [9, 4]]
[[29, 10], [28, 11], [27, 11], [26, 10], [25, 9], [24, 9], [23, 9], [22, 9], [21, 8], [20, 9], [19, 8], [18, 7], [17, 7], [16, 6], [15, 5], [14, 5], [13, 6], [12, 7], [11, 6], [10, 5], [9, 4]]
[[29, 10], [28, 11], [27, 10], [26, 9], [25, 8], [24, 9], [23, 9], [22, 8], [21, 7], [20, 7], [19, 7], [18, 7], [17, 6], [16, 6], [15, 6], [14, 5], [13, 4], [12, 4], [11, 3], [10, 3], [9, 4]]
[[29, 10], [28, 10], [27, 10], [26, 9], [25, 9], [24, 9], [23, 8], [22, 7], [21, 7], [20, 6], [19, 6], [18, 6], [17, 5], [16, 4], [15, 5], [14, 5], [13, 6], [12, 7], [11, 6], [10, 5], [9, 4]]
[[29, 10], [28, 11], [27, 11], [26, 11], [25, 10], [24, 9], [23, 8], [22, 8], [21, 8], [20, 7], [19, 6], [18, 5], [17, 5], [16, 4], [15, 5], [14, 4], [13, 4], [12, 5], [11, 4], [10, 4], [9, 4]]
[[29, 10], [28, 10], [27, 9], [26, 9], [25, 10], [24, 9], [23, 9], [23, 8], [22, 7], [21, 7], [20, 7], [19, 7], [18, 6], [17, 5], [16, 4], [15, 3], [14, 4], [13, 4], [12, 5], [11, 4], [10, 4], [9, 4]]
[[29, 10], [28, 10], [27, 9], [26, 8], [25, 9], [24, 9], [23, 8], [22, 9], [22, 8], [21, 7], [20, 6], [19, 5], [18, 6], [17, 6], [16, 6], [15, 6], [14, 5], [13, 4], [12, 4], [11, 4], [10, 3], [9, 4]]
[[29, 10], [28, 10], [27, 9], [26, 9], [25, 8], [24, 9], [23, 8], [22, 9], [22, 8], [21, 7], [20, 7], [19, 8], [18, 7], [18, 6], [17, 6], [16, 6], [15, 6], [14, 5], [13, 4], [12, 3], [11, 3], [10, 3], [9, 4]]
[[29, 10], [28, 10], [27, 9], [26, 9], [25, 8], [24, 8], [23, 7], [22, 7], [22, 8], [21, 7], [20, 7], [19, 6], [18, 7], [19, 8], [18, 7], [17, 6], [17, 7], [17, 6], [16, 5], [15, 5], [14, 5], [13, 4], [12, 3], [11, 3], [10, 4], [9, 4]]
[[29, 10], [28, 10], [27, 9], [26, 8], [25, 7], [24, 8], [24, 9], [23, 8], [22, 9], [21, 8], [20, 7], [20, 6], [19, 6], [18, 5], [17, 6], [18, 6], [17, 5], [17, 6], [16, 5], [15, 5], [14, 4], [13, 3], [12, 3], [11, 4], [10, 3], [9, 4]]
