[[1, 16], [2, 15], [3, 15], [4, 15]]
[[1, 16], [2, 17], [3, 16], [4, 15]]
[[1, 16], [2, 15], [3, 16], [4, 15]]
[[1, 16], [2, 15], [3, 15], [4, 15]]
[[1, 16], [2, 15], [3, 14], [4, 15]]
[[1, 16], [2, 17], [3, 16], [4, 15]]
[[1, 16], [2, 15], [3, 14], [4, 15]]
[[1, 16], [2, 15], [3, 15], [4, 15]]
[[1, 16], [1, 15], [2, 15], [3, 16], [4, 17], [4, 18], [5, 19], [5, 18], [6, 17], [7, 16], [8, 17], [8, 16], [9, 17], [8, 18], [7, 17], [6, 18], [5, 17], [6, 16], [7, 15], [6, 14], [7, 13], [6, 12], [7, 12], [7, 11], [8, 12], [9, 13], [8, 14], [8, 15], [7, 14], [6, 13], [5, 13], [4, 12], [3, 13], [2, 14], [1, 13], [1, 12], [1, 11], [2, 12], [3, 13], [4, 14], [4, 15]]
[[1, 16], [2, 17], [3, 16], [3, 15], [4, 16], [5, 15], [6, 16], [6, 17], [7, 18], [6, 18], [5, 18], [4, 19], [3, 18], [4, 18], [5, 19], [6, 19], [7, 19], [8, 18], [9, 17], [8, 16], [9, 16], [10, 15], [9, 14], [8, 14], [9, 15], [10, 14], [11, 15], [12, 16], [13, 17], [13, 16], [14, 16], [15, 17], [16, 16], [16, 15], [17, 15], [16, 14], [16, 13], [15, 12], [16, 11], [17, 11], [17, 10], [16, 10], [15, 9], [14, 9], [14, 10], [14, 11], [15, 11], [16, 12], [17, 12], [18, 12], [18, 11], [19, 12], [20, 11], [19, 11], [18, 10], [18, 9], [19, 9], [18, 8], [17, 8], [16, 9], [17, 9], [16, 8], [15, 7], [15, 8], [14, 7], [13, 8], [12, 8], [13, 9], [12, 9], [11, 9], [11, 8], [10, 7], [9, 8], [9, 7], [10, 8], [9, 9], [8, 9], [9, 10], [10, 9], [11, 10], [10, 11], [9, 12], [10, 12], [9, 11], [8, 10], [7, 11], [8, 11], [7, 12], [7, 13], [7, 14], [8, 13], [8, 12], [9, 13], [10, 13], [11, 12], [12, 11], [12, 12], [12, 13], [13, 13], [14, 12], [14, 13], [15, 13], [14, 14], [15, 15], [15, 16], [14, 17], [15, 18], [14, 18], [13, 19], [13, 18], [12, 17], [11, 17], [11, 16], [10, 17], [11, 18], [12, 19], [12, 18], [11, 19], [10, 19], [10, 18], [9, 18], [8, 17], [7, 17], [7, 16], [7, 15], [6, 14], [5, 14], [5, 13], [4, 14], [4, 15]]
