[[1, 9], [2, 9], [3, 10], [4, 11], [5, 12], [6, 13], [7, 14], [8, 15], [9, 16], [10, 17], [11, 17], [12, 16], [13, 17], [14, 17], [15, 17], [16, 17], [17, 17], [18, 17], [19, 16], [20, 15], [21, 16]]
[[1, 9], [2, 10], [3, 11], [4, 11], [5, 12], [6, 13], [7, 14], [8, 15], [9, 15], [10, 15], [11, 16], [12, 17], [13, 17], [14, 16], [15, 17], [16, 18], [17, 19], [18, 19], [19, 18], [20, 17], [21, 16]]
[[1, 9], [2, 9], [3, 10], [4, 11], [5, 12], [6, 13], [7, 14], [8, 15], [9, 16], [10, 15], [11, 16], [12, 16], [13, 16], [14, 17], [15, 18], [16, 17], [17, 18], [18, 18], [19, 17], [20, 17], [21, 16]]
[[1, 9], [2, 10], [3, 11], [4, 11], [5, 12], [6, 13], [7, 14], [8, 15], [9, 16], [10, 17], [11, 17], [12, 17], [13, 16], [14, 17], [15, 18], [16, 18], [17, 18], [18, 17], [19, 17], [20, 17], [21, 16]]
[[1, 9], [2, 9], [3, 10], [4, 11], [5, 12], [6, 13], [7, 14], [8, 15], [9, 16], [10, 17], [11, 17], [12, 16], [13, 17], [14, 17], [15, 17], [16, 17], [17, 17], [18, 17], [19, 16], [20, 15], [21, 16]]
[[1, 9], [2, 9], [3, 10], [4, 11], [5, 12], [6, 13], [7, 14], [8, 15], [9, 16], [10, 15], [11, 16], [12, 16], [13, 17], [14, 17], [15, 18], [16, 17], [17, 18], [18, 17], [19, 16], [20, 16], [21, 16]]
[[1, 9], [2, 9], [3, 10], [4, 11], [5, 12], [6, 13], [7, 14], [8, 15], [9, 16], [10, 17], [11, 17], [12, 17], [13, 16], [14, 15], [15, 16], [16, 17], [17, 17], [18, 17], [19, 16], [20, 15], [21, 16]]
[[1, 9], [2, 10], [3, 11], [4, 11], [5, 12], [6, 13], [7, 14], [8, 15], [9, 15], [10, 15], [11, 16], [12, 17], [13, 17], [14, 17], [15, 18], [16, 17], [17, 18], [18, 17], [19, 16], [20, 17], [21, 16]]
[[1, 9], [2, 10], [3, 10], [4, 11], [5, 12], [6, 13], [7, 14], [8, 15], [9, 16], [10, 17], [11, 16], [12, 16], [13, 16], [14, 15], [15, 16], [16, 17], [17, 18], [18, 18], [19, 18], [20, 17], [21, 16]]
[[1, 9], [2, 10], [3, 11], [4, 11], [5, 12], [6, 13], [7, 14], [8, 15], [9, 16], [10, 17], [11, 17], [12, 17], [13, 16], [14, 17], [15, 18], [16, 18], [17, 18], [18, 17], [19, 18], [20, 17], [21, 16]]
[[1, 9], [2, 9], [3, 10], [4, 11], [5, 12], [6, 13], [7, 14], [8, 15], [9, 16], [10, 17], [11, 17], [12, 17], [13, 16], [14, 16], [15, 16], [16, 17], [17, 18], [18, 17], [19, 16], [20, 15], [21, 16]]
[[1, 9], [2, 9], [3, 10], [4, 11], [5, 12], [6, 13], [7, 14], [8, 15], [9, 15], [10, 15], [11, 16], [12, 17], [13, 17], [14, 18], [15, 18], [16, 17], [17, 17], [18, 17], [19, 16], [20, 15], [21, 16]]
[[1, 9], [2, 9], [3, 10], [4, 11], [5, 12], [6, 13], [7, 14], [8, 15], [9, 16], [10, 17], [11, 16], [12, 17], [13, 17], [14, 16], [15, 17], [16, 18], [17, 18], [18, 18], [19, 17], [20, 16], [21, 16]]
[[1, 9], [2, 10], [3, 10], [4, 11], [5, 12], [6, 13], [7, 14], [8, 15], [8, 16], [9, 17], [10, 18], [11, 17], [12, 17], [13, 18], [14, 17], [15, 18], [16, 17], [17, 18], [18, 17], [19, 18], [20, 17], [21, 16]]
[[1, 9], [2, 10], [3, 11], [4, 11], [5, 12], [6, 13], [7, 14], [8, 15], [9, 16], [10, 17], [11, 16], [12, 16], [13, 17], [14, 16], [15, 15], [15, 16], [16, 17], [17, 18], [18, 18], [19, 18], [20, 17], [21, 16]]
[[1, 9], [2, 9], [3, 10], [4, 11], [5, 12], [6, 13], [7, 14], [8, 15], [8, 16], [9, 17], [10, 18], [11, 19], [12, 18], [13, 19], [14, 18], [15, 17], [16, 18], [17, 17], [18, 18], [19, 17], [20, 16], [21, 16]]
[[1, 9], [2, 10], [3, 10], [4, 11], [5, 12], [6, 13], [7, 14], [8, 15], [8, 16], [8, 17], [9, 18], [10, 18], [11, 17], [12, 17], [13, 16], [14, 17], [15, 17], [16, 18], [17, 18], [18, 18], [19, 18], [20, 17], [21, 16]]
[[1, 9], [2, 10], [3, 11], [3, 12], [4, 13], [5, 14], [6, 15], [7, 15], [8, 16], [9, 17], [10, 17], [11, 17], [12, 18], [13, 18], [14, 19], [15, 18], [16, 17], [17, 17], [18, 17], [18, 18], [19, 17], [20, 16], [21, 16]]
[[1, 9], [0, 10], [1, 11], [1, 12], [2, 13], [3, 13], [4, 13], [5, 14], [6, 15], [7, 16], [8, 17], [9, 18], [10, 17], [11, 17], [12, 18], [13, 17], [14, 17], [15, 16], [16, 17], [17, 17], [18, 18], [19, 17], [20, 17], [21, 16]]
[[1, 9], [2, 10], [2, 11], [3, 12], [4, 13], [5, 12], [6, 13], [7, 14], [8, 15], [9, 16], [10, 17], [9, 18], [10, 18], [11, 19], [12, 19], [13, 19], [14, 18], [15, 18], [16, 18], [17, 18], [18, 19], [19, 18], [19, 17], [20, 17], [21, 16]]
