[[2, 5], [3, 6], [2, 7], [3, 8], [2, 9], [3, 10]]
[[2, 5], [3, 6], [3, 7], [2, 8], [2, 9], [3, 10]]
[[2, 5], [2, 6], [3, 7], [3, 8], [4, 9], [3, 10]]
[[2, 5], [3, 6], [2, 7], [3, 8], [2, 9], [3, 10]]
[[2, 5], [1, 6], [2, 7], [1, 8], [2, 9], [3, 10]]
[[2, 5], [1, 6], [1, 7], [2, 8], [3, 9], [3, 10]]
[[2, 5], [2, 6], [1, 7], [1, 8], [2, 9], [3, 10]]
[[2, 5], [2, 6], [1, 7], [2, 8], [3, 9], [3, 10]]
[[2, 5], [3, 6], [4, 7], [3, 8], [3, 9], [3, 10]]
[[2, 5], [3, 4], [4, 5], [3, 5], [4, 5], [4, 6], [3, 6], [4, 7], [4, 8], [3, 9], [4, 9], [4, 8], [3, 8], [2, 7], [1, 7], [2, 6], [2, 7], [1, 6], [2, 5], [1, 4], [1, 3], [0, 3], [1, 2], [2, 1], [3, 1], [4, 1], [5, 0], [6, 1], [7, 1], [7, 0], [8, 0], [9, 1], [8, 2], [7, 3], [7, 4], [7, 5], [8, 4], [7, 3], [7, 2], [6, 2], [5, 2], [6, 2], [5, 1], [4, 2], [3, 2], [4, 3], [4, 2], [5, 3], [5, 4], [4, 4], [5, 5], [6, 5], [6, 6], [6, 7], [5, 8], [4, 8], [4, 9], [3, 10]]
[[2, 5], [3, 6], [4, 5], [5, 5], [6, 5], [6, 6], [6, 7], [7, 8], [8, 8], [9, 9], [10, 9], [11, 9], [10, 8], [11, 7], [12, 7], [13, 8], [13, 7], [13, 6], [14, 5], [15, 4], [14, 3], [13, 2], [14, 2], [14, 1], [13, 1], [13, 0], [12, 1], [12, 0], [11, 0], [10, 1], [9, 1], [8, 0], [7, 1], [8, 2], [9, 2], [10, 2], [11, 1], [11, 2], [12, 3], [12, 4], [12, 5], [13, 4], [13, 5], [14, 6], [14, 7], [15, 8], [16, 8], [15, 7], [15, 6], [16, 6], [16, 7], [17, 8], [17, 7], [18, 7], [18, 6], [17, 5], [18, 5], [17, 4], [16, 5], [15, 5], [16, 4], [17, 3], [16, 3], [17, 2], [18, 2], [19, 1], [19, 0], [20, 0], [21, 0], [22, 0], [22, 1], [23, 0], [23, 1], [23, 2], [24, 1], [24, 2], [25, 3], [26, 4], [26, 3], [25, 2], [26, 1], [27, 2], [28, 3], [29, 2], [29, 1], [29, 0], [28, 1], [27, 0], [27, 1], [28, 2], [29, 3], [29, 4], [28, 5], [29, 6], [29, 5], [28, 6], [27, 5], [26, 6], [25, 7], [26, 8], [25, 8], [26, 9], [27, 10], [26, 11], [27, 12], [28, 12], [29, 12], [28, 13], [27, 13], [26, 13], [25, 14], [24, 15], [25, 15], [24, 14], [24, 13], [23, 13], [22, 12], [21, 13], [20, 14], [20, 15], [19, 15], [18, 16], [17, 15], [17, 16], [17, 17], [16, 16], [16, 15], [15, 16], [15, 17], [16, 18], [17, 19], [18, 19], [19, 18], [20, 17], [20, 16], [19, 17], [20, 18], [20, 19], [21, 18], [22, 19], [23, 18], [24, 18], [25, 18], [26, 18], [26, 19], [25, 19], [24, 19], [23, 19], [22, 18], [22, 17], [22, 16], [21, 17], [21, 16], [22, 15], [23, 14], [23, 15], [24, 16], [25, 17], [24, 17], [25, 16], [26, 16], [27, 16], [27, 17], [28, 18], [29, 18], [29, 17], [29, 16], [28, 15], [28, 14], [27, 15], [26, 14], [25, 13], [26, 12], [25, 11], [26, 10], [25, 9], [25, 10], [24, 10], [23, 11], [22, 11], [21, 10], [20, 10], [19, 11], [20, 11], [21, 12], [20, 13], [19, 12], [19, 13], [18, 12], [17, 12], [18, 13], [17, 13], [16, 13], [16, 14], [15, 15], [14, 14], [14, 15], [13, 16], [13, 17], [12, 16], [11, 16], [11, 17], [12, 18], [13, 19], [12, 19], [11, 18], [10, 18], [10, 17], [9, 17], [8, 17], [8, 16], [7, 17], [8, 18], [7, 18], [6, 18], [5, 19], [4, 18], [3, 18], [3, 17], [2, 16], [1, 16], [1, 17], [0, 17], [0, 16], [0, 15], [1, 14], [2, 15], [3, 14], [3, 13], [3, 12], [3, 11], [3, 10]]
