[[5, 1], [6, 2], [7, 3], [8, 4], [9, 5], [10, 6], [11, 7], [12, 7], [13, 8], [14, 9], [15, 10], [16, 11], [17, 12], [18, 13], [18, 14], [19, 15], [20, 16], [21, 17], [21, 18]]
[[5, 1], [6, 2], [7, 3], [8, 4], [9, 5], [10, 6], [11, 7], [12, 7], [13, 8], [14, 9], [15, 10], [16, 11], [17, 12], [18, 13], [19, 14], [20, 15], [20, 16], [21, 17], [21, 18]]
[[5, 1], [6, 2], [7, 3], [8, 4], [9, 5], [10, 6], [11, 7], [12, 8], [13, 8], [14, 9], [15, 10], [16, 11], [17, 12], [18, 13], [19, 14], [19, 15], [20, 16], [20, 17], [21, 18]]
[[5, 1], [6, 2], [7, 3], [8, 4], [9, 5], [10, 6], [11, 7], [12, 8], [13, 9], [14, 10], [15, 11], [16, 12], [17, 12], [18, 13], [18, 14], [18, 15], [19, 16], [20, 17], [21, 18]]
[[5, 1], [6, 2], [7, 3], [8, 4], [9, 5], [10, 6], [11, 7], [12, 7], [13, 8], [14, 9], [15, 10], [16, 11], [17, 12], [18, 13], [19, 14], [20, 15], [20, 16], [20, 17], [21, 18]]
[[5, 1], [6, 2], [7, 3], [8, 4], [9, 5], [10, 6], [11, 7], [12, 8], [13, 9], [14, 10], [15, 11], [16, 12], [17, 12], [18, 13], [19, 14], [20, 15], [19, 16], [20, 17], [21, 18]]
[[5, 1], [6, 2], [7, 3], [8, 4], [9, 5], [10, 6], [11, 7], [12, 8], [13, 9], [14, 10], [15, 11], [16, 12], [17, 12], [18, 13], [19, 14], [20, 15], [20, 16], [20, 17], [21, 18]]
[[5, 1], [6, 2], [7, 3], [8, 4], [9, 5], [10, 6], [11, 7], [12, 7], [13, 8], [14, 9], [15, 10], [16, 11], [17, 12], [18, 13], [19, 14], [19, 15], [20, 16], [20, 17], [21, 18]]
[[5, 1], [6, 2], [7, 3], [8, 4], [9, 5], [10, 6], [11, 7], [12, 8], [13, 8], [14, 9], [15, 10], [16, 11], [17, 12], [18, 13], [19, 14], [20, 15], [20, 16], [20, 17], [21, 18]]
[[5, 1], [6, 2], [7, 3], [8, 4], [9, 5], [10, 6], [11, 7], [12, 8], [13, 8], [14, 9], [15, 10], [16, 11], [17, 12], [18, 13], [19, 14], [20, 15], [20, 16], [20, 17], [21, 18]]
[[5, 1], [6, 2], [7, 3], [8, 4], [9, 5], [10, 6], [11, 7], [12, 8], [13, 9], [14, 10], [15, 11], [16, 11], [17, 12], [18, 13], [18, 14], [18, 15], [19, 16], [20, 17], [21, 18]]
[[5, 1], [6, 2], [7, 3], [8, 4], [9, 5], [10, 6], [11, 7], [12, 8], [13, 9], [14, 10], [15, 10], [16, 11], [17, 12], [18, 13], [18, 14], [18, 15], [19, 16], [20, 17], [21, 18]]
[[5, 1], [6, 2], [7, 3], [8, 4], [9, 5], [10, 6], [11, 7], [12, 7], [13, 8], [14, 9], [15, 10], [16, 11], [17, 12], [18, 13], [18, 14], [19, 15], [20, 16], [21, 17], [21, 18]]
[[5, 1], [6, 2], [7, 3], [8, 3], [9, 4], [10, 4], [11, 5], [12, 6], [13, 7], [14, 8], [15, 9], [16, 10], [17, 11], [18, 12], [18, 13], [18, 14], [19, 15], [20, 16], [21, 17], [21, 18]]
[[5, 1], [6, 2], [7, 3], [8, 4], [9, 4], [10, 4], [11, 5], [12, 6], [13, 7], [14, 8], [15, 9], [16, 10], [17, 11], [18, 12], [18, 13], [19, 14], [19, 15], [19, 16], [20, 17], [21, 18]]
[[5, 1], [6, 2], [7, 3], [8, 4], [9, 5], [10, 6], [11, 7], [12, 8], [13, 8], [14, 9], [15, 10], [16, 11], [17, 11], [17, 12], [18, 13], [18, 14], [19, 15], [20, 16], [21, 17], [21, 18]]
[[5, 1], [6, 2], [7, 3], [8, 4], [9, 5], [10, 5], [11, 5], [12, 6], [13, 7], [14, 8], [15, 9], [16, 10], [17, 11], [17, 12], [18, 13], [19, 14], [20, 15], [20, 16], [20, 17], [21, 18]]
[[5, 1], [6, 2], [7, 3], [8, 4], [9, 4], [10, 4], [11, 5], [12, 6], [13, 7], [14, 8], [15, 9], [16, 10], [17, 11], [18, 12], [19, 13], [19, 14], [18, 15], [19, 16], [20, 17], [21, 18]]
[[5, 1], [6, 2], [7, 3], [8, 4], [9, 5], [10, 6], [11, 7], [12, 8], [13, 9], [13, 8], [14, 9], [15, 10], [16, 11], [17, 12], [18, 13], [19, 14], [20, 15], [19, 16], [20, 17], [21, 18]]
[[5, 1], [6, 2], [7, 3], [8, 4], [9, 5], [10, 5], [11, 5], [12, 6], [13, 7], [14, 8], [15, 9], [16, 10], [17, 11], [18, 12], [18, 13], [19, 14], [19, 15], [19, 16], [20, 17], [21, 18]]
