[[27, 5], [28, 6], [27, 7], [27, 8], [26, 9], [27, 10], [28, 11], [29, 12], [28, 13], [28, 14]]
[[27, 5], [27, 6], [27, 7], [28, 8], [29, 9], [28, 10], [28, 11], [29, 12], [28, 13], [28, 14]]
[[27, 5], [27, 6], [28, 7], [29, 8], [28, 9], [29, 10], [28, 11], [29, 12], [29, 13], [28, 14]]
[[27, 5], [28, 6], [27, 7], [26, 8], [27, 9], [28, 10], [29, 11], [29, 12], [28, 13], [28, 14]]
[[27, 5], [28, 6], [27, 7], [27, 8], [26, 9], [27, 10], [28, 11], [29, 12], [28, 13], [28, 14]]
[[27, 5], [27, 6], [27, 7], [27, 8], [26, 9], [27, 10], [28, 11], [29, 12], [29, 13], [28, 14]]
[[27, 5], [28, 6], [28, 7], [27, 8], [27, 9], [28, 10], [28, 11], [29, 12], [28, 13], [28, 14]]
[[27, 5], [26, 6], [26, 7], [26, 8], [26, 9], [27, 10], [28, 11], [29, 12], [28, 13], [28, 14]]
[[27, 5], [28, 6], [27, 7], [26, 8], [27, 9], [28, 10], [28, 11], [29, 12], [29, 13], [28, 14]]
[[27, 5], [27, 6], [27, 7], [27, 8], [28, 9], [28, 10], [29, 11], [29, 12], [29, 13], [28, 14]]
[[27, 5], [28, 6], [27, 7], [27, 8], [26, 9], [27, 10], [28, 11], [29, 12], [29, 13], [28, 14]]
[[27, 5], [26, 4], [26, 5], [27, 6], [27, 7], [28, 8], [28, 9], [29, 10], [28, 10], [27, 11], [26, 10], [25, 11], [24, 12], [25, 13], [25, 12], [24, 13], [24, 14], [24, 15], [23, 16], [24, 17], [25, 18], [24, 18], [25, 17], [26, 17], [26, 18], [26, 19], [27, 18], [27, 17], [28, 16], [28, 15], [29, 16], [29, 15], [28, 14]]
[[27, 5], [26, 5], [27, 6], [28, 7], [27, 7], [26, 7], [27, 8], [27, 9], [27, 10], [28, 11], [29, 10], [28, 11], [27, 11], [26, 12], [25, 13], [24, 13], [24, 14], [25, 13], [24, 14], [24, 15], [23, 16], [22, 17], [21, 16], [22, 15], [21, 16], [20, 15], [19, 15], [20, 14], [19, 15], [19, 16], [19, 17], [20, 18], [19, 18], [19, 17], [20, 17], [21, 18], [22, 17], [23, 18], [22, 18], [21, 19], [22, 18], [23, 17], [24, 18], [25, 17], [26, 18], [27, 17], [26, 17], [27, 17], [28, 18], [27, 18], [28, 18], [27, 18], [26, 18], [25, 18], [24, 18], [24, 17], [25, 17], [25, 16], [25, 15], [26, 14], [27, 14], [28, 14]]
[[27, 5], [26, 6], [27, 6], [26, 5], [27, 4], [28, 3], [28, 2], [29, 1], [28, 0], [27, 0], [26, 0], [25, 1], [25, 0], [26, 1], [26, 2], [27, 1], [28, 1], [27, 2], [26, 3], [25, 2], [25, 3], [24, 4], [24, 5], [25, 4], [25, 5], [24, 6], [23, 7], [24, 7], [23, 8], [22, 8], [22, 9], [21, 10], [20, 11], [20, 10], [21, 9], [21, 8], [20, 8], [21, 7], [22, 6], [21, 5], [20, 6], [20, 5], [20, 4], [21, 3], [21, 2], [22, 3], [21, 4], [22, 4], [23, 3], [23, 2], [24, 1], [24, 0], [23, 1], [22, 1], [21, 0], [20, 0], [21, 1], [20, 2], [20, 1], [19, 1], [19, 2], [20, 3], [19, 4], [18, 3], [18, 2], [17, 2], [18, 1], [17, 0], [16, 1], [16, 0], [17, 1], [16, 2], [15, 3], [16, 4], [17, 5], [17, 4], [16, 3], [15, 4], [15, 5], [16, 6], [17, 7], [16, 8], [17, 8], [18, 7], [18, 8], [19, 9], [18, 10], [19, 11], [19, 12], [18, 13], [17, 14], [16, 13], [15, 12], [15, 13], [14, 14], [14, 15], [13, 16], [12, 15], [11, 14], [11, 15], [11, 16], [10, 17], [9, 18], [10, 18], [11, 19], [12, 19], [13, 19], [14, 18], [13, 18], [14, 19], [15, 19], [16, 19], [17, 18], [16, 18], [16, 17], [15, 18], [15, 17], [14, 16], [15, 16], [16, 16], [17, 17], [18, 18], [19, 18], [19, 17], [18, 16], [17, 15], [18, 15], [18, 14], [19, 14], [19, 15], [20, 14], [21, 13], [22, 14], [22, 13], [23, 13], [24, 13], [23, 14], [24, 14], [24, 15], [25, 15], [26, 16], [26, 17], [25, 18], [26, 18], [25, 17], [24, 17], [24, 18], [23, 19], [22, 18], [22, 17], [23, 16], [23, 17], [24, 16], [25, 16], [26, 15], [26, 14], [27, 14], [28, 14]]
