[[4, 7], [5, 7], [6, 7], [7, 6], [8, 5], [9, 6], [10, 7], [11, 7], [12, 6], [13, 7], [14, 8], [15, 7], [16, 6], [17, 6]]
[[4, 7], [5, 7], [6, 6], [7, 6], [8, 5], [9, 4], [10, 5], [11, 5], [12, 4], [13, 5], [14, 5], [15, 5], [16, 5], [17, 6]]
[[4, 7], [5, 7], [6, 6], [7, 5], [8, 5], [9, 4], [10, 5], [11, 5], [12, 5], [13, 5], [14, 6], [15, 7], [16, 6], [17, 6]]
[[4, 7], [5, 7], [6, 6], [7, 7], [8, 7], [9, 7], [10, 6], [11, 7], [12, 8], [13, 8], [14, 7], [15, 7], [16, 6], [17, 6]]
[[4, 7], [5, 7], [6, 7], [7, 6], [8, 5], [9, 6], [10, 7], [11, 7], [12, 6], [13, 7], [14, 8], [15, 7], [16, 6], [17, 6]]
[[4, 7], [5, 7], [6, 6], [7, 5], [8, 5], [9, 5], [10, 5], [11, 4], [12, 5], [13, 6], [14, 5], [15, 6], [16, 6], [17, 6]]
[[4, 7], [5, 8], [6, 7], [7, 6], [8, 5], [9, 4], [10, 4], [11, 4], [12, 5], [13, 5], [14, 5], [15, 5], [16, 6], [17, 6]]
[[4, 7], [5, 7], [6, 6], [7, 5], [8, 5], [9, 4], [10, 4], [11, 4], [12, 5], [13, 5], [14, 4], [15, 5], [16, 6], [17, 6]]
[[4, 7], [5, 7], [6, 7], [7, 7], [8, 7], [9, 8], [10, 7], [11, 7], [12, 7], [13, 6], [14, 7], [15, 6], [16, 6], [17, 6]]
[[4, 7], [5, 7], [6, 6], [7, 6], [8, 5], [9, 4], [10, 5], [11, 6], [12, 6], [13, 6], [14, 7], [15, 6], [16, 5], [17, 6]]
[[4, 7], [5, 7], [6, 6], [7, 5], [8, 4], [9, 4], [10, 5], [11, 6], [12, 6], [13, 5], [14, 5], [15, 5], [16, 6], [17, 6]]
[[4, 7], [5, 7], [6, 6], [7, 5], [8, 4], [9, 5], [10, 5], [11, 4], [12, 3], [13, 3], [14, 4], [15, 5], [16, 6], [17, 6]]
[[4, 7], [5, 7], [6, 6], [7, 5], [8, 4], [9, 4], [10, 5], [11, 5], [12, 5], [13, 5], [14, 5], [14, 4], [15, 5], [16, 6], [17, 6]]
[[4, 7], [5, 8], [6, 7], [7, 6], [8, 7], [9, 6], [10, 7], [11, 6], [11, 5], [12, 6], [13, 7], [14, 7], [15, 6], [16, 6], [17, 6]]
[[4, 7], [5, 8], [6, 7], [7, 6], [8, 5], [9, 5], [10, 5], [11, 6], [12, 6], [12, 5], [13, 6], [14, 5], [15, 5], [16, 5], [17, 6]]
[[4, 7], [5, 7], [6, 7], [7, 6], [8, 5], [9, 4], [10, 4], [11, 4], [11, 5], [12, 4], [13, 5], [14, 6], [14, 7], [15, 6], [16, 5], [17, 6]]
[[4, 7], [5, 8], [6, 7], [7, 6], [8, 5], [9, 4], [10, 4], [11, 4], [11, 5], [12, 4], [13, 5], [14, 6], [14, 5], [15, 4], [16, 5], [17, 6]]
[[4, 7], [5, 7], [6, 6], [7, 7], [8, 8], [9, 9], [10, 9], [11, 9], [12, 10], [13, 11], [14, 10], [15, 9], [16, 9], [17, 8], [18, 7], [17, 6]]
[[4, 7], [5, 7], [6, 7], [7, 6], [8, 5], [9, 4], [10, 4], [11, 4], [11, 5], [12, 4], [13, 5], [14, 6], [14, 7], [15, 6], [16, 5], [17, 6]]
[[4, 7], [5, 7], [6, 6], [6, 7], [7, 7], [8, 8], [9, 9], [9, 8], [9, 7], [10, 7], [9, 6], [8, 5], [9, 5], [10, 5], [11, 5], [10, 4], [11, 3], [12, 4], [13, 5], [14, 6], [15, 5], [15, 4], [16, 5], [17, 6]]
