[[8, 13], [9, 12], [10, 13], [11, 13], [12, 12], [13, 13], [14, 12], [15, 12], [16, 12], [17, 11], [18, 11], [19, 12], [20, 12], [21, 11]]
[[8, 13], [9, 13], [10, 13], [11, 13], [12, 14], [13, 15], [14, 15], [15, 14], [16, 13], [17, 12], [18, 12], [19, 12], [20, 12], [21, 11]]
[[8, 13], [9, 12], [10, 13], [11, 13], [12, 12], [13, 13], [14, 12], [15, 11], [16, 10], [17, 10], [18, 11], [19, 11], [20, 10], [21, 11]]
[[8, 13], [9, 13], [10, 14], [11, 13], [12, 12], [13, 13], [14, 14], [15, 13], [16, 12], [17, 12], [18, 11], [19, 10], [20, 10], [21, 11]]
[[8, 13], [9, 13], [10, 14], [11, 14], [12, 14], [13, 15], [14, 14], [15, 13], [16, 13], [17, 13], [18, 12], [19, 11], [20, 10], [21, 11]]
[[8, 13], [9, 12], [10, 13], [11, 13], [12, 12], [13, 13], [14, 12], [15, 12], [16, 12], [17, 11], [18, 11], [19, 12], [20, 12], [21, 11]]
[[8, 13], [9, 12], [10, 13], [11, 13], [12, 12], [13, 13], [14, 12], [15, 12], [16, 12], [17, 11], [18, 11], [19, 12], [20, 12], [21, 11]]
[[8, 13], [9, 13], [10, 13], [11, 12], [12, 11], [13, 10], [14, 9], [15, 9], [16, 10], [17, 11], [18, 12], [19, 11], [20, 12], [21, 11]]
[[8, 13], [9, 12], [10, 12], [11, 11], [12, 12], [13, 11], [14, 11], [15, 11], [16, 12], [17, 11], [18, 11], [19, 11], [20, 10], [21, 11]]
[[8, 13], [9, 12], [10, 13], [11, 13], [12, 12], [13, 13], [14, 12], [15, 12], [16, 12], [17, 11], [18, 11], [19, 12], [20, 12], [21, 11]]
[[8, 13], [9, 13], [10, 12], [11, 12], [12, 13], [13, 13], [14, 14], [15, 14], [16, 15], [17, 14], [18, 13], [19, 12], [20, 12], [21, 11]]
[[8, 13], [9, 12], [8, 11], [9, 11], [10, 12], [11, 11], [12, 11], [11, 11], [12, 12], [13, 11], [14, 12], [15, 11], [16, 12], [17, 11], [17, 10], [18, 11], [19, 11], [19, 10], [20, 10], [21, 11]]
[[8, 13], [9, 14], [10, 14], [11, 15], [10, 14], [9, 14], [10, 13], [10, 12], [11, 11], [12, 11], [13, 10], [14, 9], [15, 10], [15, 11], [16, 12], [17, 11], [18, 12], [18, 13], [19, 14], [20, 15], [20, 16], [21, 15], [21, 16], [22, 16], [21, 16], [22, 16], [21, 15], [21, 14], [20, 14], [21, 13], [22, 13], [21, 12], [21, 11], [22, 12], [21, 11]]
[[8, 13], [9, 12], [8, 12], [9, 12], [10, 13], [10, 12], [11, 12], [11, 13], [12, 14], [13, 15], [14, 16], [15, 16], [14, 16], [13, 17], [13, 16], [12, 17], [12, 18], [13, 19], [14, 18], [13, 19], [12, 18], [11, 17], [11, 18], [11, 17], [11, 16], [12, 17], [12, 18], [11, 17], [10, 18], [11, 19], [12, 19], [11, 18], [12, 17], [13, 17], [14, 16], [14, 15], [15, 14], [15, 13], [16, 12], [17, 13], [18, 12], [18, 11], [19, 11], [20, 12], [21, 12], [21, 11]]
[[8, 13], [9, 13], [8, 14], [9, 15], [9, 14], [10, 14], [9, 15], [9, 16], [10, 17], [10, 16], [10, 17], [11, 18], [12, 17], [13, 16], [12, 16], [13, 17], [13, 16], [12, 16], [11, 15], [12, 14], [11, 13], [11, 12], [12, 11], [11, 10], [12, 9], [13, 8], [14, 7], [13, 6], [14, 6], [15, 5], [16, 6], [16, 7], [17, 7], [18, 7], [17, 7], [16, 8], [16, 9], [17, 10], [17, 9], [18, 9], [19, 9], [20, 9], [20, 8], [20, 9], [21, 10], [22, 11], [21, 11]]
[[8, 13], [9, 12], [9, 11], [9, 10], [10, 10], [11, 11], [11, 10], [11, 9], [10, 9], [11, 8], [12, 7], [13, 6], [12, 6], [11, 6], [12, 5], [11, 4], [10, 4], [11, 3], [12, 4], [11, 5], [10, 6], [9, 5], [8, 5], [8, 4], [7, 3], [8, 2], [7, 1], [7, 0], [8, 1], [9, 2], [10, 1], [11, 1], [10, 2], [9, 1], [10, 0], [11, 0], [12, 1], [13, 0], [14, 1], [14, 2], [13, 3], [12, 2], [13, 1], [14, 0], [15, 0], [16, 0], [17, 0], [18, 0], [18, 1], [17, 1], [17, 2], [16, 2], [15, 1], [14, 0], [13, 1], [12, 1], [12, 2], [11, 3], [10, 3], [9, 3], [8, 4], [8, 5], [7, 6], [8, 6], [9, 6], [10, 6], [9, 5], [9, 4], [10, 4], [11, 4], [10, 5], [11, 6], [12, 7], [11, 8], [11, 9], [10, 10], [10, 9], [10, 8], [9, 8], [9, 7], [8, 8], [8, 9], [8, 10], [9, 10], [9, 11], [8, 12], [9, 13], [9, 12], [10, 13], [10, 12], [11, 13], [12, 14], [11, 14], [12, 13], [11, 12], [11, 11], [12, 10], [12, 9], [13, 8], [14, 8], [14, 7], [14, 6], [15, 7], [16, 6], [16, 5], [17, 6], [16, 7], [17, 7], [16, 8], [16, 9], [17, 10], [18, 9], [19, 9], [19, 8], [20, 9], [20, 10], [21, 9], [21, 10], [22, 10], [23, 10], [23, 11], [23, 12], [23, 13], [23, 14], [24, 15], [23, 16], [22, 15], [23, 15], [22, 14], [21, 13], [20, 12], [21, 11]]
[[8, 13], [9, 13], [9, 14], [9, 15], [8, 14], [7, 14], [7, 15], [6, 15], [6, 16], [5, 15], [4, 14], [4, 13], [5, 13], [6, 12], [6, 13], [5, 14], [4, 15], [3, 16], [4, 17], [4, 18], [3, 17], [4, 16], [3, 15], [2, 15], [1, 16], [0, 16], [1, 17], [0, 18], [0, 19], [1, 18], [1, 19], [2, 19], [2, 18], [2, 17], [3, 18], [4, 19], [5, 18], [5, 19], [6, 19], [7, 19], [8, 19], [7, 18], [8, 17], [7, 16], [8, 16], [9, 17], [8, 18], [9, 18], [10, 18], [11, 17], [12, 18], [12, 19], [13, 19], [14, 18], [13, 17], [12, 16], [13, 15], [12, 14], [12, 13], [11, 12], [12, 11], [11, 11], [10, 12], [9, 11], [9, 12], [10, 13], [11, 14], [11, 13], [10, 14], [10, 15], [9, 16], [10, 16], [11, 16], [12, 17], [13, 16], [14, 17], [15, 17], [15, 18], [16, 19], [16, 18], [17, 18], [17, 19], [18, 19], [19, 18], [18, 17], [19, 16], [18, 16], [19, 15], [18, 15], [18, 14], [19, 14], [20, 14], [21, 13], [22, 13], [23, 13], [24, 13], [25, 14], [25, 15], [25, 16], [26, 16], [27, 15], [28, 15], [27, 14], [26, 13], [26, 12], [26, 11], [27, 10], [26, 10], [25, 10], [24, 11], [25, 12], [24, 13], [23, 12], [22, 13], [21, 13], [20, 12], [20, 13], [20, 14], [21, 14], [22, 14], [21, 15], [22, 16], [22, 17], [23, 18], [24, 17], [24, 16], [25, 17], [26, 17], [26, 16], [25, 15], [25, 16], [26, 15], [27, 15], [27, 14], [28, 13], [27, 13], [26, 13], [25, 13], [24, 12], [23, 11], [22, 11], [21, 10], [21, 11]]
