[[10, 8], [9, 9], [8, 10], [7, 11], [6, 12], [5, 13], [4, 14], [3, 15], [2, 16]]
[[10, 8], [9, 9], [8, 10], [7, 11], [6, 12], [5, 13], [4, 14], [3, 15], [2, 16]]
[[10, 8], [9, 9], [8, 10], [7, 11], [6, 12], [5, 13], [4, 14], [3, 15], [2, 16]]
[[10, 8], [9, 9], [8, 10], [7, 11], [6, 12], [5, 13], [4, 14], [3, 15], [2, 16]]
[[10, 8], [9, 9], [8, 10], [7, 11], [6, 12], [5, 13], [4, 14], [3, 15], [2, 16]]
[[10, 8], [9, 9], [8, 10], [7, 11], [6, 12], [5, 13], [4, 14], [3, 15], [2, 16]]
[[10, 8], [9, 9], [8, 10], [7, 11], [6, 12], [5, 13], [4, 14], [3, 15], [2, 16]]
[[10, 8], [9, 9], [8, 10], [7, 11], [6, 12], [5, 13], [4, 14], [3, 15], [2, 16]]
[[10, 8], [9, 9], [8, 10], [7, 11], [6, 12], [5, 13], [4, 14], [3, 15], [2, 16]]
[[10, 8], [9, 9], [8, 10], [7, 11], [6, 12], [5, 13], [4, 14], [3, 15], [2, 16]]
[[10, 8], [9, 9], [8, 10], [7, 11], [6, 12], [5, 13], [4, 14], [3, 15], [2, 16]]
[[10, 8], [9, 9], [8, 10], [7, 11], [6, 12], [5, 13], [4, 14], [3, 15], [2, 16]]
[[10, 8], [9, 9], [8, 10], [7, 11], [6, 12], [5, 13], [4, 14], [3, 15], [2, 16]]
[[10, 8], [9, 9], [8, 10], [7, 11], [6, 12], [5, 13], [4, 14], [3, 15], [2, 16]]
[[10, 8], [9, 9], [8, 10], [7, 11], [6, 12], [5, 13], [4, 14], [3, 15], [2, 16]]
[[10, 8], [9, 9], [8, 10], [7, 11], [6, 12], [5, 13], [4, 14], [3, 15], [2, 16]]
[[10, 8], [9, 9], [8, 10], [7, 11], [6, 12], [5, 12], [4, 13], [4, 14], [3, 15], [2, 16]]
[[10, 8], [10, 9], [9, 10], [8, 11], [7, 12], [6, 13], [5, 14], [4, 15], [3, 16], [2, 16]]
[[10, 8], [10, 9], [9, 10], [8, 10], [7, 11], [6, 12], [5, 12], [4, 13], [3, 14], [3, 15], [2, 16]]
[[10, 8], [9, 9], [9, 10], [8, 11], [7, 12], [6, 13], [5, 13], [4, 14], [3, 15], [3, 14], [3, 15], [2, 16]]
