[[23, 0], [24, 1], [25, 2], [26, 3], [27, 4], [28, 5], [28, 6]]
[[23, 0], [24, 1], [24, 2], [25, 3], [26, 4], [27, 5], [28, 6]]
[[23, 0], [23, 1], [24, 2], [25, 3], [26, 4], [27, 5], [28, 6]]
[[23, 0], [24, 1], [25, 2], [26, 3], [27, 4], [28, 5], [28, 6]]
[[23, 0], [24, 1], [25, 2], [25, 3], [26, 4], [27, 5], [28, 6]]
[[23, 0], [24, 1], [25, 2], [26, 3], [27, 4], [28, 5], [28, 6]]
[[23, 0], [24, 1], [25, 2], [26, 3], [27, 4], [28, 5], [28, 6]]
[[23, 0], [24, 1], [25, 2], [26, 3], [27, 4], [27, 5], [28, 6]]
[[23, 0], [24, 1], [25, 2], [26, 3], [27, 4], [27, 5], [28, 6]]
[[23, 0], [24, 1], [25, 2], [26, 3], [27, 4], [28, 5], [28, 6]]
[[23, 0], [24, 1], [25, 2], [25, 3], [26, 3], [26, 4], [27, 5], [28, 6]]
[[23, 0], [24, 0], [25, 1], [26, 1], [25, 1], [25, 2], [26, 3], [27, 4], [28, 5], [29, 5], [28, 5], [28, 6]]
[[23, 0], [24, 0], [25, 1], [26, 2], [27, 2], [27, 1], [28, 1], [28, 0], [29, 0], [29, 1], [29, 2], [29, 3], [28, 3], [27, 4], [28, 4], [29, 5], [29, 6], [28, 6]]
[[23, 0], [23, 1], [22, 1], [22, 2], [23, 3], [23, 4], [24, 4], [24, 5], [23, 5], [24, 4], [24, 5], [24, 4], [25, 4], [24, 4], [25, 4], [25, 3], [24, 3], [23, 3], [22, 2], [22, 3], [22, 4], [22, 5], [23, 5], [23, 6], [22, 7], [22, 8], [21, 9], [20, 10], [19, 11], [18, 10], [19, 11], [18, 11], [17, 10], [16, 9], [17, 9], [18, 9], [17, 10], [18, 10], [19, 9], [20, 8], [21, 8], [22, 7], [22, 6], [23, 7], [24, 8], [25, 8], [25, 9], [25, 8], [26, 8], [26, 7], [25, 7], [26, 8], [26, 7], [27, 7], [28, 8], [27, 7], [28, 6]]
