[[10, 6], [9, 5], [8, 5]]
[[10, 6], [9, 5], [8, 5]]
[[10, 6], [9, 6], [8, 5]]
[[10, 6], [9, 5], [8, 5]]
[[10, 6], [9, 5], [8, 5]]
[[10, 6], [9, 5], [8, 5]]
[[10, 6], [9, 5], [8, 5]]
[[10, 6], [9, 5], [8, 5]]
[[10, 6], [9, 6], [8, 5]]
[[10, 6], [9, 6], [8, 5]]
[[10, 6], [10, 5], [9, 6], [10, 5], [9, 6], [8, 7], [9, 6], [8, 5]]
[[10, 6], [10, 5], [9, 6], [8, 6], [8, 7], [9, 8], [9, 7], [10, 8], [11, 8], [12, 7], [13, 7], [14, 7], [13, 6], [14, 6], [15, 5], [14, 5], [15, 6], [15, 7], [15, 8], [16, 9], [15, 10], [14, 11], [15, 11], [15, 12], [16, 12], [16, 11], [17, 11], [16, 10], [15, 9], [16, 8], [17, 8], [17, 7], [17, 6], [16, 5], [15, 4], [16, 3], [15, 2], [14, 2], [15, 3], [14, 3], [13, 3], [12, 3], [11, 3], [12, 4], [11, 4], [10, 4], [9, 3], [8, 3], [8, 4], [8, 5]]
