[[12, 3], [13, 3], [14, 2], [15, 2], [16, 3], [17, 4], [18, 4], [19, 4], [20, 5], [21, 6], [22, 7], [23, 7], [24, 8]]
[[12, 3], [13, 3], [14, 4], [15, 3], [16, 3], [17, 4], [18, 4], [19, 4], [20, 5], [21, 6], [22, 7], [23, 8], [24, 8]]
[[12, 3], [13, 4], [14, 5], [15, 4], [16, 5], [17, 5], [18, 6], [19, 7], [20, 7], [21, 8], [22, 8], [23, 7], [24, 8]]
[[12, 3], [13, 3], [14, 3], [15, 4], [16, 3], [17, 4], [18, 3], [19, 3], [20, 4], [21, 5], [22, 6], [23, 7], [24, 8]]
[[12, 3], [13, 3], [14, 2], [15, 2], [16, 3], [17, 4], [18, 4], [19, 4], [20, 5], [21, 6], [22, 7], [23, 7], [24, 8]]
[[12, 3], [13, 3], [14, 3], [15, 3], [16, 4], [17, 4], [18, 4], [19, 5], [20, 6], [21, 7], [22, 6], [23, 7], [24, 8]]
[[12, 3], [13, 3], [14, 3], [15, 3], [16, 4], [17, 5], [18, 6], [19, 6], [20, 6], [21, 7], [22, 8], [23, 8], [24, 8]]
[[12, 3], [13, 2], [14, 2], [15, 3], [16, 3], [17, 4], [18, 5], [19, 5], [20, 5], [21, 6], [22, 6], [23, 7], [24, 8]]
[[12, 3], [13, 3], [14, 4], [15, 4], [16, 5], [17, 4], [18, 5], [19, 6], [20, 6], [21, 6], [22, 7], [23, 8], [24, 8]]
[[12, 3], [13, 3], [14, 4], [15, 4], [16, 4], [17, 4], [18, 5], [19, 6], [20, 6], [21, 7], [22, 6], [23, 7], [24, 8]]
[[12, 3], [13, 4], [14, 5], [15, 4], [16, 5], [17, 6], [18, 6], [19, 6], [20, 7], [21, 7], [22, 6], [23, 7], [24, 8]]
[[12, 3], [13, 2], [14, 3], [15, 4], [16, 4], [17, 5], [18, 5], [19, 5], [20, 6], [21, 6], [22, 6], [23, 7], [24, 8]]
[[12, 3], [13, 4], [14, 5], [15, 4], [16, 5], [17, 5], [18, 5], [19, 6], [20, 7], [21, 6], [22, 7], [23, 8], [24, 8]]
[[12, 3], [13, 3], [14, 2], [15, 3], [16, 4], [17, 4], [18, 5], [19, 5], [20, 4], [21, 5], [22, 6], [23, 7], [24, 8]]
[[12, 3], [13, 2], [14, 2], [15, 3], [16, 4], [17, 5], [18, 6], [19, 7], [20, 7], [21, 6], [22, 7], [23, 7], [24, 8]]
[[12, 3], [13, 4], [14, 5], [15, 6], [16, 5], [17, 6], [18, 5], [19, 6], [20, 6], [21, 6], [22, 7], [23, 7], [24, 8]]
[[12, 3], [13, 3], [14, 2], [15, 3], [16, 4], [17, 5], [18, 5], [19, 6], [20, 7], [21, 6], [22, 7], [23, 8], [24, 8]]
[[12, 3], [13, 2], [14, 2], [15, 3], [16, 3], [17, 4], [18, 5], [18, 4], [19, 5], [20, 6], [21, 7], [22, 6], [23, 7], [24, 8]]
[[12, 3], [13, 4], [14, 4], [15, 3], [16, 4], [16, 5], [17, 6], [18, 6], [19, 6], [20, 7], [21, 7], [22, 7], [23, 7], [24, 8]]
[[12, 3], [13, 3], [14, 3], [15, 4], [16, 4], [17, 5], [18, 5], [18, 6], [19, 7], [20, 6], [21, 6], [22, 6], [23, 7], [24, 8]]
