[[28, 8], [27, 9], [26, 8], [25, 8], [24, 8], [23, 9], [22, 9], [21, 10], [20, 11], [19, 12], [18, 13], [17, 13], [16, 14], [15, 15], [14, 16], [15, 17]]
[[28, 8], [27, 8], [26, 8], [25, 9], [24, 8], [23, 9], [22, 10], [21, 11], [20, 11], [19, 12], [18, 12], [17, 13], [16, 14], [15, 15], [16, 16], [15, 17]]
[[28, 8], [27, 9], [26, 8], [25, 8], [24, 8], [23, 9], [22, 9], [21, 10], [20, 11], [19, 12], [18, 13], [17, 13], [16, 14], [16, 15], [16, 16], [15, 17]]
[[28, 8], [27, 8], [26, 7], [25, 8], [24, 8], [23, 9], [22, 10], [21, 10], [20, 11], [19, 12], [18, 13], [17, 13], [16, 14], [16, 15], [15, 16], [15, 17]]
[[28, 8], [27, 9], [26, 8], [25, 8], [24, 8], [23, 9], [22, 9], [21, 10], [20, 11], [19, 12], [18, 13], [17, 13], [16, 14], [15, 15], [14, 16], [15, 17]]
[[28, 8], [27, 9], [26, 8], [25, 7], [24, 8], [23, 9], [22, 10], [21, 11], [20, 12], [19, 13], [18, 13], [17, 13], [16, 14], [16, 15], [15, 16], [15, 17]]
[[28, 8], [27, 7], [26, 7], [25, 8], [24, 8], [23, 9], [22, 10], [21, 11], [20, 11], [19, 12], [18, 13], [17, 13], [16, 14], [15, 15], [15, 16], [15, 17]]
[[28, 8], [27, 7], [26, 7], [25, 8], [24, 8], [23, 9], [22, 9], [21, 10], [20, 11], [19, 12], [18, 13], [17, 13], [16, 14], [16, 15], [16, 16], [15, 17]]
[[28, 8], [27, 8], [26, 8], [25, 9], [24, 10], [23, 11], [22, 10], [21, 10], [20, 11], [19, 12], [18, 13], [17, 13], [16, 14], [15, 15], [16, 16], [15, 17]]
[[28, 8], [27, 7], [26, 7], [25, 8], [24, 8], [23, 9], [22, 10], [21, 11], [20, 12], [19, 13], [18, 14], [17, 13], [16, 14], [16, 15], [15, 16], [15, 17]]
[[28, 8], [27, 7], [26, 8], [25, 9], [24, 8], [23, 9], [22, 10], [21, 11], [20, 11], [19, 12], [18, 12], [17, 13], [16, 14], [16, 15], [16, 16], [15, 17]]
[[28, 8], [27, 7], [26, 8], [25, 8], [24, 8], [23, 9], [22, 10], [21, 10], [20, 11], [19, 12], [18, 12], [17, 13], [16, 14], [15, 15], [16, 16], [15, 17]]
[[28, 8], [27, 8], [26, 7], [25, 8], [24, 8], [23, 9], [22, 9], [21, 10], [20, 11], [19, 12], [18, 12], [17, 13], [16, 14], [15, 15], [16, 16], [15, 17]]
[[28, 8], [27, 8], [26, 8], [25, 9], [24, 8], [23, 9], [22, 10], [21, 11], [20, 12], [19, 13], [18, 13], [17, 13], [16, 14], [16, 15], [16, 16], [15, 17]]
[[28, 8], [27, 7], [26, 7], [25, 8], [24, 8], [23, 9], [22, 10], [21, 11], [20, 12], [19, 13], [18, 13], [17, 13], [16, 14], [16, 15], [16, 16], [15, 17]]
[[28, 8], [27, 9], [26, 8], [25, 8], [24, 8], [23, 9], [22, 9], [21, 10], [20, 10], [19, 11], [18, 12], [17, 12], [16, 13], [16, 14], [15, 15], [16, 16], [15, 17]]
[[28, 8], [27, 7], [26, 8], [25, 7], [24, 8], [23, 9], [22, 10], [21, 10], [20, 11], [19, 12], [18, 13], [17, 13], [16, 14], [15, 15], [16, 16], [15, 16], [14, 17], [15, 17]]
[[28, 8], [27, 9], [26, 8], [25, 8], [24, 8], [23, 9], [24, 10], [23, 9], [22, 8], [21, 7], [21, 8], [22, 8], [21, 9], [20, 10], [19, 11], [18, 12], [17, 12], [17, 13], [16, 14], [15, 14], [15, 15], [15, 16], [15, 17]]
[[28, 8], [27, 8], [26, 8], [27, 9], [26, 8], [25, 9], [24, 10], [23, 9], [22, 8], [22, 7], [22, 8], [22, 9], [21, 9], [20, 10], [19, 11], [18, 12], [17, 12], [16, 13], [16, 14], [15, 15], [15, 16], [14, 16], [13, 15], [14, 15], [15, 16], [15, 17]]
[[28, 8], [28, 9], [27, 10], [26, 10], [25, 10], [26, 10], [25, 9], [24, 10], [23, 9], [22, 10], [21, 11], [21, 10], [21, 9], [22, 8], [22, 9], [21, 9], [20, 10], [20, 11], [19, 12], [18, 13], [17, 13], [16, 14], [15, 14], [15, 15], [16, 16], [15, 17]]
