[[9, 19], [10, 18], [10, 17], [9, 16], [10, 15]]
[[9, 19], [9, 18], [8, 17], [9, 16], [10, 15]]
[[9, 19], [9, 18], [10, 17], [11, 16], [10, 15]]
[[9, 19], [10, 18], [11, 17], [11, 16], [10, 15]]
[[9, 19], [10, 18], [10, 17], [9, 16], [10, 15]]
[[9, 19], [10, 18], [11, 17], [11, 16], [10, 15]]
[[9, 19], [10, 18], [10, 17], [9, 16], [10, 15]]
[[9, 19], [10, 18], [11, 17], [11, 16], [10, 15]]
[[9, 19], [8, 18], [9, 17], [9, 16], [10, 15]]
[[9, 19], [9, 18], [10, 17], [10, 16], [10, 15]]
[[9, 19], [9, 18], [9, 17], [9, 16], [10, 15]]
[[9, 19], [10, 18], [11, 17], [10, 16], [10, 15]]
[[9, 19], [10, 18], [10, 17], [11, 18], [12, 17], [11, 16], [11, 15], [10, 15]]
[[9, 19], [10, 19], [11, 19], [10, 18], [9, 18], [9, 17], [9, 16], [8, 16], [7, 15], [8, 14], [9, 14], [10, 13], [10, 14], [10, 15]]
[[9, 19], [9, 18], [8, 19], [7, 19], [8, 18], [8, 17], [9, 16], [10, 16], [10, 17], [9, 18], [9, 17], [8, 16], [9, 15], [9, 14], [10, 13], [10, 14], [11, 15], [10, 15]]
[[9, 19], [8, 19], [8, 18], [8, 19], [9, 18], [10, 19], [11, 18], [12, 17], [13, 18], [14, 18], [15, 18], [15, 17], [16, 17], [17, 18], [17, 17], [16, 16], [17, 16], [18, 15], [19, 14], [19, 15], [20, 14], [21, 13], [20, 13], [19, 12], [20, 11], [20, 10], [19, 11], [20, 12], [21, 12], [22, 12], [23, 11], [22, 10], [21, 10], [21, 9], [20, 8], [19, 7], [19, 6], [18, 6], [18, 7], [18, 8], [19, 8], [20, 9], [21, 8], [22, 9], [23, 9], [24, 9], [24, 8], [24, 7], [23, 7], [22, 6], [22, 5], [23, 6], [24, 6], [25, 7], [25, 8], [26, 7], [27, 6], [27, 5], [26, 6], [25, 5], [26, 4], [27, 3], [27, 2], [28, 2], [29, 3], [29, 2], [29, 1], [28, 0], [27, 1], [26, 2], [25, 1], [24, 2], [25, 2], [24, 1], [24, 0], [23, 1], [23, 2], [24, 3], [24, 4], [23, 3], [22, 2], [21, 3], [20, 3], [19, 2], [20, 1], [19, 1], [19, 0], [18, 1], [18, 2], [19, 3], [18, 4], [18, 5], [19, 5], [20, 5], [21, 5], [21, 4], [22, 4], [23, 5], [24, 5], [25, 6], [26, 5], [27, 4], [28, 4], [29, 4], [29, 5], [28, 6], [29, 7], [28, 7], [27, 7], [28, 8], [28, 9], [29, 10], [28, 11], [27, 12], [26, 13], [26, 14], [27, 13], [26, 12], [25, 12], [26, 11], [27, 10], [27, 11], [28, 12], [29, 13], [29, 14], [29, 15], [28, 15], [27, 15], [27, 14], [26, 15], [25, 15], [25, 16], [24, 15], [23, 16], [22, 15], [23, 15], [24, 16], [24, 17], [24, 18], [24, 19], [23, 19], [22, 18], [23, 17], [22, 16], [22, 17], [21, 18], [20, 18], [19, 18], [18, 17], [18, 18], [19, 17], [18, 16], [17, 15], [16, 14], [17, 14], [16, 13], [15, 14], [15, 15], [14, 16], [13, 17], [13, 16], [13, 15], [12, 14], [12, 13], [11, 12], [11, 13], [10, 14], [9, 14], [9, 13], [8, 13], [7, 12], [8, 11], [9, 12], [10, 11], [9, 11], [10, 12], [11, 11], [11, 10], [12, 10], [11, 9], [11, 8], [12, 7], [11, 7], [10, 6], [11, 5], [12, 6], [13, 6], [14, 7], [14, 8], [14, 9], [15, 8], [16, 8], [17, 9], [17, 10], [18, 11], [17, 12], [16, 11], [16, 10], [15, 11], [14, 11], [13, 12], [13, 11], [14, 12], [15, 12], [16, 12], [17, 11], [18, 10], [19, 10], [19, 9], [18, 9], [17, 8], [17, 7], [17, 6], [16, 7], [16, 6], [15, 5], [14, 6], [15, 7], [15, 6], [16, 5], [17, 4], [16, 4], [15, 3], [15, 4], [16, 3], [16, 2], [15, 1], [14, 2], [13, 3], [13, 2], [12, 3], [11, 3], [10, 4], [9, 3], [9, 2], [8, 1], [9, 1], [10, 0], [11, 0], [12, 0], [13, 1], [12, 1], [11, 2], [10, 3], [9, 4], [8, 5], [8, 6], [7, 6], [7, 7], [6, 7], [5, 6], [4, 7], [5, 8], [6, 8], [5, 7], [6, 6], [5, 5], [6, 5], [7, 4], [6, 3], [5, 2], [6, 1], [6, 0], [5, 1], [4, 1], [3, 1], [2, 2], [2, 3], [3, 3], [4, 3], [5, 3], [4, 4], [4, 5], [3, 4], [2, 4], [1, 5], [1, 4], [0, 5], [0, 6], [1, 7], [1, 8], [0, 9], [1, 9], [0, 10], [1, 10], [0, 11], [1, 12], [2, 11], [3, 11], [2, 10], [1, 11], [2, 12], [3, 13], [3, 14], [2, 14], [2, 15], [1, 16], [2, 17], [1, 18], [0, 19], [1, 19], [0, 18], [0, 17], [0, 16], [0, 15], [0, 14], [0, 13], [1, 14], [2, 13], [3, 12], [4, 11], [5, 10], [6, 10], [6, 9], [7, 8], [7, 9], [8, 9], [7, 10], [6, 11], [7, 11], [8, 12], [7, 13], [6, 13], [5, 12], [6, 12], [5, 13], [6, 14], [6, 15], [7, 16], [7, 15], [7, 14], [8, 14], [9, 15], [9, 16], [9, 17], [10, 17], [10, 16], [11, 17], [11, 16], [12, 15], [12, 16], [11, 15], [11, 14], [10, 15]]
