[[12, 3], [12, 4], [11, 5], [12, 6], [11, 7], [12, 8], [12, 9], [11, 10], [10, 11], [9, 12], [10, 13]]
[[12, 3], [12, 4], [11, 5], [11, 6], [12, 7], [11, 8], [10, 9], [9, 10], [8, 11], [9, 12], [10, 13]]
[[12, 3], [13, 4], [13, 5], [12, 6], [11, 7], [10, 8], [11, 9], [11, 10], [10, 11], [9, 12], [10, 13]]
[[12, 3], [12, 4], [11, 5], [11, 6], [11, 7], [11, 8], [11, 9], [11, 10], [10, 11], [9, 12], [10, 13]]
[[12, 3], [12, 4], [11, 5], [12, 6], [11, 7], [12, 8], [12, 9], [11, 10], [10, 11], [9, 12], [10, 13]]
[[12, 3], [12, 4], [11, 5], [10, 6], [10, 7], [10, 8], [11, 9], [10, 10], [10, 11], [9, 12], [10, 13]]
[[12, 3], [12, 4], [11, 5], [11, 6], [10, 7], [11, 8], [10, 9], [11, 10], [12, 11], [11, 12], [10, 13]]
[[12, 3], [11, 4], [11, 5], [12, 6], [11, 7], [11, 8], [11, 9], [10, 10], [9, 11], [9, 12], [10, 13]]
[[12, 3], [12, 4], [11, 5], [11, 6], [11, 7], [11, 8], [11, 9], [10, 10], [10, 11], [9, 12], [10, 13]]
[[12, 3], [12, 4], [11, 5], [12, 6], [12, 7], [13, 8], [12, 9], [11, 10], [12, 11], [11, 12], [10, 13]]
[[12, 3], [13, 4], [13, 5], [12, 6], [12, 7], [11, 8], [11, 9], [10, 10], [10, 11], [11, 12], [10, 13]]
[[12, 3], [11, 4], [11, 5], [12, 6], [11, 7], [11, 8], [12, 9], [11, 10], [10, 11], [11, 12], [10, 13]]
[[12, 3], [11, 4], [11, 5], [10, 6], [11, 7], [10, 8], [10, 9], [9, 10], [8, 11], [9, 12], [10, 13]]
[[12, 3], [13, 4], [13, 5], [12, 6], [12, 7], [11, 8], [11, 9], [11, 10], [10, 11], [9, 12], [10, 13]]
[[12, 3], [12, 4], [13, 5], [13, 6], [12, 7], [13, 8], [12, 9], [11, 10], [10, 11], [9, 12], [10, 13]]
[[12, 3], [11, 4], [11, 5], [12, 6], [12, 7], [11, 8], [12, 9], [13, 10], [12, 11], [11, 12], [10, 13]]
[[12, 3], [11, 4], [12, 4], [11, 5], [10, 6], [11, 7], [10, 8], [10, 9], [9, 10], [8, 11], [9, 12], [10, 13]]
[[12, 3], [13, 4], [12, 4], [13, 5], [12, 6], [11, 7], [10, 8], [11, 9], [10, 10], [10, 11], [9, 12], [10, 13]]
[[12, 3], [13, 4], [12, 4], [11, 5], [10, 6], [11, 7], [10, 8], [10, 9], [10, 10], [9, 11], [9, 12], [10, 13]]
[[12, 3], [13, 4], [12, 4], [11, 5], [11, 6], [11, 7], [11, 8], [12, 9], [13, 10], [12, 11], [11, 12], [11, 13], [10, 13]]
