[[23, 13], [24, 12], [25, 12], [26, 12], [27, 11]]
[[23, 13], [24, 13], [25, 12], [26, 11], [27, 11]]
[[23, 13], [24, 13], [25, 12], [26, 12], [27, 11]]
[[23, 13], [24, 12], [25, 12], [26, 12], [27, 11]]
[[23, 13], [24, 14], [25, 13], [26, 12], [27, 11]]
[[23, 13], [24, 12], [25, 11], [26, 11], [27, 11]]
[[23, 13], [24, 12], [25, 12], [26, 12], [27, 11]]
[[23, 13], [24, 12], [25, 11], [26, 11], [27, 11]]
[[23, 13], [24, 13], [25, 12], [26, 12], [27, 11]]
[[23, 13], [24, 12], [25, 12], [26, 12], [27, 11]]
[[23, 13], [24, 12], [24, 11], [25, 11], [26, 10], [27, 11]]
[[23, 13], [24, 14], [23, 14], [23, 13], [23, 14], [24, 14], [25, 14], [26, 14], [27, 15], [26, 16], [25, 15], [25, 14], [26, 14], [27, 13], [26, 13], [27, 14], [28, 15], [28, 16], [28, 15], [28, 14], [28, 13], [29, 13], [29, 12], [28, 11], [27, 12], [26, 12], [25, 12], [24, 11], [24, 12], [25, 11], [25, 10], [25, 9], [24, 8], [24, 9], [23, 10], [22, 10], [21, 11], [21, 12], [22, 11], [23, 11], [24, 12], [25, 12], [26, 12], [27, 11]]
[[23, 13], [24, 13], [25, 12], [24, 11], [23, 12], [22, 13], [23, 14], [24, 15], [24, 14], [23, 15], [22, 15], [23, 16], [24, 17], [25, 18], [24, 19], [25, 19], [24, 18], [23, 17], [22, 17], [21, 18], [20, 19], [19, 18], [20, 17], [20, 18], [19, 19], [18, 18], [17, 17], [18, 16], [17, 16], [16, 17], [15, 16], [15, 15], [15, 14], [16, 14], [16, 15], [17, 14], [18, 14], [17, 15], [18, 15], [19, 16], [20, 16], [21, 15], [20, 14], [21, 13], [21, 12], [21, 11], [22, 10], [23, 9], [24, 10], [24, 9], [23, 8], [24, 7], [25, 6], [25, 5], [25, 4], [26, 5], [27, 6], [27, 5], [26, 6], [26, 7], [25, 7], [26, 8], [26, 9], [26, 10], [25, 9], [25, 8], [24, 8], [23, 7], [22, 8], [21, 8], [20, 8], [20, 9], [19, 8], [20, 7], [21, 7], [21, 6], [22, 6], [21, 5], [20, 6], [19, 6], [18, 7], [19, 7], [18, 8], [19, 9], [20, 10], [20, 11], [20, 12], [19, 12], [18, 12], [18, 13], [19, 14], [20, 15], [21, 14], [22, 14], [23, 14], [24, 14], [25, 13], [25, 12], [24, 11], [25, 10], [26, 11], [26, 12], [27, 11]]
