[[18, 14], [17, 14], [16, 14], [15, 15], [14, 14], [13, 13], [12, 12], [11, 12], [10, 12], [9, 11], [8, 11], [7, 10], [6, 9], [5, 8], [4, 9]]
[[18, 14], [17, 14], [16, 13], [15, 14], [14, 13], [13, 14], [12, 15], [11, 14], [10, 13], [9, 12], [8, 11], [7, 11], [6, 10], [5, 9], [4, 9]]
[[18, 14], [17, 15], [16, 16], [15, 15], [14, 15], [13, 16], [12, 15], [11, 14], [10, 13], [9, 12], [8, 11], [7, 10], [6, 9], [5, 8], [4, 9]]
[[18, 14], [17, 15], [16, 15], [15, 15], [14, 14], [13, 15], [12, 14], [11, 13], [10, 13], [9, 12], [8, 11], [7, 11], [6, 10], [5, 9], [4, 9]]
[[18, 14], [17, 14], [16, 14], [15, 15], [14, 14], [13, 13], [12, 12], [11, 12], [10, 12], [9, 11], [8, 11], [7, 10], [6, 9], [5, 8], [4, 9]]
[[18, 14], [17, 13], [16, 14], [15, 15], [14, 15], [13, 15], [12, 14], [11, 13], [10, 13], [9, 12], [8, 11], [7, 11], [6, 10], [5, 9], [4, 9]]
[[18, 14], [17, 13], [16, 13], [15, 14], [14, 15], [13, 15], [12, 14], [11, 13], [10, 12], [9, 12], [8, 11], [7, 10], [6, 9], [5, 8], [4, 9]]
[[18, 14], [17, 14], [16, 14], [15, 14], [14, 13], [13, 14], [12, 13], [11, 13], [10, 13], [9, 12], [8, 11], [7, 10], [6, 9], [5, 8], [4, 9]]
[[18, 14], [17, 13], [16, 14], [15, 14], [14, 15], [13, 16], [12, 15], [11, 14], [10, 13], [9, 12], [8, 11], [7, 10], [6, 9], [5, 8], [4, 9]]
[[18, 14], [17, 15], [16, 15], [15, 14], [14, 15], [13, 16], [12, 15], [11, 14], [10, 13], [9, 12], [8, 11], [7, 11], [6, 10], [5, 9], [4, 9]]
[[18, 14], [17, 14], [16, 14], [15, 14], [14, 14], [13, 13], [12, 12], [11, 13], [11, 12], [10, 11], [9, 12], [8, 12], [7, 11], [6, 10], [5, 9], [4, 9]]
[[18, 14], [17, 14], [16, 15], [16, 16], [15, 15], [14, 14], [13, 15], [12, 14], [11, 14], [10, 13], [9, 12], [8, 11], [7, 10], [6, 10], [5, 9], [4, 9]]
[[18, 14], [17, 13], [17, 14], [16, 13], [15, 13], [14, 13], [13, 14], [12, 13], [11, 12], [10, 11], [9, 11], [8, 12], [7, 11], [6, 10], [5, 9], [4, 9]]
[[18, 14], [17, 15], [17, 16], [17, 17], [16, 17], [15, 16], [14, 16], [13, 15], [12, 14], [11, 13], [10, 12], [9, 13], [8, 12], [8, 11], [7, 10], [7, 9], [6, 8], [5, 9], [4, 9]]
[[18, 14], [17, 14], [17, 13], [17, 14], [16, 13], [16, 14], [17, 13], [16, 13], [15, 14], [14, 14], [13, 13], [13, 12], [12, 11], [11, 11], [10, 11], [10, 10], [10, 9], [9, 9], [8, 9], [7, 10], [7, 9], [6, 8], [5, 8], [4, 9]]
[[18, 14], [18, 15], [18, 14], [18, 15], [17, 16], [16, 17], [15, 17], [15, 18], [15, 19], [14, 19], [14, 18], [13, 17], [12, 16], [13, 15], [14, 15], [13, 15], [13, 16], [13, 17], [12, 16], [11, 17], [10, 16], [9, 17], [9, 16], [9, 17], [9, 16], [10, 17], [11, 16], [10, 15], [11, 14], [10, 13], [10, 12], [9, 12], [9, 11], [10, 10], [9, 9], [8, 9], [7, 9], [8, 10], [7, 10], [6, 11], [5, 11], [4, 10], [4, 9]]
[[18, 14], [17, 14], [16, 14], [16, 15], [17, 14], [16, 14], [15, 14], [14, 14], [13, 14], [12, 13], [13, 13], [14, 14], [14, 13], [13, 14], [12, 14], [11, 15], [11, 16], [11, 17], [12, 18], [12, 19], [12, 18], [11, 18], [10, 17], [10, 16], [9, 17], [8, 16], [9, 16], [8, 16], [7, 15], [6, 15], [5, 15], [4, 16], [3, 15], [2, 15], [3, 14], [3, 13], [3, 12], [3, 11], [2, 11], [1, 11], [2, 10], [3, 9], [2, 10], [2, 9], [1, 9], [1, 8], [0, 7], [1, 7], [1, 8], [2, 9], [3, 8], [4, 9]]
[[18, 14], [18, 15], [17, 14], [17, 15], [16, 15], [16, 14], [17, 13], [16, 13], [17, 12], [17, 11], [18, 10], [19, 10], [20, 9], [21, 10], [21, 11], [20, 10], [21, 9], [21, 8], [22, 8], [22, 7], [21, 7], [22, 6], [23, 5], [24, 4], [25, 5], [24, 5], [25, 4], [26, 4], [27, 3], [28, 2], [27, 2], [26, 1], [25, 2], [25, 1], [25, 0], [24, 1], [23, 1], [23, 2], [22, 3], [21, 4], [21, 3], [20, 2], [20, 1], [21, 0], [22, 1], [22, 0], [21, 1], [22, 2], [23, 3], [23, 4], [24, 3], [25, 3], [26, 2], [27, 1], [28, 0], [29, 1], [29, 2], [28, 3], [27, 4], [27, 5], [27, 6], [26, 5], [26, 6], [25, 7], [26, 8], [26, 9], [25, 8], [24, 7], [23, 8], [23, 9], [24, 9], [23, 10], [22, 11], [21, 12], [20, 11], [19, 11], [18, 11], [17, 10], [16, 9], [17, 9], [16, 8], [15, 9], [15, 10], [14, 11], [14, 12], [14, 13], [13, 14], [13, 13], [12, 12], [11, 11], [12, 10], [13, 11], [12, 11], [13, 10], [14, 10], [13, 9], [14, 9], [14, 8], [15, 8], [14, 7], [15, 6], [14, 5], [13, 4], [12, 3], [11, 4], [10, 4], [10, 3], [9, 2], [8, 3], [8, 4], [7, 3], [6, 4], [7, 4], [7, 5], [6, 6], [5, 6], [6, 7], [7, 6], [7, 7], [8, 7], [9, 6], [8, 5], [9, 4], [10, 5], [9, 5], [10, 6], [11, 5], [11, 6], [10, 7], [9, 8], [9, 7], [10, 8], [10, 9], [9, 9], [10, 10], [9, 11], [8, 11], [8, 10], [7, 10], [6, 11], [5, 12], [4, 11], [3, 12], [2, 13], [1, 12], [2, 12], [1, 11], [0, 12], [0, 13], [1, 14], [1, 15], [2, 16], [3, 15], [2, 14], [1, 13], [0, 14], [0, 15], [1, 16], [0, 16], [0, 17], [1, 18], [0, 19], [0, 18], [1, 17], [2, 17], [3, 18], [3, 17], [4, 18], [5, 18], [5, 19], [6, 19], [7, 19], [8, 18], [7, 17], [6, 16], [5, 17], [5, 16], [4, 16], [4, 15], [5, 15], [5, 14], [6, 15], [7, 14], [7, 13], [6, 13], [6, 14], [7, 15], [8, 16], [9, 15], [10, 16], [9, 16], [10, 15], [11, 14], [10, 13], [10, 12], [10, 11], [10, 10], [10, 9], [9, 9], [8, 9], [7, 9], [6, 8], [5, 9], [4, 9]]
