[[23, 8], [22, 8], [21, 9], [20, 10], [19, 9], [18, 9], [17, 10], [16, 11], [15, 10], [14, 10], [13, 10], [12, 11], [11, 11], [10, 12], [9, 13], [8, 14], [7, 15], [6, 14], [5, 13]]
[[23, 8], [22, 8], [21, 8], [20, 7], [19, 7], [18, 7], [17, 7], [16, 6], [15, 7], [14, 8], [13, 9], [12, 9], [11, 10], [10, 11], [9, 12], [8, 12], [7, 13], [6, 14], [5, 13]]
[[23, 8], [22, 7], [21, 8], [20, 8], [19, 9], [18, 9], [17, 10], [16, 11], [15, 10], [14, 9], [13, 9], [12, 9], [11, 9], [10, 9], [9, 10], [8, 11], [7, 12], [6, 13], [5, 13]]
[[23, 8], [22, 8], [21, 9], [20, 8], [19, 8], [18, 9], [17, 10], [16, 11], [15, 10], [14, 10], [13, 10], [12, 11], [11, 11], [10, 11], [9, 10], [8, 11], [7, 12], [6, 13], [5, 13]]
[[23, 8], [22, 8], [21, 9], [20, 10], [19, 9], [18, 9], [17, 10], [16, 11], [15, 10], [14, 10], [13, 10], [12, 11], [11, 11], [10, 12], [9, 13], [8, 14], [7, 15], [6, 14], [5, 13]]
[[23, 8], [22, 9], [21, 9], [20, 8], [19, 7], [18, 6], [17, 7], [16, 6], [15, 7], [14, 8], [13, 9], [12, 9], [11, 10], [10, 10], [9, 11], [8, 12], [7, 13], [6, 14], [5, 13]]
[[23, 8], [22, 9], [21, 9], [20, 10], [19, 11], [18, 12], [17, 11], [16, 11], [15, 10], [14, 11], [13, 12], [12, 12], [11, 13], [10, 12], [9, 12], [8, 12], [7, 13], [6, 13], [5, 13]]
[[23, 8], [22, 7], [21, 8], [20, 8], [19, 7], [18, 6], [17, 5], [16, 6], [15, 7], [14, 8], [13, 9], [12, 10], [11, 11], [10, 12], [9, 12], [8, 11], [7, 12], [6, 13], [5, 13]]
[[23, 8], [22, 7], [21, 6], [20, 6], [19, 6], [18, 7], [17, 7], [16, 7], [15, 7], [14, 8], [13, 9], [12, 10], [11, 11], [10, 12], [9, 13], [8, 12], [7, 13], [6, 13], [5, 13]]
[[23, 8], [22, 7], [21, 8], [20, 8], [19, 7], [18, 7], [17, 8], [16, 7], [15, 7], [14, 8], [13, 9], [12, 8], [11, 9], [10, 10], [9, 10], [8, 11], [7, 12], [6, 13], [5, 13]]
[[23, 8], [22, 7], [21, 8], [20, 8], [19, 7], [18, 7], [17, 7], [16, 7], [15, 7], [14, 8], [13, 8], [12, 8], [11, 9], [10, 10], [9, 11], [8, 11], [7, 12], [6, 13], [5, 13]]
[[23, 8], [22, 9], [21, 8], [20, 8], [19, 9], [18, 9], [17, 10], [16, 11], [15, 10], [14, 9], [13, 10], [12, 11], [11, 12], [10, 11], [9, 11], [8, 11], [7, 12], [6, 13], [5, 13]]
[[23, 8], [22, 9], [21, 9], [20, 10], [19, 11], [18, 12], [17, 12], [16, 13], [15, 12], [14, 11], [13, 12], [12, 12], [11, 12], [10, 12], [9, 12], [8, 12], [7, 12], [6, 13], [5, 13]]
[[23, 8], [23, 9], [22, 10], [21, 9], [20, 8], [19, 9], [18, 10], [17, 9], [16, 9], [15, 10], [14, 10], [13, 9], [12, 9], [11, 10], [10, 9], [9, 10], [8, 11], [7, 12], [6, 13], [5, 13]]
[[23, 8], [22, 9], [21, 9], [20, 8], [19, 8], [18, 9], [17, 8], [16, 7], [15, 6], [15, 7], [14, 8], [13, 9], [12, 10], [12, 11], [11, 12], [10, 13], [9, 13], [8, 12], [7, 13], [6, 13], [5, 13]]
[[23, 8], [22, 7], [21, 6], [20, 5], [19, 6], [18, 6], [18, 7], [17, 7], [16, 6], [15, 6], [14, 6], [13, 6], [13, 7], [12, 8], [11, 9], [10, 10], [9, 10], [8, 11], [7, 12], [6, 13], [5, 13]]
[[23, 8], [23, 9], [22, 9], [22, 8], [21, 8], [20, 7], [19, 8], [18, 7], [17, 8], [16, 9], [15, 9], [14, 9], [13, 9], [12, 8], [11, 9], [10, 10], [9, 10], [8, 11], [7, 12], [6, 13], [5, 13]]
[[23, 8], [22, 7], [22, 8], [21, 9], [20, 10], [19, 9], [18, 10], [17, 11], [16, 10], [15, 10], [14, 11], [13, 10], [12, 9], [11, 10], [10, 11], [9, 12], [9, 13], [8, 12], [7, 13], [6, 14], [6, 13], [5, 13]]
[[23, 8], [22, 7], [22, 8], [21, 9], [20, 8], [19, 8], [18, 9], [17, 8], [16, 7], [15, 6], [15, 5], [14, 6], [13, 7], [13, 8], [13, 9], [12, 9], [11, 10], [11, 9], [11, 10], [10, 11], [9, 12], [9, 13], [8, 12], [7, 13], [6, 13], [5, 13]]
[[23, 8], [22, 7], [22, 8], [21, 8], [20, 7], [19, 6], [18, 6], [17, 5], [17, 4], [16, 4], [15, 5], [14, 6], [13, 7], [13, 6], [13, 5], [12, 5], [12, 6], [12, 5], [11, 6], [11, 7], [11, 8], [10, 9], [11, 8], [10, 9], [10, 10], [10, 11], [10, 12], [9, 12], [10, 13], [9, 12], [8, 11], [7, 12], [7, 13], [6, 13], [5, 13]]
