[[7, 16], [8, 16], [9, 17], [10, 17], [11, 16], [12, 17], [13, 16], [14, 15], [15, 14], [16, 14], [17, 15], [18, 14], [19, 13]]
[[7, 16], [8, 15], [9, 14], [10, 15], [11, 14], [12, 15], [13, 15], [14, 14], [15, 13], [16, 13], [17, 14], [18, 13], [19, 13]]
[[7, 16], [8, 16], [9, 15], [10, 15], [11, 16], [12, 17], [13, 16], [14, 16], [15, 15], [16, 16], [17, 15], [18, 14], [19, 13]]
[[7, 16], [8, 16], [9, 16], [10, 16], [11, 15], [12, 14], [13, 15], [14, 14], [15, 15], [16, 15], [17, 14], [18, 14], [19, 13]]
[[7, 16], [8, 16], [9, 15], [10, 16], [11, 16], [12, 15], [13, 15], [14, 14], [15, 14], [16, 13], [17, 13], [18, 12], [19, 13]]
[[7, 16], [8, 15], [9, 15], [10, 14], [11, 15], [12, 15], [13, 16], [14, 17], [15, 16], [16, 15], [17, 15], [18, 14], [19, 13]]
[[7, 16], [8, 15], [9, 14], [10, 14], [11, 15], [12, 14], [13, 13], [14, 14], [15, 14], [16, 15], [17, 15], [18, 14], [19, 13]]
[[7, 16], [8, 16], [9, 17], [10, 17], [11, 18], [12, 19], [13, 18], [14, 18], [15, 17], [16, 16], [17, 15], [18, 14], [19, 13]]
[[7, 16], [8, 16], [9, 17], [10, 17], [11, 16], [12, 17], [13, 16], [14, 15], [15, 14], [16, 14], [17, 15], [18, 14], [19, 13]]
[[7, 16], [8, 15], [9, 14], [10, 14], [11, 14], [12, 15], [13, 16], [14, 15], [15, 14], [16, 14], [17, 13], [18, 14], [19, 13]]
[[7, 16], [8, 15], [9, 15], [10, 15], [11, 14], [12, 14], [13, 15], [14, 15], [15, 15], [16, 15], [17, 14], [18, 14], [19, 13]]
[[7, 16], [8, 16], [9, 17], [10, 18], [11, 17], [12, 17], [13, 18], [14, 17], [15, 16], [16, 15], [17, 15], [18, 14], [19, 13]]
[[7, 16], [8, 16], [9, 16], [10, 17], [11, 18], [12, 17], [13, 17], [13, 16], [14, 16], [15, 15], [16, 15], [17, 14], [18, 13], [19, 13]]
[[7, 16], [8, 16], [9, 15], [10, 16], [11, 16], [11, 15], [12, 15], [13, 15], [14, 14], [15, 14], [16, 13], [17, 12], [18, 13], [19, 13]]
[[7, 16], [8, 16], [9, 17], [10, 18], [11, 17], [12, 17], [13, 16], [13, 15], [14, 14], [15, 15], [16, 14], [17, 13], [18, 13], [18, 14], [19, 14], [19, 13]]
[[7, 16], [7, 17], [8, 18], [9, 17], [9, 16], [9, 17], [10, 16], [11, 16], [12, 15], [13, 15], [13, 14], [14, 15], [15, 14], [16, 14], [17, 13], [18, 13], [19, 13]]
[[7, 16], [6, 15], [7, 15], [8, 14], [7, 15], [8, 16], [9, 16], [10, 15], [11, 15], [12, 14], [12, 13], [13, 14], [14, 15], [15, 14], [16, 14], [17, 13], [18, 12], [19, 13]]
[[7, 16], [8, 15], [7, 16], [8, 16], [9, 16], [10, 15], [11, 15], [11, 14], [11, 15], [12, 14], [13, 13], [13, 14], [14, 14], [15, 13], [16, 13], [17, 13], [18, 12], [19, 12], [19, 13]]
[[7, 16], [7, 15], [6, 16], [7, 15], [8, 16], [9, 15], [9, 16], [10, 16], [11, 17], [11, 18], [12, 17], [13, 18], [14, 17], [15, 16], [16, 16], [16, 15], [15, 14], [16, 13], [17, 13], [18, 14], [19, 14], [19, 15], [20, 14], [19, 13]]
[[7, 16], [7, 17], [8, 18], [9, 17], [9, 16], [10, 17], [11, 16], [11, 17], [12, 17], [13, 17], [14, 16], [13, 15], [14, 16], [15, 16], [15, 15], [16, 15], [15, 14], [16, 13], [17, 14], [18, 13], [19, 14], [18, 14], [19, 14], [19, 13]]
