[[18, 5], [19, 5], [20, 6], [21, 7], [22, 8], [23, 9], [23, 10], [24, 11], [23, 12], [24, 13], [25, 14], [26, 15], [27, 16], [28, 17]]
[[18, 5], [19, 5], [20, 6], [20, 7], [21, 8], [22, 9], [23, 10], [24, 11], [25, 12], [24, 13], [25, 14], [26, 15], [27, 16], [28, 17]]
[[18, 5], [19, 5], [20, 6], [21, 7], [22, 8], [22, 9], [23, 10], [24, 11], [25, 12], [26, 13], [26, 14], [26, 15], [27, 16], [28, 17]]
[[18, 5], [19, 5], [20, 6], [20, 7], [21, 8], [22, 9], [23, 10], [23, 11], [23, 12], [24, 13], [25, 14], [26, 15], [27, 16], [28, 17]]
[[18, 5], [19, 5], [20, 6], [20, 7], [21, 8], [22, 9], [23, 10], [24, 11], [25, 12], [26, 13], [25, 14], [26, 15], [27, 16], [28, 17]]
[[18, 5], [19, 5], [20, 6], [21, 7], [22, 8], [23, 9], [23, 10], [24, 11], [23, 12], [24, 13], [25, 14], [26, 15], [27, 16], [28, 17]]
[[18, 5], [19, 5], [20, 6], [21, 7], [21, 8], [22, 9], [23, 10], [24, 11], [25, 12], [25, 13], [26, 14], [26, 15], [27, 16], [28, 17]]
[[18, 5], [19, 5], [20, 6], [21, 7], [21, 8], [22, 9], [23, 10], [24, 11], [23, 12], [24, 13], [25, 14], [26, 15], [27, 16], [28, 17]]
[[18, 5], [19, 5], [20, 6], [21, 7], [21, 8], [22, 9], [23, 10], [22, 11], [23, 12], [24, 13], [25, 14], [26, 15], [27, 16], [28, 17]]
[[18, 5], [19, 5], [20, 6], [21, 7], [22, 8], [23, 9], [24, 10], [24, 11], [25, 12], [26, 13], [25, 14], [26, 15], [27, 16], [28, 17]]
[[18, 5], [19, 5], [20, 6], [21, 7], [22, 8], [22, 9], [23, 10], [24, 11], [23, 12], [24, 13], [25, 14], [26, 15], [27, 16], [28, 17]]
[[18, 5], [19, 5], [20, 6], [20, 7], [21, 8], [22, 9], [23, 10], [24, 11], [25, 12], [24, 13], [25, 14], [26, 15], [27, 16], [28, 17]]
[[18, 5], [19, 5], [20, 6], [20, 7], [21, 8], [22, 9], [23, 10], [24, 11], [25, 12], [26, 13], [26, 14], [26, 15], [27, 16], [28, 17]]
[[18, 5], [19, 5], [20, 6], [20, 7], [21, 8], [22, 9], [23, 10], [24, 11], [25, 12], [25, 13], [26, 14], [26, 15], [27, 16], [28, 17]]
[[18, 5], [19, 5], [20, 6], [21, 7], [21, 8], [22, 9], [23, 10], [24, 11], [25, 12], [25, 13], [26, 14], [26, 15], [27, 16], [28, 17]]
[[18, 5], [19, 5], [20, 6], [21, 7], [22, 8], [22, 9], [23, 10], [24, 10], [25, 11], [26, 12], [25, 13], [26, 14], [26, 15], [27, 16], [28, 17]]
[[18, 5], [19, 5], [20, 6], [21, 6], [20, 6], [20, 7], [21, 8], [22, 9], [23, 10], [24, 11], [25, 12], [26, 13], [26, 14], [26, 15], [27, 16], [28, 17]]
[[18, 5], [19, 5], [20, 6], [21, 7], [22, 8], [23, 9], [24, 10], [25, 11], [25, 12], [24, 13], [25, 14], [26, 15], [26, 16], [27, 17], [28, 18], [28, 17]]
[[18, 5], [19, 5], [20, 6], [21, 7], [22, 8], [23, 9], [24, 10], [25, 11], [26, 12], [27, 13], [28, 14], [29, 14], [28, 14], [29, 15], [28, 16], [28, 17]]
[[18, 5], [19, 5], [20, 6], [21, 7], [22, 8], [23, 9], [24, 10], [25, 11], [26, 11], [26, 12], [27, 12], [28, 13], [28, 14], [28, 15], [28, 16], [29, 17], [28, 17]]
