[[7, 1], [7, 2], [8, 3], [9, 4], [10, 5], [11, 6], [12, 7]]
[[7, 1], [8, 2], [9, 3], [10, 4], [11, 5], [11, 6], [12, 7]]
[[7, 1], [8, 2], [9, 3], [10, 4], [11, 5], [11, 6], [12, 7]]
[[7, 1], [7, 2], [8, 3], [9, 4], [10, 5], [11, 6], [12, 7]]
[[7, 1], [8, 2], [9, 3], [10, 4], [11, 5], [11, 6], [12, 7]]
[[7, 1], [8, 2], [9, 3], [10, 4], [10, 5], [11, 6], [12, 7]]
[[7, 1], [8, 2], [9, 3], [10, 4], [11, 5], [11, 6], [12, 7]]
[[7, 1], [8, 2], [9, 3], [9, 4], [10, 5], [11, 6], [12, 7]]
[[7, 1], [8, 2], [9, 3], [10, 4], [10, 5], [11, 6], [12, 7]]
[[7, 1], [8, 2], [9, 3], [10, 4], [10, 5], [11, 6], [12, 7]]
[[7, 1], [8, 2], [8, 3], [9, 4], [10, 5], [11, 6], [12, 7]]
[[7, 1], [6, 2], [7, 2], [7, 3], [6, 4], [7, 5], [8, 6], [9, 6], [10, 5], [11, 4], [12, 3], [11, 3], [10, 3], [11, 2], [11, 1], [12, 0], [13, 1], [12, 1], [11, 0], [10, 1], [9, 0], [9, 1], [10, 2], [9, 3], [9, 4], [8, 5], [7, 6], [6, 7], [7, 7], [6, 6], [5, 5], [6, 4], [7, 5], [8, 6], [9, 5], [10, 6], [11, 7], [11, 8], [12, 8], [12, 9], [13, 8], [13, 7], [14, 8], [14, 7], [15, 8], [14, 9], [13, 8], [12, 8], [12, 7]]
[[7, 1], [8, 2], [9, 1], [10, 2], [9, 3], [9, 4], [10, 4], [9, 4], [9, 3], [10, 4], [10, 3], [10, 4], [11, 5], [12, 4], [13, 5], [14, 6], [15, 5], [16, 5], [15, 5], [14, 6], [15, 7], [14, 6], [13, 6], [12, 5], [11, 5], [10, 6], [10, 7], [11, 7], [12, 8], [12, 7], [13, 8], [13, 9], [12, 9], [12, 10], [11, 11], [11, 12], [11, 11], [12, 10], [13, 11], [14, 12], [14, 11], [15, 12], [16, 12], [17, 12], [17, 11], [17, 10], [16, 10], [15, 9], [15, 8], [14, 8], [14, 9], [15, 8], [14, 7], [13, 8], [12, 7]]
