[[15, 4], [16, 5], [17, 5], [18, 6], [19, 5], [20, 5], [21, 5], [22, 4], [23, 3]]
[[15, 4], [16, 4], [17, 5], [18, 5], [19, 5], [20, 5], [21, 5], [22, 4], [23, 3]]
[[15, 4], [16, 4], [17, 4], [18, 3], [19, 2], [20, 2], [21, 3], [22, 4], [23, 3]]
[[15, 4], [16, 5], [17, 5], [18, 6], [19, 5], [20, 5], [21, 5], [22, 4], [23, 3]]
[[15, 4], [16, 3], [17, 3], [18, 4], [19, 5], [20, 5], [21, 4], [22, 3], [23, 3]]
[[15, 4], [16, 5], [17, 5], [18, 6], [19, 5], [20, 5], [21, 4], [22, 4], [23, 3]]
[[15, 4], [16, 4], [17, 3], [18, 2], [19, 2], [20, 2], [21, 2], [22, 2], [23, 3]]
[[15, 4], [16, 4], [17, 3], [18, 3], [19, 2], [20, 2], [21, 3], [22, 3], [23, 3]]
[[15, 4], [16, 4], [17, 3], [18, 2], [19, 2], [20, 2], [21, 1], [22, 2], [23, 3]]
[[15, 4], [16, 5], [17, 4], [18, 5], [19, 5], [20, 4], [21, 3], [22, 2], [23, 3]]
[[15, 4], [15, 3], [16, 3], [17, 2], [17, 1], [17, 0], [18, 0], [18, 1], [19, 2], [20, 3], [21, 2], [22, 2], [23, 3]]
[[15, 4], [15, 3], [16, 3], [17, 2], [17, 1], [17, 0], [18, 0], [18, 1], [19, 0], [20, 0], [21, 1], [21, 2], [22, 3], [23, 3]]
[[15, 4], [14, 5], [14, 6], [13, 6], [12, 7], [12, 8], [12, 9], [12, 10], [11, 11], [10, 12], [9, 13], [10, 13], [9, 12], [10, 11], [9, 11], [8, 12], [7, 11], [6, 10], [5, 11], [4, 11], [3, 12], [2, 13], [2, 12], [3, 13], [4, 13], [3, 14], [3, 15], [2, 16], [1, 16], [0, 16], [1, 17], [1, 18], [0, 17], [0, 18], [0, 19], [1, 19], [2, 19], [3, 18], [2, 17], [3, 16], [4, 17], [5, 17], [4, 16], [5, 15], [6, 15], [5, 14], [4, 14], [4, 15], [5, 16], [6, 16], [7, 16], [8, 17], [7, 18], [6, 17], [6, 18], [7, 17], [8, 18], [9, 19], [10, 19], [10, 18], [11, 19], [11, 18], [12, 19], [13, 18], [14, 19], [14, 18], [15, 19], [16, 19], [16, 18], [15, 18], [15, 17], [16, 16], [16, 17], [17, 18], [18, 18], [18, 17], [19, 16], [20, 17], [20, 18], [20, 19], [21, 18], [21, 19], [22, 18], [21, 17], [21, 16], [22, 15], [23, 16], [23, 17], [23, 18], [24, 18], [25, 18], [25, 19], [26, 19], [27, 18], [26, 17], [27, 16], [28, 15], [28, 14], [29, 13], [28, 13], [27, 12], [28, 12], [29, 12], [29, 11], [28, 11], [27, 11], [27, 10], [28, 9], [28, 8], [29, 7], [29, 6], [29, 5], [28, 5], [27, 4], [26, 4], [25, 5], [25, 6], [26, 5], [26, 6], [27, 5], [28, 6], [28, 7], [27, 8], [26, 8], [26, 7], [25, 8], [24, 8], [25, 9], [26, 9], [27, 9], [26, 10], [25, 11], [25, 10], [24, 10], [23, 10], [23, 11], [22, 11], [21, 12], [20, 13], [20, 14], [19, 13], [18, 13], [18, 14], [17, 14], [18, 15], [17, 15], [18, 16], [17, 17], [17, 16], [16, 15], [15, 14], [14, 15], [14, 16], [13, 16], [14, 17], [15, 16], [15, 15], [14, 14], [15, 13], [15, 12], [15, 13], [15, 14], [14, 14], [15, 15], [16, 15], [15, 16], [14, 16], [13, 17], [12, 16], [11, 17], [11, 18], [10, 17], [10, 18], [9, 19], [9, 18], [9, 17], [10, 16], [9, 16], [8, 16], [7, 15], [7, 16], [6, 17], [5, 18], [6, 19], [5, 19], [4, 18], [5, 17], [5, 16], [4, 16], [5, 15], [6, 15], [7, 14], [7, 13], [8, 13], [8, 12], [8, 11], [9, 11], [9, 12], [10, 12], [11, 12], [12, 13], [13, 12], [14, 12], [13, 13], [13, 14], [14, 15], [13, 16], [14, 17], [14, 18], [15, 19], [15, 18], [16, 18], [16, 17], [17, 17], [17, 18], [17, 19], [18, 18], [19, 17], [19, 18], [20, 17], [20, 18], [21, 19], [22, 19], [22, 18], [21, 17], [20, 16], [19, 16], [20, 15], [20, 14], [21, 15], [21, 16], [22, 15], [22, 16], [23, 15], [24, 16], [25, 16], [26, 17], [25, 18], [25, 17], [26, 16], [25, 15], [26, 14], [25, 13], [25, 12], [24, 13], [23, 13], [24, 14], [25, 14], [26, 13], [27, 13], [27, 12], [28, 13], [28, 12], [29, 12], [28, 11], [29, 10], [29, 9], [29, 8], [29, 7], [28, 7], [27, 6], [26, 5], [26, 4], [27, 4], [26, 3], [27, 2], [27, 1], [28, 1], [28, 0], [27, 0], [26, 1], [25, 2], [24, 1], [23, 0], [22, 1], [22, 0], [21, 0], [20, 0], [21, 1], [22, 2], [23, 2], [23, 3]]
