[[28, 5], [27, 5], [26, 6], [25, 7]]
[[28, 5], [27, 5], [26, 6], [25, 7]]
[[28, 5], [27, 5], [26, 6], [25, 7]]
[[28, 5], [27, 5], [26, 6], [25, 7]]
[[28, 5], [27, 5], [26, 6], [25, 7]]
[[28, 5], [27, 6], [26, 7], [25, 7]]
[[28, 5], [27, 6], [26, 7], [25, 7]]
[[28, 5], [27, 6], [26, 6], [25, 7]]
[[28, 5], [27, 6], [26, 6], [25, 7]]
[[28, 5], [27, 6], [26, 6], [25, 7]]
[[28, 5], [28, 6], [28, 7], [27, 7], [26, 6], [26, 5], [25, 6], [26, 7], [25, 7]]
[[28, 5], [27, 5], [26, 6], [25, 5], [26, 5], [26, 4], [26, 3], [26, 2], [25, 1], [25, 2], [24, 2], [23, 2], [22, 3], [22, 4], [23, 5], [22, 5], [21, 6], [21, 7], [20, 8], [20, 7], [20, 6], [19, 5], [18, 5], [17, 6], [18, 7], [17, 7], [16, 7], [15, 8], [15, 9], [14, 8], [14, 7], [15, 7], [16, 6], [17, 5], [16, 5], [17, 4], [17, 3], [16, 3], [15, 3], [14, 4], [13, 4], [13, 3], [13, 2], [14, 2], [13, 1], [14, 0], [15, 0], [15, 1], [16, 0], [16, 1], [17, 2], [16, 2], [15, 2], [14, 1], [13, 0], [12, 1], [11, 0], [10, 0], [9, 1], [10, 1], [11, 2], [12, 2], [11, 1], [10, 2], [9, 3], [8, 3], [8, 4], [9, 4], [10, 4], [10, 5], [11, 6], [12, 7], [12, 8], [11, 9], [12, 9], [13, 10], [14, 11], [15, 12], [15, 13], [15, 14], [14, 14], [14, 13], [13, 14], [12, 15], [12, 16], [13, 15], [14, 16], [15, 17], [14, 18], [13, 19], [14, 19], [15, 19], [16, 18], [17, 17], [18, 16], [17, 16], [18, 17], [19, 16], [20, 15], [21, 15], [21, 16], [22, 15], [23, 15], [22, 14], [23, 13], [22, 13], [21, 14], [21, 13], [20, 13], [20, 14], [19, 14], [19, 15], [18, 14], [17, 13], [18, 12], [19, 12], [19, 13], [20, 12], [21, 12], [20, 11], [19, 11], [20, 10], [19, 10], [19, 9], [18, 9], [17, 9], [16, 10], [16, 9], [16, 8], [17, 8], [18, 8], [19, 8], [20, 9], [21, 8], [22, 7], [23, 7], [22, 8], [22, 9], [22, 10], [23, 10], [24, 11], [25, 10], [26, 10], [25, 9], [26, 8], [25, 7]]
[[28, 5], [27, 5], [28, 4], [29, 5], [28, 6], [28, 7], [27, 7], [26, 8], [26, 7], [27, 6], [27, 5], [26, 6], [26, 5], [25, 6], [24, 7], [24, 8], [23, 7], [23, 8], [22, 8], [21, 8], [20, 7], [19, 8], [18, 8], [17, 8], [16, 9], [16, 8], [16, 7], [15, 7], [15, 8], [14, 8], [14, 9], [13, 10], [14, 11], [15, 12], [15, 11], [14, 10], [15, 9], [16, 10], [16, 11], [17, 12], [18, 11], [19, 11], [18, 12], [17, 13], [17, 14], [16, 15], [16, 16], [17, 17], [18, 17], [17, 16], [16, 17], [15, 17], [14, 18], [13, 19], [12, 18], [13, 18], [13, 17], [13, 16], [13, 15], [12, 15], [13, 14], [12, 13], [12, 14], [11, 14], [11, 13], [12, 12], [13, 13], [14, 14], [15, 13], [15, 14], [16, 14], [15, 15], [14, 16], [15, 16], [14, 17], [15, 18], [16, 18], [16, 19], [17, 18], [18, 19], [19, 18], [20, 18], [21, 18], [20, 17], [21, 17], [22, 17], [23, 17], [22, 16], [22, 15], [23, 14], [22, 13], [21, 14], [20, 14], [19, 15], [20, 16], [21, 16], [21, 15], [20, 15], [19, 14], [19, 13], [20, 12], [21, 13], [21, 12], [20, 13], [19, 12], [20, 11], [19, 10], [19, 9], [20, 9], [20, 8], [21, 7], [20, 6], [21, 5], [21, 4], [21, 3], [20, 3], [19, 2], [19, 1], [18, 1], [17, 2], [16, 2], [17, 3], [16, 3], [15, 2], [14, 3], [15, 4], [14, 4], [14, 5], [13, 6], [12, 6], [12, 5], [13, 5], [13, 4], [13, 3], [14, 2], [14, 1], [13, 0], [14, 0], [13, 1], [12, 0], [11, 0], [10, 0], [11, 1], [12, 2], [13, 2], [12, 1], [11, 2], [11, 3], [10, 2], [10, 1], [9, 0], [8, 1], [7, 2], [8, 2], [9, 2], [10, 3], [10, 4], [9, 5], [9, 4], [9, 3], [8, 4], [8, 3], [7, 3], [6, 3], [6, 2], [5, 2], [5, 1], [4, 2], [3, 2], [3, 1], [3, 0], [2, 1], [1, 2], [1, 1], [2, 0], [1, 0], [0, 1], [0, 2], [0, 3], [1, 4], [1, 3], [2, 4], [2, 5], [3, 6], [2, 7], [3, 7], [2, 6], [1, 5], [1, 6], [0, 5], [0, 6], [1, 7], [1, 8], [2, 8], [1, 9], [0, 10], [0, 11], [0, 12], [1, 11], [1, 10], [2, 10], [3, 9], [4, 10], [5, 9], [6, 9], [5, 8], [6, 7], [5, 7], [4, 8], [4, 9], [3, 10], [3, 11], [2, 12], [1, 12], [1, 13], [2, 14], [3, 14], [4, 14], [3, 15], [3, 16], [2, 15], [1, 15], [2, 16], [1, 17], [1, 16], [0, 15], [0, 16], [0, 17], [1, 18], [2, 18], [2, 19], [3, 18], [4, 19], [4, 18], [5, 19], [6, 18], [5, 17], [5, 16], [6, 15], [7, 16], [8, 15], [9, 16], [10, 16], [9, 15], [10, 15], [11, 15], [12, 16], [11, 16], [11, 17], [11, 18], [10, 19], [9, 18], [10, 17], [10, 18], [9, 19], [8, 19], [7, 19], [7, 18], [6, 19], [5, 18], [6, 17], [6, 16], [7, 15], [8, 14], [9, 13], [8, 13], [7, 13], [8, 12], [9, 11], [9, 12], [10, 12], [11, 11], [11, 12], [12, 11], [11, 10], [12, 10], [11, 9], [11, 8], [10, 7], [10, 6], [10, 5], [11, 6], [12, 7], [13, 8], [12, 8], [13, 7], [14, 6], [15, 6], [16, 6], [17, 6], [18, 5], [17, 5], [18, 6], [19, 5], [20, 5], [21, 6], [22, 7], [23, 6], [22, 5], [22, 4], [22, 3], [23, 2], [22, 2], [22, 1], [23, 1], [23, 0], [24, 0], [24, 1], [25, 1], [26, 0], [27, 1], [26, 2], [25, 3], [26, 3], [25, 2], [24, 2], [24, 3], [25, 4], [26, 4], [25, 5], [24, 6], [25, 7]]
