[[5, 9], [4, 10], [3, 11], [3, 12], [4, 13], [3, 14]]
[[5, 9], [4, 10], [5, 11], [4, 12], [4, 13], [3, 14]]
[[5, 9], [6, 10], [5, 11], [5, 12], [4, 13], [3, 14]]
[[5, 9], [4, 10], [3, 11], [3, 12], [4, 13], [3, 14]]
[[5, 9], [4, 10], [3, 11], [3, 12], [4, 13], [3, 14]]
[[5, 9], [6, 10], [5, 11], [4, 12], [3, 13], [3, 14]]
[[5, 9], [4, 10], [3, 11], [2, 12], [2, 13], [3, 14]]
[[5, 9], [4, 10], [3, 11], [2, 12], [3, 13], [3, 14]]
[[5, 9], [5, 10], [5, 11], [4, 12], [4, 13], [5, 14], [4, 14], [4, 13], [3, 14]]
[[5, 9], [5, 10], [4, 10], [5, 11], [6, 10], [6, 11], [5, 12], [5, 13], [4, 13], [3, 14]]
[[5, 9], [6, 10], [7, 11], [6, 12], [7, 11], [8, 12], [9, 12], [10, 13], [9, 13], [9, 14], [10, 14], [10, 15], [11, 14], [12, 15], [12, 16], [11, 15], [11, 14], [12, 13], [13, 12], [12, 11], [13, 11], [14, 11], [15, 12], [16, 12], [15, 12], [14, 13], [15, 14], [16, 14], [17, 13], [17, 14], [16, 15], [17, 16], [16, 17], [17, 17], [16, 17], [16, 18], [15, 18], [16, 18], [17, 17], [17, 18], [17, 19], [18, 18], [19, 19], [19, 18], [19, 17], [20, 16], [19, 17], [20, 18], [21, 18], [22, 17], [23, 16], [22, 16], [21, 17], [22, 17], [21, 16], [20, 16], [20, 15], [20, 14], [19, 13], [18, 13], [17, 12], [17, 11], [17, 12], [17, 11], [16, 10], [17, 9], [16, 8], [15, 7], [15, 8], [15, 7], [15, 6], [14, 5], [15, 5], [16, 6], [17, 6], [18, 5], [17, 4], [16, 4], [17, 4], [18, 4], [18, 5], [19, 4], [20, 5], [20, 4], [21, 3], [22, 3], [23, 3], [22, 2], [23, 2], [24, 1], [25, 2], [25, 1], [24, 1], [25, 2], [24, 3], [23, 4], [23, 5], [22, 5], [21, 6], [22, 6], [21, 7], [20, 8], [20, 9], [21, 10], [21, 11], [21, 12], [22, 12], [22, 11], [23, 12], [24, 11], [25, 11], [25, 10], [24, 9], [24, 10], [25, 9], [26, 8], [26, 7], [27, 7], [26, 6], [27, 5], [26, 5], [27, 4], [26, 4], [25, 5], [24, 6], [24, 7], [23, 8], [24, 9], [23, 10], [22, 10], [21, 10], [20, 11], [19, 10], [18, 10], [17, 10], [17, 9], [18, 8], [19, 8], [19, 7], [20, 6], [19, 6], [18, 6], [17, 7], [16, 8], [15, 7], [14, 7], [14, 8], [13, 7], [12, 6], [13, 5], [14, 4], [13, 3], [13, 2], [12, 2], [13, 3], [12, 4], [12, 5], [13, 6], [12, 6], [12, 7], [11, 8], [10, 9], [9, 9], [10, 10], [9, 10], [10, 9], [9, 9], [10, 8], [9, 7], [8, 8], [8, 7], [9, 7], [9, 6], [10, 6], [9, 5], [8, 4], [9, 3], [9, 2], [10, 3], [10, 2], [11, 1], [11, 0], [12, 0], [11, 0], [10, 1], [9, 0], [8, 0], [7, 1], [6, 1], [6, 0], [5, 0], [4, 0], [3, 1], [3, 2], [4, 2], [5, 2], [6, 3], [7, 4], [7, 5], [8, 5], [7, 4], [8, 3], [8, 2], [8, 3], [9, 4], [10, 3], [10, 4], [11, 4], [12, 5], [11, 5], [10, 6], [9, 7], [8, 8], [7, 8], [7, 9], [6, 9], [7, 10], [7, 9], [7, 10], [6, 11], [5, 11], [5, 12], [4, 12], [5, 13], [6, 14], [5, 15], [4, 15], [4, 16], [4, 17], [3, 16], [2, 17], [1, 16], [2, 15], [3, 14], [3, 13], [2, 14], [1, 14], [0, 14], [1, 13], [2, 13], [2, 14], [3, 14], [3, 15], [3, 14]]
