[[18, 13], [18, 12], [18, 11], [19, 10], [18, 9], [17, 8], [16, 7], [15, 6], [16, 5], [15, 4], [15, 3]]
[[18, 13], [17, 12], [16, 11], [17, 10], [17, 9], [16, 8], [15, 7], [16, 6], [17, 5], [16, 4], [15, 3]]
[[18, 13], [17, 12], [17, 11], [16, 10], [15, 9], [15, 8], [15, 7], [15, 6], [14, 5], [15, 4], [15, 3]]
[[18, 13], [17, 12], [17, 11], [17, 10], [17, 9], [17, 8], [16, 7], [16, 6], [15, 5], [16, 4], [15, 3]]
[[18, 13], [18, 12], [18, 11], [19, 10], [18, 9], [17, 8], [16, 7], [15, 6], [16, 5], [15, 4], [15, 3]]
[[18, 13], [17, 12], [18, 11], [19, 10], [18, 9], [17, 8], [17, 7], [16, 6], [16, 5], [15, 4], [15, 3]]
[[18, 13], [19, 12], [18, 11], [18, 10], [18, 9], [17, 8], [16, 7], [15, 6], [14, 5], [14, 4], [15, 3]]
[[18, 13], [18, 12], [17, 11], [18, 10], [17, 9], [16, 8], [16, 7], [15, 6], [16, 5], [15, 4], [15, 3]]
[[18, 13], [18, 12], [18, 11], [19, 10], [18, 9], [17, 8], [16, 7], [15, 6], [16, 5], [16, 4], [15, 3]]
[[18, 13], [19, 12], [18, 11], [18, 10], [18, 9], [17, 8], [16, 7], [15, 6], [14, 5], [15, 4], [15, 3]]
[[18, 13], [19, 12], [19, 11], [18, 10], [17, 9], [16, 8], [17, 7], [16, 6], [15, 5], [15, 4], [15, 3]]
[[18, 13], [19, 12], [18, 11], [17, 10], [18, 9], [17, 8], [16, 7], [16, 6], [16, 5], [15, 4], [15, 3]]
[[18, 13], [18, 12], [19, 11], [18, 10], [18, 9], [17, 8], [16, 7], [15, 6], [16, 5], [16, 4], [15, 3]]
[[18, 13], [19, 12], [18, 11], [17, 10], [17, 9], [16, 8], [17, 7], [16, 6], [16, 5], [16, 4], [15, 3]]
[[18, 13], [18, 12], [19, 11], [18, 10], [17, 9], [16, 8], [16, 7], [17, 6], [16, 5], [16, 4], [15, 3]]
[[18, 13], [17, 12], [18, 11], [17, 10], [17, 9], [16, 8], [15, 7], [15, 6], [16, 5], [16, 4], [15, 3]]
[[18, 13], [17, 12], [18, 11], [18, 10], [17, 9], [16, 8], [15, 7], [15, 6], [16, 5], [16, 4], [15, 3]]
[[18, 13], [18, 12], [18, 11], [17, 11], [18, 10], [17, 9], [16, 8], [15, 7], [16, 6], [16, 5], [17, 5], [16, 4], [15, 3]]
[[18, 13], [19, 12], [20, 12], [19, 11], [19, 10], [19, 9], [18, 9], [17, 8], [17, 7], [17, 6], [18, 6], [17, 5], [16, 5], [16, 4], [15, 3]]
[[18, 13], [19, 12], [19, 11], [19, 10], [18, 10], [17, 9], [17, 10], [16, 11], [15, 12], [15, 11], [14, 12], [15, 12], [15, 13], [14, 13], [13, 12], [12, 13], [12, 12], [12, 13], [11, 13], [11, 12], [10, 12], [9, 12], [8, 11], [7, 11], [8, 12], [9, 11], [10, 10], [9, 9], [10, 9], [10, 10], [11, 10], [12, 10], [11, 9], [11, 8], [11, 7], [10, 6], [11, 6], [12, 7], [12, 6], [13, 5], [14, 5], [15, 6], [15, 7], [16, 6], [16, 5], [17, 6], [16, 6], [15, 5], [16, 4], [15, 3]]
