[[17, 4], [16, 5], [15, 6], [15, 7], [16, 8], [15, 9], [15, 10], [15, 11], [14, 12], [15, 13], [15, 14]]
[[17, 4], [18, 5], [17, 6], [16, 7], [17, 8], [17, 9], [16, 10], [15, 11], [16, 12], [15, 13], [15, 14]]
[[17, 4], [18, 5], [18, 6], [17, 7], [16, 8], [16, 9], [15, 10], [14, 11], [15, 12], [16, 13], [15, 14]]
[[17, 4], [16, 5], [17, 6], [17, 7], [16, 8], [16, 9], [16, 10], [17, 11], [17, 12], [16, 13], [15, 14]]
[[17, 4], [16, 5], [16, 6], [17, 7], [18, 8], [17, 9], [16, 10], [17, 11], [16, 12], [16, 13], [15, 14]]
[[17, 4], [16, 5], [15, 6], [15, 7], [16, 8], [16, 9], [15, 10], [14, 11], [15, 12], [16, 13], [15, 14]]
[[17, 4], [16, 5], [15, 6], [15, 7], [16, 8], [15, 9], [16, 10], [15, 11], [14, 12], [15, 13], [15, 14]]
[[17, 4], [16, 5], [17, 6], [16, 7], [16, 8], [15, 9], [16, 10], [16, 11], [15, 12], [16, 13], [15, 14]]
[[17, 4], [16, 5], [15, 6], [15, 7], [16, 8], [15, 9], [15, 10], [15, 11], [14, 12], [15, 13], [15, 14]]
[[17, 4], [16, 5], [15, 6], [15, 7], [16, 8], [17, 9], [16, 10], [17, 11], [16, 12], [15, 13], [15, 14]]
[[17, 4], [18, 5], [18, 6], [17, 7], [17, 8], [16, 9], [15, 10], [15, 11], [14, 12], [15, 13], [15, 14]]
[[17, 4], [16, 5], [17, 6], [17, 7], [16, 8], [17, 9], [16, 10], [15, 11], [16, 12], [15, 13], [15, 14]]
[[17, 4], [16, 5], [15, 6], [15, 7], [16, 7], [16, 8], [16, 9], [15, 9], [16, 10], [16, 11], [16, 12], [15, 13], [15, 14]]
[[17, 4], [16, 5], [16, 6], [15, 7], [16, 8], [17, 9], [18, 10], [17, 11], [18, 12], [17, 12], [16, 12], [15, 12], [14, 13], [15, 14]]
[[17, 4], [18, 5], [18, 6], [17, 6], [16, 6], [17, 7], [16, 8], [16, 9], [15, 10], [16, 11], [15, 12], [16, 13], [16, 14], [15, 14]]
[[17, 4], [16, 5], [16, 6], [15, 7], [16, 8], [15, 9], [14, 10], [13, 11], [12, 11], [13, 10], [14, 11], [15, 12], [16, 13], [15, 14]]
[[17, 4], [16, 5], [17, 6], [18, 6], [17, 6], [16, 7], [15, 7], [16, 7], [16, 8], [17, 9], [18, 10], [19, 11], [18, 12], [17, 13], [17, 14], [16, 15], [15, 14]]
[[17, 4], [16, 5], [15, 6], [14, 7], [14, 8], [15, 9], [16, 10], [16, 11], [15, 12], [15, 13], [16, 12], [17, 13], [17, 14], [16, 15], [17, 15], [16, 16], [15, 16], [16, 17], [15, 16], [14, 17], [13, 16], [12, 16], [13, 16], [14, 15], [14, 14], [15, 14]]
[[17, 4], [16, 5], [17, 6], [18, 6], [18, 7], [17, 7], [16, 6], [15, 6], [16, 7], [17, 8], [17, 9], [16, 9], [16, 10], [15, 10], [14, 11], [13, 11], [14, 12], [15, 13], [14, 14], [14, 13], [13, 13], [12, 13], [11, 14], [11, 15], [12, 16], [12, 15], [13, 15], [13, 16], [14, 16], [14, 15], [14, 14], [15, 14]]
[[17, 4], [16, 5], [17, 6], [16, 7], [16, 8], [15, 9], [15, 10], [15, 11], [14, 12], [15, 12], [16, 12], [16, 11], [16, 10], [17, 11], [18, 12], [19, 11], [18, 10], [19, 9], [20, 8], [20, 7], [21, 6], [22, 5], [22, 4], [23, 3], [23, 4], [22, 3], [22, 2], [23, 3], [24, 2], [25, 1], [26, 1], [27, 1], [28, 2], [29, 3], [29, 2], [28, 1], [27, 0], [26, 0], [25, 0], [24, 0], [23, 0], [24, 1], [25, 2], [24, 3], [25, 3], [24, 4], [25, 5], [26, 4], [27, 5], [28, 5], [27, 4], [28, 3], [28, 4], [27, 3], [27, 2], [26, 3], [25, 4], [26, 5], [26, 6], [25, 7], [25, 6], [24, 6], [23, 6], [23, 7], [22, 8], [22, 9], [22, 10], [23, 9], [24, 8], [25, 8], [24, 9], [24, 10], [24, 11], [25, 12], [26, 13], [25, 14], [26, 14], [25, 13], [24, 12], [24, 13], [23, 13], [23, 14], [23, 15], [22, 15], [21, 16], [22, 16], [23, 16], [22, 17], [21, 17], [22, 18], [23, 18], [23, 17], [24, 17], [25, 17], [26, 16], [26, 15], [27, 15], [28, 15], [29, 16], [29, 17], [29, 18], [28, 17], [28, 18], [27, 19], [27, 18], [26, 19], [26, 18], [25, 19], [24, 18], [24, 19], [23, 19], [22, 19], [21, 19], [20, 19], [19, 19], [18, 19], [18, 18], [17, 19], [16, 18], [17, 17], [16, 16], [15, 17], [15, 16], [14, 16], [13, 15], [12, 14], [12, 13], [11, 12], [10, 13], [9, 14], [8, 15], [9, 16], [9, 17], [8, 18], [9, 18], [10, 18], [10, 17], [11, 18], [12, 19], [12, 18], [13, 17], [12, 16], [13, 16], [14, 17], [14, 18], [15, 18], [15, 19], [14, 19], [13, 19], [13, 18], [12, 17], [11, 17], [10, 16], [9, 15], [10, 14], [11, 14], [11, 13], [12, 12], [13, 11], [14, 11], [13, 10], [13, 9], [12, 10], [12, 9], [11, 8], [11, 7], [12, 7], [13, 7], [14, 8], [14, 9], [13, 8], [12, 8], [11, 9], [10, 9], [10, 10], [10, 11], [9, 12], [10, 12], [9, 11], [9, 10], [8, 9], [9, 8], [10, 7], [9, 6], [10, 5], [11, 5], [12, 6], [13, 6], [13, 5], [14, 5], [15, 4], [16, 4], [17, 3], [18, 4], [18, 3], [19, 4], [19, 3], [20, 4], [20, 5], [21, 4], [22, 5], [21, 6], [20, 7], [21, 7], [20, 6], [19, 6], [18, 5], [18, 6], [18, 7], [17, 8], [18, 8], [19, 9], [18, 10], [18, 9], [17, 9], [16, 8], [15, 9], [15, 10], [16, 9], [16, 10], [17, 11], [16, 12], [15, 13], [16, 14], [16, 15], [15, 14]]
