[[2, 3], [3, 4], [4, 4], [5, 3], [6, 3], [7, 4], [8, 5], [9, 5], [10, 5], [11, 4], [12, 4], [13, 5]]
[[2, 3], [3, 3], [4, 4], [5, 3], [6, 3], [7, 4], [8, 3], [9, 4], [10, 3], [11, 3], [12, 4], [13, 5]]
[[2, 3], [3, 3], [4, 3], [5, 4], [6, 5], [7, 4], [8, 4], [9, 5], [10, 4], [11, 3], [12, 4], [13, 5]]
[[2, 3], [3, 4], [4, 4], [5, 4], [6, 5], [7, 4], [8, 4], [9, 4], [10, 4], [11, 5], [12, 4], [13, 5]]
[[2, 3], [3, 4], [4, 4], [5, 4], [6, 5], [7, 4], [8, 5], [9, 4], [10, 5], [11, 4], [12, 4], [13, 5]]
[[2, 3], [3, 4], [4, 4], [5, 4], [6, 5], [7, 4], [8, 4], [9, 5], [10, 4], [11, 3], [12, 4], [13, 5]]
[[2, 3], [3, 4], [4, 3], [5, 3], [6, 4], [7, 3], [8, 3], [9, 2], [10, 3], [11, 4], [12, 4], [13, 5]]
[[2, 3], [3, 4], [4, 3], [5, 2], [6, 3], [7, 2], [8, 2], [9, 2], [10, 2], [11, 3], [12, 4], [13, 5]]
[[2, 3], [3, 2], [4, 3], [5, 3], [6, 4], [7, 3], [8, 4], [9, 3], [10, 4], [11, 5], [12, 4], [13, 5]]
[[2, 3], [3, 3], [4, 3], [5, 3], [6, 2], [7, 3], [8, 2], [9, 3], [10, 2], [11, 3], [12, 4], [13, 5]]
[[2, 3], [3, 2], [4, 3], [5, 3], [6, 3], [7, 2], [8, 1], [9, 2], [10, 3], [11, 4], [12, 4], [13, 5]]
[[2, 3], [3, 4], [4, 4], [5, 3], [6, 3], [7, 4], [8, 5], [9, 5], [10, 5], [11, 4], [12, 4], [13, 5]]
[[2, 3], [3, 2], [4, 3], [5, 3], [6, 4], [7, 4], [8, 5], [9, 4], [10, 5], [11, 4], [12, 4], [13, 5]]
[[2, 3], [3, 4], [4, 4], [5, 4], [6, 5], [7, 4], [8, 4], [9, 4], [10, 3], [11, 4], [12, 4], [13, 5]]
[[2, 3], [3, 4], [4, 3], [5, 4], [6, 3], [7, 3], [8, 4], [9, 4], [10, 5], [11, 4], [12, 4], [13, 5]]
[[2, 3], [2, 4], [3, 3], [4, 4], [5, 3], [6, 3], [6, 4], [7, 3], [8, 4], [9, 4], [10, 4], [11, 4], [12, 4], [13, 5]]
[[2, 3], [3, 4], [2, 5], [3, 6], [4, 5], [3, 5], [4, 4], [5, 3], [5, 2], [6, 3], [6, 4], [7, 3], [8, 4], [9, 4], [10, 4], [11, 4], [12, 4], [13, 3], [14, 4], [13, 5]]
[[2, 3], [3, 3], [4, 2], [3, 2], [4, 1], [5, 1], [4, 2], [5, 2], [5, 3], [5, 2], [6, 1], [7, 0], [8, 1], [7, 0], [6, 1], [7, 1], [8, 1], [9, 2], [10, 1], [11, 1], [12, 1], [12, 0], [11, 1], [12, 1], [13, 1], [12, 2], [12, 3], [13, 4], [12, 4], [11, 5], [12, 4], [13, 5]]
[[2, 3], [3, 4], [2, 4], [2, 5], [3, 6], [4, 7], [5, 7], [6, 7], [7, 6], [7, 7], [7, 8], [7, 9], [6, 10], [6, 11], [6, 12], [6, 13], [5, 14], [4, 13], [3, 12], [2, 13], [1, 13], [1, 12], [0, 12], [0, 11], [0, 10], [1, 10], [2, 11], [1, 11], [2, 10], [1, 9], [0, 8], [1, 7], [2, 6], [3, 5], [4, 5], [3, 4], [3, 5], [2, 5], [1, 5], [1, 6], [0, 5], [0, 6], [1, 7], [0, 8], [0, 7], [1, 8], [0, 9], [1, 9], [1, 10], [2, 11], [3, 10], [3, 11], [2, 10], [3, 9], [4, 10], [5, 10], [5, 9], [6, 10], [7, 9], [7, 8], [6, 8], [7, 7], [6, 7], [5, 6], [5, 5], [5, 4], [6, 4], [6, 5], [7, 4], [8, 3], [9, 4], [9, 5], [10, 6], [9, 7], [8, 6], [8, 7], [9, 8], [8, 8], [9, 9], [9, 10], [8, 10], [8, 11], [7, 11], [6, 12], [5, 13], [5, 12], [6, 11], [7, 10], [6, 9], [5, 8], [4, 7], [5, 7], [6, 6], [7, 6], [8, 5], [8, 4], [9, 3], [10, 4], [10, 3], [9, 2], [10, 2], [11, 2], [11, 3], [12, 4], [11, 4], [12, 3], [13, 3], [13, 4], [14, 5], [15, 5], [15, 4], [15, 3], [14, 3], [15, 2], [14, 2], [15, 1], [16, 0], [16, 1], [16, 2], [17, 3], [18, 3], [18, 4], [17, 5], [17, 4], [16, 5], [15, 6], [16, 6], [15, 7], [14, 8], [15, 9], [15, 8], [16, 8], [17, 7], [18, 8], [17, 8], [16, 9], [17, 10], [18, 11], [19, 11], [20, 11], [21, 12], [22, 13], [21, 14], [21, 15], [20, 14], [19, 14], [18, 14], [18, 15], [17, 15], [17, 16], [18, 16], [18, 17], [19, 17], [20, 18], [19, 18], [19, 19], [18, 18], [17, 18], [17, 17], [16, 17], [15, 17], [14, 16], [14, 15], [15, 14], [15, 15], [14, 14], [13, 14], [13, 13], [14, 13], [15, 12], [15, 11], [16, 10], [16, 11], [16, 12], [15, 13], [14, 12], [14, 11], [13, 10], [13, 9], [12, 10], [11, 9], [11, 8], [11, 7], [12, 6], [13, 5]]
