[[21, 1], [21, 2], [21, 3], [21, 4], [20, 5], [20, 6], [21, 7], [20, 8], [20, 9], [19, 10], [18, 11], [17, 12], [16, 13], [16, 14], [15, 15], [14, 16]]
[[21, 1], [20, 2], [21, 3], [20, 4], [19, 5], [20, 6], [19, 7], [20, 8], [19, 9], [18, 10], [17, 11], [16, 12], [15, 13], [14, 14], [15, 15], [14, 16]]
[[21, 1], [22, 2], [21, 3], [21, 4], [20, 5], [20, 6], [21, 7], [21, 8], [20, 9], [19, 10], [18, 11], [17, 12], [17, 13], [16, 14], [15, 15], [14, 16]]
[[21, 1], [21, 2], [22, 3], [22, 4], [21, 5], [20, 6], [19, 7], [20, 8], [20, 9], [19, 10], [18, 11], [17, 12], [16, 13], [15, 14], [15, 15], [14, 16]]
[[21, 1], [22, 2], [22, 3], [21, 4], [20, 5], [19, 6], [20, 7], [19, 8], [18, 9], [18, 10], [18, 11], [17, 12], [16, 13], [16, 14], [15, 15], [14, 16]]
[[21, 1], [22, 2], [21, 3], [21, 4], [20, 5], [20, 6], [19, 7], [19, 8], [18, 9], [17, 10], [17, 11], [16, 12], [15, 13], [16, 14], [15, 15], [14, 16]]
[[21, 1], [21, 2], [21, 3], [21, 4], [20, 5], [20, 6], [21, 7], [20, 8], [20, 9], [19, 10], [18, 11], [17, 12], [16, 13], [16, 14], [15, 15], [14, 16]]
[[21, 1], [22, 2], [21, 3], [20, 4], [20, 5], [19, 6], [18, 7], [17, 8], [18, 9], [17, 10], [17, 11], [16, 12], [15, 13], [14, 14], [15, 15], [14, 16]]
[[21, 1], [20, 2], [21, 3], [20, 4], [19, 5], [19, 6], [19, 7], [20, 8], [19, 9], [18, 10], [17, 11], [17, 12], [16, 13], [15, 14], [14, 15], [14, 16]]
[[21, 1], [22, 2], [21, 3], [22, 4], [21, 5], [20, 6], [19, 7], [19, 8], [18, 9], [18, 10], [17, 11], [17, 12], [16, 13], [15, 14], [14, 15], [14, 16]]
[[21, 1], [22, 2], [21, 3], [20, 4], [19, 5], [19, 6], [20, 7], [19, 8], [18, 9], [19, 10], [18, 11], [17, 12], [16, 13], [15, 14], [14, 15], [14, 16]]
[[21, 1], [21, 2], [21, 3], [20, 4], [20, 5], [20, 6], [20, 7], [19, 8], [18, 9], [17, 10], [17, 11], [17, 12], [16, 13], [15, 14], [14, 15], [14, 16]]
[[21, 1], [21, 2], [21, 3], [22, 4], [21, 5], [20, 6], [20, 7], [20, 8], [20, 9], [19, 10], [18, 11], [17, 12], [16, 13], [15, 14], [15, 15], [14, 16]]
[[21, 1], [20, 2], [21, 3], [21, 4], [21, 5], [20, 6], [20, 7], [19, 8], [19, 9], [18, 10], [17, 11], [16, 12], [17, 13], [16, 14], [15, 15], [14, 16]]
[[21, 1], [20, 2], [21, 3], [20, 4], [21, 5], [20, 6], [19, 7], [19, 8], [19, 9], [19, 10], [18, 11], [17, 12], [16, 13], [16, 14], [15, 15], [14, 16]]
[[21, 1], [22, 2], [22, 3], [22, 4], [21, 5], [20, 6], [20, 7], [19, 8], [18, 9], [17, 10], [16, 11], [16, 12], [16, 13], [15, 14], [14, 15], [14, 16]]
[[21, 1], [21, 2], [21, 3], [20, 4], [20, 5], [19, 6], [18, 7], [17, 8], [16, 9], [17, 9], [16, 10], [16, 11], [17, 11], [16, 12], [16, 13], [16, 14], [15, 15], [14, 16]]
[[21, 1], [21, 2], [21, 3], [21, 4], [20, 5], [19, 6], [20, 7], [19, 8], [18, 9], [18, 10], [17, 11], [16, 10], [15, 11], [14, 12], [13, 13], [12, 14], [13, 15], [14, 16]]
[[21, 1], [20, 2], [21, 1], [20, 2], [21, 3], [20, 4], [20, 5], [19, 6], [19, 7], [20, 8], [20, 9], [19, 10], [18, 11], [17, 12], [16, 13], [15, 14], [15, 15], [14, 16]]
[[21, 1], [20, 2], [21, 3], [21, 4], [20, 5], [19, 6], [18, 7], [19, 8], [18, 9], [17, 9], [18, 10], [17, 11], [16, 12], [17, 13], [16, 13], [15, 14], [15, 15], [14, 16]]
