[[11, 7], [12, 7], [13, 7], [14, 6], [15, 6], [16, 5], [17, 4], [18, 3], [19, 3], [20, 3], [21, 2]]
[[11, 7], [12, 7], [13, 6], [14, 5], [15, 5], [16, 4], [17, 3], [18, 2], [19, 1], [20, 2], [21, 2]]
[[11, 7], [12, 6], [13, 5], [14, 5], [15, 4], [16, 4], [17, 4], [18, 3], [19, 4], [20, 3], [21, 2]]
[[11, 7], [12, 6], [13, 5], [14, 4], [15, 5], [16, 4], [17, 4], [18, 3], [19, 2], [20, 1], [21, 2]]
[[11, 7], [12, 7], [13, 7], [14, 6], [15, 6], [16, 5], [17, 4], [18, 3], [19, 3], [20, 3], [21, 2]]
[[11, 7], [12, 7], [13, 7], [14, 6], [15, 5], [16, 4], [17, 5], [18, 4], [19, 3], [20, 2], [21, 2]]
[[11, 7], [12, 6], [13, 6], [14, 5], [15, 5], [16, 4], [17, 4], [18, 3], [19, 2], [20, 2], [21, 2]]
[[11, 7], [12, 7], [13, 7], [14, 6], [15, 5], [16, 4], [17, 3], [18, 2], [19, 3], [20, 3], [21, 2]]
[[11, 7], [12, 6], [13, 5], [14, 5], [15, 4], [16, 4], [17, 3], [18, 3], [19, 2], [20, 3], [21, 2]]
[[11, 7], [12, 7], [13, 6], [14, 5], [15, 5], [16, 5], [17, 4], [18, 3], [19, 3], [20, 2], [21, 2]]
[[11, 7], [12, 6], [13, 6], [14, 5], [15, 5], [16, 4], [17, 3], [18, 2], [19, 2], [20, 2], [21, 2]]
[[11, 7], [12, 6], [13, 5], [14, 4], [15, 4], [16, 4], [17, 3], [18, 2], [19, 1], [20, 2], [21, 2]]
[[11, 7], [12, 7], [13, 6], [14, 5], [15, 4], [16, 4], [17, 3], [18, 3], [19, 3], [20, 2], [21, 2]]
[[11, 7], [12, 6], [12, 5], [13, 6], [14, 6], [15, 7], [16, 6], [17, 5], [18, 5], [19, 4], [20, 3], [21, 2]]
[[11, 7], [12, 6], [13, 6], [14, 6], [15, 6], [15, 5], [16, 4], [17, 4], [17, 3], [18, 3], [19, 2], [20, 2], [21, 2]]
[[11, 7], [12, 6], [13, 7], [14, 8], [15, 7], [16, 6], [17, 5], [18, 4], [19, 3], [20, 2], [21, 3], [22, 3], [21, 2]]
[[11, 7], [12, 6], [13, 7], [14, 7], [14, 6], [13, 5], [14, 6], [15, 5], [16, 5], [17, 5], [17, 4], [18, 4], [19, 3], [20, 2], [19, 1], [20, 2], [21, 2]]
[[11, 7], [11, 8], [10, 8], [9, 7], [10, 6], [9, 6], [8, 5], [7, 5], [8, 4], [9, 4], [10, 3], [11, 3], [12, 4], [13, 4], [14, 5], [14, 6], [15, 6], [15, 5], [16, 4], [17, 4], [18, 5], [19, 6], [20, 5], [21, 5], [21, 4], [22, 3], [21, 2]]
[[11, 7], [12, 7], [13, 7], [14, 7], [14, 6], [13, 6], [12, 5], [12, 6], [13, 5], [14, 5], [15, 6], [16, 5], [17, 6], [18, 5], [19, 5], [19, 6], [20, 6], [20, 5], [21, 4], [22, 3], [22, 4], [23, 5], [24, 4], [23, 5], [22, 4], [23, 4], [23, 3], [24, 2], [24, 1], [23, 0], [22, 1], [22, 2], [21, 2]]
[[11, 7], [11, 6], [12, 7], [11, 8], [11, 9], [10, 10], [9, 9], [10, 8], [10, 7], [9, 7], [9, 6], [10, 6], [10, 5], [9, 4], [10, 3], [11, 3], [10, 2], [9, 1], [8, 0], [8, 1], [7, 0], [7, 1], [7, 2], [8, 3], [7, 3], [7, 4], [7, 5], [8, 4], [8, 5], [8, 6], [7, 7], [8, 7], [8, 8], [7, 9], [6, 10], [5, 10], [5, 9], [6, 9], [6, 8], [5, 8], [5, 7], [4, 7], [3, 7], [4, 8], [3, 9], [3, 10], [2, 11], [1, 10], [0, 9], [1, 8], [2, 9], [3, 9], [3, 8], [4, 9], [5, 8], [5, 9], [4, 8], [5, 7], [4, 7], [3, 6], [3, 5], [2, 6], [1, 5], [2, 4], [3, 3], [4, 3], [4, 2], [5, 3], [5, 4], [5, 5], [5, 6], [6, 5], [7, 5], [6, 4], [7, 3], [8, 4], [9, 4], [8, 3], [9, 3], [10, 2], [11, 2], [10, 3], [11, 3], [12, 4], [13, 4], [14, 5], [14, 4], [15, 5], [15, 4], [15, 3], [15, 2], [15, 1], [16, 2], [17, 2], [17, 1], [18, 1], [18, 2], [18, 3], [19, 4], [20, 3], [19, 3], [19, 2], [20, 2], [21, 1], [22, 1], [21, 2]]
