[[22, 1], [23, 2], [24, 3], [25, 4], [26, 5], [27, 6], [27, 7], [28, 8]]
[[22, 1], [23, 2], [24, 3], [25, 4], [26, 5], [27, 6], [28, 7], [28, 8]]
[[22, 1], [23, 2], [24, 3], [25, 4], [26, 5], [27, 6], [28, 7], [28, 8]]
[[22, 1], [23, 2], [24, 3], [25, 4], [26, 5], [27, 6], [28, 7], [28, 8]]
[[22, 1], [23, 2], [24, 3], [25, 4], [26, 5], [27, 6], [27, 7], [28, 8]]
[[22, 1], [23, 2], [24, 3], [25, 4], [26, 5], [27, 6], [28, 7], [28, 8]]
[[22, 1], [23, 2], [24, 3], [25, 4], [26, 5], [27, 6], [27, 7], [28, 8]]
[[22, 1], [23, 2], [24, 3], [25, 4], [26, 5], [27, 6], [27, 7], [28, 8]]
[[22, 1], [23, 2], [24, 3], [25, 4], [26, 5], [27, 6], [28, 7], [28, 8]]
[[22, 1], [23, 2], [24, 3], [25, 4], [26, 5], [27, 6], [28, 7], [28, 8]]
[[22, 1], [23, 2], [24, 3], [25, 4], [26, 5], [27, 6], [28, 7], [28, 8]]
[[22, 1], [23, 2], [24, 3], [25, 4], [26, 5], [27, 6], [27, 7], [28, 8]]
[[22, 1], [23, 2], [24, 3], [25, 4], [26, 5], [27, 6], [27, 7], [28, 8]]
[[22, 1], [23, 0], [24, 1], [23, 2], [24, 3], [25, 4], [26, 5], [27, 4], [26, 4], [26, 5], [27, 5], [27, 6], [27, 7], [28, 8]]
[[22, 1], [21, 1], [22, 2], [23, 1], [22, 2], [23, 3], [22, 4], [21, 4], [22, 5], [22, 6], [23, 7], [24, 7], [24, 6], [25, 7], [26, 8], [27, 8], [28, 9], [28, 8]]
[[22, 1], [23, 2], [24, 3], [23, 4], [22, 3], [23, 3], [24, 2], [25, 3], [26, 3], [27, 2], [26, 1], [25, 1], [24, 1], [25, 0], [26, 0], [27, 1], [27, 0], [28, 1], [29, 1], [28, 2], [28, 3], [27, 4], [28, 5], [28, 6], [29, 6], [28, 7], [28, 8]]
