[[16, 8], [15, 7], [14, 8], [13, 7], [12, 7], [11, 8]]
[[16, 8], [15, 9], [14, 8], [13, 8], [12, 7], [11, 8]]
[[16, 8], [15, 7], [14, 8], [13, 8], [12, 8], [11, 8]]
[[16, 8], [15, 7], [14, 8], [13, 7], [12, 7], [11, 8]]
[[16, 8], [15, 8], [14, 8], [13, 8], [12, 8], [11, 8]]
[[16, 8], [15, 7], [14, 8], [13, 7], [12, 8], [11, 8]]
[[16, 8], [15, 8], [14, 9], [13, 8], [12, 7], [11, 8]]
[[16, 8], [15, 8], [14, 8], [13, 8], [12, 8], [11, 8]]
[[16, 8], [15, 9], [14, 8], [13, 7], [12, 6], [13, 6], [13, 5], [12, 5], [11, 6], [10, 6], [10, 7], [11, 8]]
[[16, 8], [17, 9], [18, 9], [19, 10], [18, 11], [17, 10], [17, 11], [18, 10], [19, 9], [20, 9], [21, 9], [21, 10], [22, 10], [21, 11], [22, 11], [23, 11], [24, 12], [25, 12], [26, 13], [27, 12], [28, 11], [27, 10], [26, 9], [25, 8], [25, 7], [26, 8], [27, 7], [26, 7], [27, 6], [26, 6], [25, 5], [25, 4], [24, 3], [23, 4], [23, 5], [23, 6], [24, 6], [25, 6], [26, 5], [26, 4], [25, 3], [24, 2], [23, 1], [22, 1], [21, 1], [20, 2], [20, 3], [19, 4], [18, 5], [18, 6], [17, 6], [16, 5], [16, 6], [15, 5], [14, 4], [13, 3], [13, 2], [14, 3], [15, 3], [16, 4], [15, 5], [14, 5], [13, 6], [13, 7], [12, 7], [11, 6], [12, 5], [11, 5], [10, 6], [9, 7], [8, 7], [8, 6], [7, 6], [6, 5], [5, 5], [6, 4], [5, 3], [4, 2], [3, 3], [3, 4], [2, 4], [1, 4], [2, 5], [1, 5], [0, 5], [1, 6], [2, 7], [1, 8], [2, 9], [1, 9], [0, 10], [1, 11], [2, 10], [3, 9], [4, 9], [3, 8], [2, 8], [1, 7], [0, 6], [1, 5], [2, 6], [2, 5], [3, 6], [3, 5], [4, 6], [5, 6], [6, 7], [7, 6], [8, 6], [9, 5], [10, 4], [11, 3], [12, 4], [11, 5], [12, 5], [12, 6], [13, 5], [13, 6], [12, 7], [11, 8]]
[[16, 8], [15, 8], [14, 8], [13, 7], [12, 7], [11, 6], [11, 5], [12, 5], [11, 4], [12, 3], [12, 4], [11, 3], [10, 2], [11, 2], [12, 2], [12, 1], [12, 0], [11, 1], [10, 0], [9, 0], [9, 1], [8, 0], [7, 1], [6, 1], [5, 2], [4, 2], [3, 2], [2, 1], [1, 2], [1, 3], [1, 2], [2, 2], [1, 3], [1, 2], [2, 3], [3, 3], [2, 4], [3, 5], [2, 4], [1, 5], [2, 5], [3, 5], [4, 5], [3, 4], [4, 4], [5, 3], [6, 2], [7, 2], [8, 3], [8, 4], [9, 5], [8, 6], [7, 5], [8, 4], [8, 3], [7, 3], [6, 3], [5, 2], [4, 3], [3, 4], [2, 5], [1, 5], [1, 6], [0, 7], [1, 8], [0, 7], [1, 8], [2, 8], [3, 9], [2, 9], [2, 10], [2, 11], [3, 12], [4, 11], [5, 12], [6, 12], [7, 11], [7, 12], [7, 13], [6, 12], [6, 13], [5, 13], [4, 14], [3, 13], [2, 13], [1, 13], [0, 12], [1, 12], [2, 13], [1, 12], [2, 13], [1, 14], [1, 13], [1, 14], [1, 15], [0, 16], [1, 16], [2, 17], [1, 18], [2, 19], [3, 18], [2, 17], [3, 18], [3, 17], [4, 18], [4, 17], [3, 16], [3, 15], [4, 14], [4, 15], [5, 16], [5, 17], [6, 17], [5, 18], [6, 19], [5, 19], [6, 19], [7, 18], [6, 18], [6, 17], [7, 16], [8, 16], [9, 16], [8, 16], [8, 15], [8, 14], [9, 14], [8, 13], [7, 13], [8, 12], [7, 11], [8, 10], [9, 10], [10, 9], [11, 8]]
