[[26, 10], [26, 9], [25, 8], [24, 7], [24, 6], [23, 5], [22, 5], [21, 4], [20, 3], [19, 2], [18, 2], [17, 2], [16, 1], [15, 1], [14, 2], [13, 3], [12, 2], [11, 1]]
[[26, 10], [26, 9], [25, 8], [24, 7], [24, 6], [23, 5], [22, 4], [21, 3], [20, 2], [19, 2], [18, 3], [17, 2], [16, 2], [15, 3], [14, 2], [13, 2], [12, 2], [11, 1]]
[[26, 10], [26, 9], [25, 8], [25, 7], [24, 6], [23, 5], [22, 4], [21, 3], [20, 2], [19, 2], [18, 2], [17, 1], [16, 1], [15, 0], [14, 1], [13, 2], [12, 2], [11, 1]]
[[26, 10], [26, 9], [25, 8], [24, 7], [24, 6], [23, 5], [22, 4], [21, 4], [20, 3], [19, 2], [18, 2], [17, 2], [16, 1], [15, 0], [14, 1], [13, 1], [12, 2], [11, 1]]
[[26, 10], [26, 9], [25, 8], [25, 7], [24, 6], [23, 5], [22, 4], [21, 3], [20, 3], [19, 2], [18, 2], [17, 2], [16, 1], [15, 1], [14, 2], [13, 1], [12, 0], [11, 1]]
[[26, 10], [26, 9], [25, 8], [24, 7], [24, 6], [23, 5], [22, 5], [21, 4], [20, 3], [19, 2], [18, 2], [17, 2], [16, 1], [15, 1], [14, 2], [13, 3], [12, 2], [11, 1]]
[[26, 10], [26, 9], [25, 8], [25, 7], [24, 6], [23, 5], [22, 5], [21, 4], [20, 3], [19, 2], [18, 3], [17, 2], [16, 3], [15, 3], [14, 2], [13, 1], [12, 0], [11, 1]]
[[26, 10], [26, 9], [25, 8], [25, 7], [24, 6], [23, 5], [22, 4], [21, 3], [20, 2], [19, 2], [18, 3], [17, 2], [16, 2], [15, 1], [14, 2], [13, 1], [12, 0], [11, 1]]
[[26, 10], [26, 9], [25, 8], [25, 7], [24, 6], [23, 5], [22, 4], [21, 3], [20, 2], [19, 1], [18, 2], [17, 2], [16, 1], [15, 1], [14, 2], [13, 2], [12, 2], [11, 1]]
[[26, 10], [26, 9], [25, 8], [25, 7], [24, 6], [23, 5], [22, 4], [21, 3], [20, 2], [19, 1], [18, 2], [17, 1], [16, 0], [15, 0], [14, 1], [13, 0], [12, 0], [11, 1]]
[[26, 10], [26, 9], [25, 8], [24, 7], [24, 6], [23, 5], [22, 4], [21, 4], [20, 3], [19, 2], [18, 3], [17, 2], [16, 2], [15, 1], [14, 2], [13, 1], [12, 2], [11, 1]]
[[26, 10], [26, 9], [25, 8], [25, 7], [24, 6], [23, 5], [22, 4], [21, 3], [20, 2], [19, 1], [18, 0], [17, 0], [16, 0], [15, 1], [14, 1], [13, 0], [12, 0], [11, 1]]
[[26, 10], [26, 9], [25, 8], [24, 7], [24, 6], [23, 5], [22, 5], [21, 4], [20, 3], [19, 2], [18, 3], [17, 4], [16, 4], [15, 3], [14, 2], [13, 1], [12, 2], [11, 1]]
[[26, 10], [26, 9], [25, 8], [25, 7], [24, 6], [24, 5], [23, 4], [22, 4], [21, 3], [20, 2], [19, 1], [18, 2], [17, 3], [16, 2], [15, 1], [14, 1], [13, 2], [12, 2], [11, 1]]
[[26, 10], [26, 9], [27, 8], [26, 7], [25, 6], [24, 5], [23, 4], [22, 3], [21, 2], [20, 2], [19, 2], [18, 2], [17, 1], [16, 1], [15, 0], [14, 1], [13, 2], [12, 2], [11, 1]]
[[26, 10], [26, 9], [27, 8], [26, 7], [25, 6], [24, 5], [23, 4], [22, 4], [21, 3], [20, 3], [19, 2], [18, 3], [17, 2], [16, 2], [15, 1], [14, 2], [13, 2], [12, 2], [11, 1]]
[[26, 10], [26, 9], [25, 8], [24, 7], [25, 7], [24, 6], [23, 5], [22, 4], [21, 4], [20, 3], [19, 2], [18, 3], [17, 2], [16, 1], [15, 0], [14, 1], [13, 1], [12, 0], [11, 1]]
[[26, 10], [26, 9], [27, 8], [26, 7], [25, 6], [24, 5], [23, 4], [22, 3], [21, 2], [20, 2], [19, 2], [18, 2], [17, 2], [16, 2], [15, 3], [14, 3], [13, 3], [12, 2], [11, 1]]
[[26, 10], [27, 9], [27, 8], [26, 7], [25, 6], [24, 5], [23, 4], [22, 3], [21, 3], [20, 3], [19, 2], [18, 2], [17, 1], [16, 0], [16, 1], [15, 0], [14, 1], [13, 1], [12, 0], [11, 1]]
[[26, 10], [27, 9], [28, 8], [28, 7], [29, 7], [29, 6], [28, 7], [29, 7], [28, 7], [27, 7], [26, 6], [25, 7], [25, 6], [24, 5], [23, 5], [22, 4], [21, 3], [20, 3], [19, 2], [18, 3], [17, 4], [16, 4], [15, 3], [14, 2], [13, 1], [12, 0], [11, 1]]
