[[24, 8], [24, 7], [24, 6], [23, 5], [23, 4], [24, 3], [25, 2], [26, 1]]
[[24, 8], [25, 7], [25, 6], [25, 5], [25, 4], [26, 3], [27, 2], [26, 1]]
[[24, 8], [25, 7], [26, 6], [26, 5], [26, 4], [26, 3], [25, 2], [26, 1]]
[[24, 8], [25, 7], [26, 6], [26, 5], [27, 4], [27, 3], [26, 2], [26, 1]]
[[24, 8], [23, 7], [24, 6], [25, 5], [25, 4], [26, 3], [26, 2], [26, 1]]
[[24, 8], [25, 7], [26, 6], [25, 5], [26, 4], [26, 3], [26, 2], [26, 1]]
[[24, 8], [24, 7], [24, 6], [25, 5], [25, 4], [24, 3], [25, 2], [26, 1]]
[[24, 8], [25, 7], [25, 6], [25, 5], [25, 4], [24, 3], [25, 2], [26, 1]]
[[24, 8], [25, 7], [25, 6], [26, 5], [27, 4], [27, 3], [27, 2], [26, 1]]
[[24, 8], [25, 7], [26, 6], [25, 5], [26, 4], [25, 3], [25, 2], [26, 1]]
[[24, 8], [25, 7], [25, 6], [25, 5], [26, 4], [26, 3], [26, 2], [26, 1]]
[[24, 8], [24, 7], [24, 6], [23, 5], [23, 4], [24, 3], [25, 2], [26, 1]]
[[24, 8], [24, 7], [25, 6], [26, 5], [27, 4], [27, 3], [26, 2], [26, 1]]
[[24, 8], [25, 7], [24, 6], [25, 5], [26, 4], [26, 3], [26, 2], [26, 1]]
[[24, 8], [24, 7], [25, 6], [25, 5], [26, 4], [26, 3], [25, 2], [26, 1]]
[[24, 8], [24, 7], [25, 6], [26, 5], [27, 4], [26, 3], [25, 3], [26, 2], [26, 1]]
[[24, 8], [23, 7], [24, 8], [25, 7], [26, 6], [26, 5], [26, 4], [26, 3], [25, 2], [26, 1]]
[[24, 8], [25, 7], [24, 6], [25, 6], [25, 7], [26, 6], [27, 5], [27, 6], [27, 5], [26, 4], [25, 3], [24, 2], [23, 2], [23, 1], [24, 1], [25, 1], [26, 1], [27, 0], [27, 1], [26, 2], [27, 2], [27, 1], [26, 2], [26, 1]]
[[24, 8], [25, 7], [25, 6], [25, 7], [24, 6], [23, 7], [23, 6], [22, 5], [21, 5], [22, 4], [23, 5], [22, 6], [21, 6], [20, 6], [19, 5], [18, 4], [17, 4], [17, 5], [16, 5], [16, 4], [15, 3], [14, 4], [13, 3], [12, 4], [11, 4], [10, 5], [11, 5], [10, 4], [9, 4], [8, 3], [7, 2], [7, 1], [8, 2], [9, 1], [10, 1], [10, 2], [11, 3], [11, 2], [12, 3], [13, 2], [12, 1], [11, 0], [11, 1], [10, 0], [9, 0], [8, 0], [7, 0], [6, 1], [6, 0], [5, 1], [4, 1], [5, 0], [4, 0], [3, 0], [2, 0], [1, 1], [0, 0], [0, 1], [1, 2], [0, 3], [1, 3], [2, 3], [3, 4], [2, 5], [1, 4], [0, 5], [0, 4], [1, 5], [2, 6], [1, 7], [0, 8], [0, 9], [1, 10], [2, 11], [3, 10], [4, 9], [5, 10], [6, 10], [7, 11], [8, 11], [7, 12], [6, 12], [6, 11], [5, 12], [5, 13], [6, 13], [7, 13], [7, 14], [8, 15], [9, 14], [8, 14], [9, 15], [10, 14], [11, 15], [10, 15], [11, 16], [11, 17], [10, 18], [9, 18], [10, 17], [11, 18], [12, 17], [12, 16], [13, 16], [14, 15], [15, 14], [14, 14], [13, 13], [13, 14], [12, 13], [12, 14], [11, 13], [10, 12], [9, 11], [9, 12], [10, 11], [9, 10], [8, 9], [9, 9], [8, 10], [7, 9], [6, 8], [5, 9], [5, 8], [6, 9], [7, 8], [6, 7], [5, 6], [4, 6], [4, 7], [3, 6], [3, 7], [3, 8], [3, 9], [4, 8], [5, 7], [6, 6], [7, 7], [7, 6], [8, 7], [8, 8], [9, 7], [9, 8], [10, 7], [9, 6], [10, 6], [11, 6], [12, 7], [12, 6], [12, 5], [13, 4], [13, 5], [14, 5], [15, 5], [15, 6], [16, 7], [17, 7], [17, 6], [18, 7], [18, 8], [19, 8], [19, 7], [19, 6], [18, 6], [18, 5], [19, 4], [18, 3], [19, 3], [18, 2], [17, 1], [16, 0], [15, 0], [14, 1], [13, 1], [13, 0], [14, 0], [15, 1], [16, 1], [17, 0], [18, 0], [19, 0], [20, 0], [19, 1], [18, 1], [19, 2], [20, 2], [20, 3], [21, 2], [22, 1], [21, 1], [22, 2], [23, 3], [24, 4], [25, 3], [26, 2], [27, 3], [27, 2], [28, 3], [29, 3], [29, 2], [28, 2], [29, 1], [29, 0], [28, 0], [27, 0], [26, 1]]
