[[6, 10], [7, 11], [8, 12], [9, 13], [10, 14]]
[[6, 10], [7, 11], [8, 12], [9, 13], [10, 14]]
[[6, 10], [7, 11], [8, 12], [9, 13], [10, 14]]
[[6, 10], [7, 11], [8, 12], [9, 13], [10, 14]]
[[6, 10], [7, 11], [8, 12], [9, 13], [10, 14]]
[[6, 10], [7, 11], [8, 12], [9, 13], [10, 14]]
[[6, 10], [7, 11], [8, 12], [9, 13], [10, 14]]
[[6, 10], [7, 11], [8, 12], [9, 13], [10, 14]]
[[6, 10], [7, 11], [8, 12], [9, 13], [10, 14]]
[[6, 10], [7, 11], [8, 12], [9, 13], [10, 14]]
[[6, 10], [7, 11], [8, 12], [7, 13], [8, 14], [9, 14], [10, 14]]
[[6, 10], [7, 11], [7, 12], [8, 13], [9, 13], [8, 14], [9, 15], [10, 14]]
[[6, 10], [5, 11], [4, 10], [3, 10], [2, 10], [2, 11], [3, 11], [2, 12], [1, 11], [0, 11], [1, 10], [0, 9], [0, 8], [1, 7], [1, 6], [1, 5], [2, 6], [2, 7], [3, 6], [3, 7], [4, 7], [5, 7], [4, 6], [5, 6], [6, 5], [6, 4], [7, 4], [8, 4], [8, 3], [8, 2], [8, 1], [7, 1], [7, 0], [8, 0], [9, 1], [9, 2], [10, 1], [11, 2], [10, 3], [10, 4], [9, 4], [8, 5], [8, 6], [9, 6], [10, 5], [11, 4], [12, 4], [11, 5], [12, 5], [13, 4], [12, 3], [12, 2], [13, 2], [12, 1], [13, 0], [14, 1], [15, 0], [16, 0], [15, 1], [16, 1], [17, 2], [17, 1], [18, 0], [18, 1], [19, 1], [20, 0], [19, 0], [20, 1], [21, 0], [21, 1], [21, 2], [22, 2], [23, 3], [23, 2], [22, 3], [21, 4], [20, 4], [21, 3], [22, 4], [23, 4], [24, 5], [23, 6], [22, 5], [23, 5], [22, 6], [21, 5], [20, 5], [21, 6], [22, 7], [23, 8], [24, 8], [24, 7], [23, 7], [24, 6], [25, 7], [25, 6], [26, 7], [26, 8], [26, 9], [26, 10], [27, 10], [27, 11], [28, 12], [29, 12], [29, 13], [28, 13], [27, 13], [27, 14], [26, 13], [27, 12], [26, 12], [25, 12], [24, 13], [25, 14], [25, 13], [24, 12], [24, 11], [23, 10], [22, 11], [23, 11], [24, 10], [23, 9], [22, 8], [22, 9], [21, 9], [20, 10], [19, 9], [20, 8], [20, 9], [19, 8], [18, 9], [18, 8], [17, 9], [17, 8], [17, 7], [16, 7], [15, 7], [16, 8], [15, 9], [15, 10], [14, 10], [14, 9], [13, 9], [12, 10], [12, 9], [13, 10], [13, 11], [13, 12], [13, 13], [12, 14], [13, 14], [14, 13], [14, 14], [15, 14], [15, 15], [14, 16], [15, 16], [15, 17], [14, 18], [15, 19], [16, 18], [15, 18], [14, 17], [13, 18], [12, 17], [13, 16], [13, 17], [12, 16], [11, 17], [11, 16], [11, 15], [10, 14]]
