[[27, 9], [26, 10], [25, 11], [24, 10], [23, 10], [22, 11], [21, 11], [20, 12], [19, 13], [18, 12], [17, 13], [16, 12], [15, 12]]
[[27, 9], [26, 10], [25, 11], [24, 11], [23, 11], [22, 11], [21, 12], [20, 11], [19, 12], [18, 11], [17, 11], [16, 12], [15, 12]]
[[27, 9], [26, 10], [25, 11], [24, 10], [23, 11], [22, 11], [21, 12], [20, 13], [19, 12], [18, 12], [17, 13], [16, 13], [15, 12]]
[[27, 9], [26, 10], [25, 11], [24, 12], [23, 11], [22, 12], [21, 13], [20, 14], [19, 13], [18, 12], [17, 12], [16, 12], [15, 12]]
[[27, 9], [26, 9], [25, 10], [24, 11], [23, 11], [22, 12], [21, 11], [20, 12], [19, 12], [18, 11], [17, 12], [16, 13], [15, 12]]
[[27, 9], [26, 8], [25, 8], [24, 9], [23, 10], [22, 11], [21, 12], [20, 13], [19, 12], [18, 13], [17, 14], [16, 13], [15, 12]]
[[27, 9], [26, 10], [25, 11], [24, 10], [23, 11], [22, 10], [21, 11], [20, 12], [19, 12], [18, 12], [17, 11], [16, 12], [15, 12]]
[[27, 9], [26, 10], [25, 10], [24, 11], [23, 11], [22, 12], [21, 13], [20, 14], [19, 15], [18, 14], [17, 13], [16, 12], [15, 12]]
[[27, 9], [26, 10], [25, 11], [24, 10], [23, 10], [22, 11], [21, 11], [20, 12], [19, 13], [18, 12], [17, 13], [16, 12], [15, 12]]
[[27, 9], [26, 10], [25, 10], [24, 10], [23, 11], [22, 12], [21, 11], [20, 10], [19, 9], [18, 10], [17, 11], [16, 12], [15, 12]]
[[27, 9], [26, 10], [25, 10], [24, 11], [23, 11], [22, 12], [21, 12], [20, 11], [19, 12], [18, 11], [17, 11], [16, 12], [15, 12]]
[[27, 9], [26, 10], [25, 11], [24, 11], [23, 11], [22, 10], [21, 11], [20, 12], [19, 12], [18, 12], [17, 13], [16, 13], [15, 12]]
[[27, 9], [26, 10], [25, 10], [24, 11], [23, 10], [22, 11], [21, 12], [20, 12], [19, 12], [18, 12], [17, 11], [16, 12], [15, 12]]
[[27, 9], [26, 10], [25, 10], [24, 9], [23, 9], [22, 10], [21, 11], [20, 12], [19, 13], [18, 12], [17, 11], [16, 12], [15, 12]]
[[27, 9], [26, 9], [25, 10], [24, 10], [23, 11], [22, 11], [21, 12], [20, 13], [19, 12], [18, 12], [17, 12], [16, 13], [15, 12]]
[[27, 9], [26, 9], [25, 10], [24, 10], [23, 10], [22, 10], [21, 11], [20, 12], [19, 13], [18, 14], [17, 14], [16, 13], [15, 12]]
[[27, 9], [26, 10], [25, 11], [24, 12], [23, 13], [22, 13], [21, 14], [20, 13], [19, 13], [18, 13], [17, 13], [16, 13], [15, 12]]
[[27, 9], [26, 10], [25, 11], [24, 10], [23, 11], [22, 11], [21, 12], [20, 12], [19, 13], [18, 12], [18, 13], [17, 14], [17, 13], [16, 12], [15, 12]]
[[27, 9], [27, 8], [26, 9], [25, 10], [24, 11], [24, 12], [23, 11], [22, 10], [21, 11], [20, 12], [19, 13], [18, 13], [17, 12], [16, 12], [15, 12]]
[[27, 9], [26, 10], [25, 11], [24, 10], [24, 9], [23, 9], [22, 9], [21, 9], [22, 10], [23, 10], [24, 9], [25, 10], [26, 10], [25, 11], [24, 10], [24, 9], [23, 10], [22, 11], [22, 12], [23, 11], [22, 11], [22, 12], [21, 12], [20, 11], [19, 12], [18, 11], [17, 12], [17, 13], [16, 13], [15, 13], [15, 12], [15, 13], [14, 12], [13, 11], [14, 11], [15, 12]]
