[[22, 1], [21, 2], [21, 3], [20, 4], [20, 5], [19, 6], [18, 7], [17, 8], [16, 9], [15, 10], [15, 11], [14, 12], [13, 13], [12, 14], [11, 15], [10, 16], [9, 17], [8, 18], [8, 19]]
[[22, 1], [22, 2], [21, 3], [20, 4], [20, 5], [19, 6], [18, 7], [17, 8], [16, 9], [15, 10], [14, 11], [13, 12], [12, 13], [11, 14], [10, 15], [10, 16], [9, 17], [8, 18], [8, 19]]
[[22, 1], [21, 2], [21, 3], [20, 4], [20, 5], [19, 6], [18, 7], [17, 8], [16, 9], [15, 10], [15, 11], [14, 12], [13, 13], [12, 14], [11, 15], [10, 16], [9, 17], [8, 18], [8, 19]]
[[22, 1], [21, 2], [22, 3], [21, 4], [20, 5], [19, 6], [18, 7], [17, 8], [16, 9], [16, 10], [15, 11], [14, 12], [13, 13], [12, 14], [11, 15], [10, 16], [9, 17], [8, 18], [8, 19]]
[[22, 1], [21, 2], [20, 3], [19, 4], [18, 5], [17, 6], [17, 7], [17, 8], [16, 9], [15, 10], [14, 11], [14, 12], [13, 13], [12, 14], [11, 15], [10, 16], [9, 17], [8, 18], [8, 19]]
[[22, 1], [21, 2], [20, 3], [19, 4], [18, 5], [18, 6], [17, 7], [16, 8], [17, 9], [16, 10], [15, 11], [14, 12], [13, 13], [12, 14], [11, 15], [10, 16], [9, 17], [8, 18], [8, 19]]
[[22, 1], [21, 2], [20, 3], [19, 4], [19, 5], [19, 6], [18, 7], [17, 8], [16, 9], [15, 10], [14, 11], [14, 12], [13, 13], [12, 14], [11, 15], [10, 16], [9, 17], [8, 18], [8, 19]]
[[22, 1], [21, 2], [22, 3], [21, 4], [20, 5], [19, 6], [18, 7], [17, 8], [16, 9], [16, 10], [15, 11], [14, 12], [13, 13], [12, 14], [11, 15], [10, 16], [9, 17], [8, 18], [8, 19]]
[[22, 1], [21, 2], [20, 3], [19, 4], [20, 5], [19, 6], [18, 7], [17, 8], [16, 9], [16, 10], [15, 11], [14, 12], [13, 13], [12, 14], [11, 15], [10, 16], [9, 17], [8, 18], [8, 19]]
[[22, 1], [21, 2], [21, 3], [20, 4], [19, 5], [18, 6], [17, 7], [16, 8], [16, 9], [15, 10], [14, 11], [13, 12], [12, 13], [12, 14], [11, 15], [10, 16], [9, 17], [8, 18], [8, 19]]
[[22, 1], [22, 2], [21, 3], [20, 3], [20, 4], [19, 5], [19, 6], [18, 7], [17, 8], [16, 9], [15, 10], [14, 11], [13, 12], [12, 13], [11, 14], [11, 15], [10, 16], [9, 17], [8, 18], [8, 19]]
[[22, 1], [22, 2], [21, 3], [21, 4], [20, 5], [19, 6], [18, 7], [17, 8], [16, 9], [16, 10], [15, 11], [14, 12], [13, 13], [12, 14], [12, 15], [11, 15], [10, 16], [9, 17], [8, 18], [8, 19]]
[[22, 1], [21, 2], [20, 3], [20, 4], [19, 4], [18, 5], [18, 6], [19, 7], [18, 8], [17, 9], [16, 10], [15, 11], [14, 12], [13, 13], [12, 14], [11, 15], [10, 16], [9, 17], [8, 18], [8, 19]]
[[22, 1], [21, 2], [20, 3], [19, 4], [19, 5], [18, 6], [19, 7], [18, 8], [17, 8], [16, 9], [15, 10], [14, 11], [13, 12], [12, 13], [12, 14], [11, 15], [10, 16], [9, 17], [8, 18], [8, 19]]
[[22, 1], [21, 2], [22, 3], [21, 4], [20, 5], [19, 6], [18, 6], [17, 7], [16, 8], [15, 9], [14, 10], [13, 10], [13, 11], [12, 12], [11, 13], [11, 14], [11, 15], [10, 16], [9, 17], [8, 18], [8, 19]]
[[22, 1], [21, 1], [20, 2], [19, 3], [18, 4], [18, 5], [18, 6], [18, 7], [17, 8], [16, 9], [15, 9], [14, 10], [13, 11], [14, 12], [13, 13], [12, 14], [11, 15], [11, 16], [10, 17], [10, 18], [9, 19], [8, 18], [8, 19]]
[[22, 1], [21, 2], [20, 3], [20, 4], [19, 5], [19, 6], [18, 7], [17, 8], [17, 9], [18, 10], [17, 11], [16, 11], [15, 11], [15, 12], [14, 11], [14, 12], [13, 13], [12, 14], [11, 15], [12, 16], [11, 16], [12, 17], [11, 18], [10, 19], [9, 19], [8, 19]]
[[22, 1], [21, 2], [20, 2], [19, 3], [18, 4], [18, 5], [17, 6], [16, 6], [17, 6], [17, 7], [17, 8], [16, 8], [16, 9], [15, 10], [15, 11], [16, 12], [15, 13], [14, 12], [14, 13], [13, 13], [12, 14], [11, 15], [10, 15], [11, 14], [10, 15], [9, 15], [10, 16], [9, 17], [8, 18], [8, 19]]
[[22, 1], [21, 0], [20, 1], [19, 1], [18, 2], [17, 3], [16, 4], [17, 4], [17, 5], [17, 6], [16, 6], [17, 7], [18, 7], [17, 8], [16, 9], [15, 10], [14, 10], [13, 11], [12, 12], [12, 13], [11, 14], [10, 14], [11, 15], [10, 16], [10, 17], [11, 18], [11, 19], [10, 19], [9, 19], [8, 19]]
[[22, 1], [22, 2], [21, 3], [20, 4], [20, 3], [19, 3], [19, 4], [18, 5], [17, 5], [17, 6], [18, 7], [19, 8], [18, 9], [17, 10], [18, 11], [17, 11], [16, 11], [16, 12], [15, 13], [14, 14], [13, 13], [12, 14], [11, 15], [12, 15], [12, 16], [12, 17], [11, 18], [11, 19], [11, 18], [10, 18], [9, 19], [8, 19]]
