[[8, 0], [8, 1], [9, 2], [10, 3], [11, 4], [12, 5], [13, 6], [14, 7], [15, 7], [16, 8], [16, 9], [17, 10], [18, 11], [18, 12], [19, 13], [20, 14]]
[[8, 0], [8, 1], [9, 2], [10, 3], [11, 4], [12, 5], [13, 6], [14, 6], [15, 7], [16, 8], [16, 9], [17, 10], [18, 11], [19, 12], [19, 13], [20, 14]]
[[8, 0], [8, 1], [9, 2], [10, 3], [11, 4], [12, 4], [13, 5], [14, 6], [15, 7], [16, 8], [16, 9], [17, 10], [18, 11], [18, 12], [19, 13], [20, 14]]
[[8, 0], [8, 1], [9, 2], [10, 3], [11, 4], [12, 4], [13, 5], [14, 6], [15, 7], [16, 8], [16, 9], [17, 10], [18, 11], [19, 12], [19, 13], [20, 14]]
[[8, 0], [8, 1], [9, 2], [10, 3], [11, 4], [12, 5], [13, 6], [14, 7], [15, 7], [16, 8], [16, 9], [17, 10], [18, 11], [18, 12], [19, 13], [20, 14]]
[[8, 0], [8, 1], [9, 2], [10, 3], [11, 4], [12, 5], [13, 6], [14, 6], [15, 7], [16, 8], [17, 9], [18, 10], [18, 11], [19, 12], [20, 13], [20, 14]]
[[8, 0], [8, 1], [9, 2], [10, 3], [11, 4], [12, 5], [13, 5], [14, 6], [15, 7], [16, 8], [16, 9], [17, 10], [18, 11], [19, 12], [19, 13], [20, 14]]
[[8, 0], [8, 1], [9, 2], [10, 3], [11, 3], [12, 4], [13, 5], [14, 6], [15, 7], [16, 8], [17, 9], [18, 10], [17, 11], [18, 12], [19, 13], [20, 14]]
[[8, 0], [8, 1], [9, 2], [10, 3], [11, 4], [12, 5], [13, 6], [14, 6], [15, 7], [16, 8], [17, 9], [18, 10], [17, 11], [18, 12], [19, 13], [20, 14]]
[[8, 0], [8, 1], [9, 2], [10, 3], [11, 4], [12, 5], [13, 5], [14, 6], [15, 7], [16, 8], [16, 9], [17, 10], [18, 11], [18, 12], [19, 13], [20, 14]]
[[8, 0], [8, 1], [9, 2], [10, 3], [11, 4], [12, 5], [13, 6], [14, 6], [15, 7], [16, 8], [17, 9], [17, 10], [17, 11], [18, 12], [19, 13], [20, 14]]
[[8, 0], [8, 1], [9, 2], [10, 3], [11, 4], [12, 5], [13, 6], [14, 7], [15, 7], [16, 8], [17, 9], [17, 10], [18, 11], [19, 12], [20, 13], [20, 14]]
[[8, 0], [8, 1], [9, 2], [10, 3], [11, 4], [12, 5], [13, 5], [14, 6], [15, 7], [16, 8], [17, 9], [18, 10], [18, 11], [19, 12], [20, 13], [20, 14]]
[[8, 0], [8, 1], [9, 2], [10, 3], [11, 4], [12, 5], [13, 6], [14, 6], [15, 7], [16, 8], [17, 9], [17, 10], [18, 11], [19, 12], [20, 13], [20, 14]]
[[8, 0], [8, 1], [9, 2], [10, 3], [11, 4], [12, 4], [13, 5], [14, 6], [15, 7], [16, 8], [17, 9], [17, 10], [18, 11], [19, 12], [19, 13], [20, 14]]
[[8, 0], [8, 1], [9, 2], [10, 3], [11, 3], [12, 4], [13, 5], [14, 6], [15, 7], [16, 8], [17, 9], [17, 10], [18, 11], [19, 12], [20, 13], [20, 14]]
[[8, 0], [8, 1], [9, 2], [10, 3], [11, 4], [12, 4], [13, 5], [14, 6], [15, 7], [16, 8], [17, 9], [17, 10], [18, 11], [19, 12], [19, 13], [20, 14]]
[[8, 0], [8, 1], [9, 2], [9, 3], [10, 4], [11, 5], [12, 6], [13, 5], [14, 6], [15, 6], [15, 7], [16, 8], [17, 9], [18, 10], [18, 11], [18, 12], [19, 12], [20, 13], [21, 14], [20, 14]]
[[8, 0], [8, 1], [7, 2], [8, 3], [9, 4], [10, 3], [11, 4], [12, 5], [13, 5], [14, 5], [15, 6], [14, 7], [13, 8], [14, 9], [14, 10], [15, 10], [16, 11], [16, 12], [15, 12], [16, 12], [16, 13], [17, 14], [18, 14], [19, 13], [20, 14]]
[[8, 0], [8, 1], [9, 2], [10, 3], [9, 4], [10, 4], [11, 5], [12, 6], [13, 7], [14, 7], [14, 8], [15, 7], [16, 7], [16, 6], [16, 7], [16, 8], [15, 9], [16, 9], [15, 10], [15, 11], [16, 12], [15, 13], [15, 14], [16, 14], [17, 13], [18, 14], [19, 15], [20, 14]]
