[[5, 19], [6, 19], [7, 18], [8, 19], [9, 19], [10, 19], [11, 18], [12, 18], [13, 17], [14, 16], [15, 15], [16, 14], [17, 13], [18, 12], [19, 11], [19, 10], [20, 9], [21, 8], [22, 7], [23, 6], [24, 5], [25, 4], [26, 3], [26, 2], [27, 1]]
[[5, 19], [6, 19], [7, 19], [8, 19], [9, 18], [10, 19], [11, 18], [12, 17], [13, 17], [14, 16], [15, 15], [16, 14], [17, 13], [18, 12], [19, 11], [19, 10], [20, 9], [21, 8], [22, 7], [23, 6], [24, 5], [25, 4], [26, 3], [26, 2], [27, 1]]
[[5, 19], [6, 18], [7, 18], [8, 18], [9, 18], [10, 18], [11, 17], [12, 17], [13, 17], [14, 16], [15, 15], [16, 14], [17, 13], [18, 12], [18, 11], [19, 10], [20, 9], [21, 8], [22, 7], [23, 6], [23, 5], [24, 4], [25, 3], [26, 2], [27, 1]]
[[5, 19], [6, 18], [7, 18], [8, 19], [9, 18], [10, 19], [11, 19], [12, 18], [13, 17], [14, 16], [15, 15], [16, 14], [17, 13], [18, 12], [18, 11], [19, 10], [20, 9], [21, 8], [21, 7], [22, 6], [23, 5], [24, 4], [25, 3], [26, 2], [27, 1]]
[[5, 19], [6, 18], [7, 19], [8, 18], [9, 17], [10, 18], [11, 17], [12, 18], [13, 17], [14, 16], [15, 15], [16, 14], [17, 13], [18, 12], [18, 11], [19, 10], [20, 9], [21, 8], [22, 7], [23, 6], [24, 5], [25, 4], [25, 3], [26, 2], [27, 1]]
[[5, 19], [6, 19], [7, 18], [8, 17], [9, 17], [10, 18], [11, 18], [12, 17], [13, 17], [14, 16], [15, 15], [16, 14], [17, 13], [18, 12], [19, 11], [20, 10], [20, 9], [21, 8], [22, 7], [23, 6], [23, 5], [24, 4], [25, 3], [26, 2], [27, 1]]
[[5, 19], [6, 18], [7, 18], [8, 19], [9, 19], [10, 19], [11, 18], [12, 17], [13, 17], [14, 16], [15, 15], [16, 14], [17, 13], [18, 12], [18, 11], [19, 10], [20, 9], [21, 8], [22, 7], [23, 6], [24, 5], [24, 4], [25, 3], [26, 2], [27, 1]]
[[5, 19], [6, 19], [7, 18], [8, 17], [9, 18], [10, 18], [11, 17], [12, 17], [13, 17], [14, 16], [15, 15], [16, 14], [17, 13], [18, 12], [18, 11], [19, 10], [20, 9], [21, 8], [22, 7], [23, 6], [24, 5], [25, 4], [26, 3], [26, 2], [27, 1]]
[[5, 19], [6, 19], [7, 18], [8, 19], [9, 19], [10, 19], [11, 18], [12, 18], [13, 17], [14, 16], [15, 15], [16, 14], [17, 13], [18, 12], [19, 11], [19, 10], [20, 9], [21, 8], [22, 7], [23, 6], [24, 5], [25, 4], [26, 3], [26, 2], [27, 1]]
[[5, 19], [6, 18], [7, 19], [8, 18], [9, 19], [10, 19], [11, 18], [12, 18], [13, 17], [14, 16], [15, 15], [16, 14], [17, 13], [17, 12], [18, 11], [19, 10], [20, 9], [21, 8], [22, 7], [23, 6], [24, 5], [25, 4], [26, 3], [26, 2], [27, 1]]
[[5, 19], [6, 19], [7, 19], [8, 19], [9, 18], [10, 18], [11, 17], [12, 18], [13, 17], [14, 16], [15, 15], [16, 14], [17, 13], [18, 12], [18, 11], [19, 10], [20, 9], [21, 8], [22, 7], [23, 6], [24, 5], [25, 4], [25, 3], [26, 2], [27, 1]]
[[5, 19], [6, 18], [7, 19], [8, 19], [9, 19], [10, 19], [11, 18], [12, 18], [13, 17], [14, 16], [15, 15], [16, 14], [17, 13], [18, 12], [19, 11], [19, 10], [20, 9], [21, 8], [22, 7], [23, 6], [24, 5], [25, 4], [26, 3], [26, 2], [27, 1]]
[[5, 19], [6, 18], [7, 19], [8, 18], [9, 19], [10, 18], [11, 17], [12, 17], [13, 17], [14, 16], [15, 15], [16, 14], [17, 13], [18, 12], [19, 11], [20, 10], [19, 9], [20, 8], [21, 7], [22, 6], [23, 5], [24, 4], [25, 3], [26, 2], [27, 1]]
[[5, 19], [6, 19], [7, 18], [8, 17], [9, 18], [10, 18], [11, 18], [12, 18], [13, 17], [14, 16], [15, 15], [16, 14], [17, 13], [18, 12], [19, 11], [19, 10], [20, 9], [21, 8], [22, 7], [23, 6], [24, 5], [25, 4], [25, 3], [26, 2], [27, 1]]
[[5, 19], [6, 19], [7, 19], [8, 19], [9, 18], [10, 19], [11, 19], [12, 18], [13, 17], [14, 16], [15, 15], [16, 14], [17, 13], [18, 12], [18, 11], [19, 10], [20, 9], [21, 8], [22, 7], [23, 6], [24, 5], [24, 4], [25, 3], [26, 2], [27, 1]]
[[5, 19], [6, 19], [7, 19], [8, 18], [9, 19], [10, 19], [11, 18], [12, 19], [13, 18], [14, 17], [15, 16], [16, 15], [17, 14], [18, 13], [19, 12], [20, 11], [21, 10], [22, 9], [22, 8], [22, 7], [23, 6], [24, 5], [24, 4], [25, 3], [26, 2], [27, 1]]
[[5, 19], [6, 18], [7, 18], [8, 18], [9, 17], [10, 16], [11, 17], [12, 18], [13, 17], [14, 16], [15, 15], [16, 14], [17, 13], [18, 12], [19, 11], [20, 10], [21, 10], [22, 9], [21, 8], [22, 7], [23, 6], [24, 5], [25, 4], [25, 3], [26, 2], [27, 1]]
[[5, 19], [6, 18], [7, 18], [8, 18], [9, 17], [10, 16], [11, 17], [12, 18], [13, 18], [14, 17], [15, 16], [16, 15], [17, 14], [18, 13], [19, 12], [20, 11], [21, 10], [22, 9], [23, 8], [24, 7], [24, 6], [25, 5], [24, 4], [25, 3], [26, 2], [27, 1]]
[[5, 19], [6, 19], [7, 18], [8, 18], [9, 17], [10, 18], [11, 17], [12, 17], [13, 18], [14, 17], [15, 16], [16, 15], [17, 14], [18, 13], [19, 12], [20, 11], [21, 10], [22, 9], [23, 8], [24, 7], [24, 6], [25, 5], [24, 4], [25, 3], [26, 2], [27, 1]]
[[5, 19], [6, 19], [7, 18], [8, 17], [9, 17], [10, 18], [11, 17], [12, 17], [13, 17], [14, 16], [15, 15], [16, 14], [17, 13], [18, 12], [19, 12], [20, 11], [21, 10], [22, 9], [23, 8], [22, 7], [23, 6], [24, 5], [25, 4], [26, 3], [26, 2], [27, 1]]
