[[28, 18], [27, 17], [26, 17], [25, 16], [24, 17], [23, 17], [22, 16], [21, 16], [20, 16], [19, 17], [18, 18], [17, 17], [16, 18], [15, 18], [14, 17]]
[[28, 18], [27, 19], [26, 18], [25, 17], [24, 18], [23, 17], [22, 17], [21, 16], [20, 16], [19, 16], [18, 17], [17, 16], [16, 17], [15, 18], [14, 17]]
[[28, 18], [27, 18], [26, 17], [25, 16], [24, 15], [23, 15], [22, 15], [21, 15], [20, 16], [19, 17], [18, 17], [17, 17], [16, 17], [15, 18], [14, 17]]
[[28, 18], [27, 17], [26, 18], [25, 17], [24, 16], [23, 15], [22, 14], [21, 14], [20, 15], [19, 16], [18, 17], [17, 17], [16, 18], [15, 18], [14, 17]]
[[28, 18], [27, 18], [26, 18], [25, 18], [24, 18], [23, 17], [22, 16], [21, 16], [20, 16], [19, 16], [18, 16], [17, 17], [16, 17], [15, 17], [14, 17]]
[[28, 18], [27, 18], [26, 17], [25, 16], [24, 16], [23, 17], [22, 16], [21, 16], [20, 16], [19, 17], [18, 18], [17, 18], [16, 18], [15, 17], [14, 17]]
[[28, 18], [27, 17], [26, 17], [25, 16], [24, 17], [23, 17], [22, 16], [21, 16], [20, 16], [19, 17], [18, 18], [17, 17], [16, 18], [15, 18], [14, 17]]
[[28, 18], [27, 19], [26, 18], [25, 17], [24, 17], [23, 17], [22, 18], [21, 17], [20, 16], [19, 17], [18, 17], [17, 16], [16, 17], [15, 17], [14, 17]]
[[28, 18], [27, 17], [26, 17], [25, 16], [24, 16], [23, 17], [22, 16], [21, 17], [20, 17], [19, 16], [18, 16], [17, 17], [16, 17], [15, 17], [14, 17]]
[[28, 18], [27, 18], [26, 17], [25, 17], [24, 16], [23, 16], [22, 17], [21, 17], [20, 17], [19, 18], [18, 17], [17, 17], [16, 17], [15, 17], [14, 17]]
[[28, 18], [27, 17], [26, 16], [25, 16], [24, 16], [23, 17], [22, 16], [21, 16], [20, 16], [19, 16], [18, 17], [17, 18], [16, 19], [15, 18], [14, 17]]
[[28, 18], [27, 18], [26, 18], [25, 18], [24, 18], [23, 17], [22, 16], [21, 17], [20, 18], [19, 18], [18, 18], [17, 19], [16, 18], [15, 18], [14, 17]]
[[28, 18], [27, 17], [26, 17], [25, 16], [24, 16], [23, 16], [22, 16], [21, 17], [20, 18], [19, 17], [18, 17], [17, 18], [16, 17], [15, 17], [14, 17]]
[[28, 18], [27, 17], [26, 17], [25, 16], [24, 16], [23, 16], [22, 16], [21, 17], [20, 18], [19, 17], [18, 18], [17, 17], [16, 17], [15, 18], [14, 17]]
[[28, 18], [27, 18], [26, 18], [25, 18], [24, 18], [23, 17], [22, 18], [21, 19], [20, 18], [19, 19], [18, 18], [17, 17], [16, 17], [15, 18], [14, 17]]
[[28, 18], [27, 17], [26, 17], [25, 16], [24, 15], [23, 16], [22, 15], [21, 16], [20, 17], [19, 16], [18, 15], [17, 16], [16, 16], [15, 17], [14, 17]]
[[28, 18], [27, 19], [26, 18], [25, 17], [24, 16], [23, 17], [22, 17], [21, 16], [20, 17], [19, 18], [18, 18], [18, 17], [17, 18], [16, 17], [15, 18], [14, 17]]
[[28, 18], [27, 17], [26, 18], [25, 17], [24, 16], [23, 15], [22, 14], [21, 15], [20, 16], [19, 16], [20, 16], [19, 17], [18, 18], [17, 18], [16, 17], [15, 17], [15, 18], [15, 17], [14, 17]]
[[28, 18], [28, 17], [27, 17], [26, 18], [25, 18], [24, 19], [25, 18], [24, 17], [23, 17], [22, 18], [21, 19], [20, 18], [21, 17], [20, 17], [21, 16], [20, 17], [20, 18], [19, 17], [19, 18], [18, 17], [18, 18], [17, 18], [16, 18], [15, 17], [14, 18], [14, 17]]
[[28, 18], [27, 18], [26, 17], [26, 18], [27, 17], [26, 17], [25, 18], [24, 17], [24, 18], [23, 19], [22, 18], [21, 17], [20, 17], [21, 17], [20, 18], [19, 17], [18, 18], [17, 18], [17, 17], [17, 18], [16, 18], [17, 19], [16, 18], [16, 17], [15, 18], [14, 17]]
