[[20, 10], [19, 9], [19, 8], [18, 7]]
[[20, 10], [19, 9], [19, 8], [18, 7]]
[[20, 10], [19, 9], [19, 8], [18, 7]]
[[20, 10], [19, 9], [19, 8], [18, 7]]
[[20, 10], [19, 9], [19, 8], [18, 7]]
[[20, 10], [19, 9], [18, 8], [18, 7]]
[[20, 10], [19, 9], [19, 8], [18, 7]]
[[20, 10], [19, 9], [18, 8], [18, 7]]
[[20, 10], [19, 9], [19, 8], [18, 7]]
[[20, 10], [21, 10], [20, 11], [21, 12], [20, 13], [21, 12], [22, 12], [23, 11], [24, 12], [25, 11], [26, 10], [25, 9], [24, 10], [24, 9], [23, 8], [22, 8], [21, 9], [20, 8], [19, 8], [18, 9], [18, 8], [18, 7]]
[[20, 10], [19, 10], [20, 11], [21, 11], [22, 12], [21, 12], [22, 11], [23, 11], [24, 10], [25, 11], [26, 10], [26, 11], [25, 10], [24, 9], [23, 8], [22, 9], [21, 9], [22, 8], [21, 8], [20, 8], [21, 7], [22, 6], [22, 7], [21, 6], [21, 5], [22, 4], [23, 5], [24, 4], [24, 5], [25, 5], [25, 4], [25, 3], [25, 2], [26, 3], [27, 4], [28, 3], [29, 2], [29, 3], [28, 4], [28, 5], [29, 5], [29, 6], [28, 7], [27, 8], [26, 8], [25, 8], [26, 9], [25, 9], [24, 8], [24, 7], [25, 7], [24, 6], [23, 7], [23, 6], [22, 5], [23, 4], [24, 3], [23, 2], [22, 2], [21, 1], [20, 1], [21, 0], [20, 0], [19, 1], [19, 0], [18, 0], [17, 0], [16, 1], [16, 0], [17, 1], [18, 2], [18, 3], [19, 2], [20, 2], [19, 1], [18, 2], [18, 3], [19, 3], [19, 4], [20, 3], [21, 4], [20, 4], [21, 5], [20, 5], [19, 5], [19, 6], [20, 7], [20, 8], [19, 9], [18, 10], [18, 9], [17, 8], [18, 7]]
