[[13, 14], [13, 13], [14, 12], [13, 11], [14, 10], [15, 9], [14, 8], [15, 7]]
[[13, 14], [13, 13], [14, 12], [13, 11], [14, 10], [15, 9], [16, 8], [15, 7]]
[[13, 14], [13, 13], [14, 12], [13, 11], [14, 10], [15, 9], [14, 8], [15, 7]]
[[13, 14], [12, 13], [12, 12], [13, 11], [13, 10], [14, 9], [14, 8], [15, 7]]
[[13, 14], [13, 13], [13, 12], [13, 11], [13, 10], [14, 9], [14, 8], [15, 7]]
[[13, 14], [13, 13], [14, 12], [13, 11], [13, 10], [14, 9], [15, 8], [15, 7]]
[[13, 14], [14, 13], [15, 12], [15, 11], [16, 10], [15, 9], [16, 8], [15, 7]]
[[13, 14], [13, 13], [14, 12], [13, 11], [13, 10], [14, 10], [14, 9], [15, 8], [16, 7], [15, 7]]
[[13, 14], [14, 13], [13, 12], [13, 11], [14, 10], [14, 9], [15, 9], [15, 8], [16, 7], [15, 7]]
[[13, 14], [14, 14], [14, 13], [15, 14], [16, 14], [15, 13], [16, 13], [16, 12], [16, 11], [15, 10], [15, 9], [15, 8], [14, 7], [15, 7]]
[[13, 14], [13, 13], [12, 13], [12, 14], [13, 14], [12, 15], [11, 15], [10, 16], [9, 15], [10, 14], [11, 13], [12, 12], [11, 11], [12, 12], [13, 12], [14, 12], [15, 11], [15, 10], [16, 9], [16, 8], [15, 7], [14, 7], [15, 7]]
[[13, 14], [14, 13], [15, 14], [16, 13], [15, 14], [16, 15], [15, 15], [14, 16], [13, 17], [14, 18], [15, 18], [14, 18], [13, 17], [14, 17], [13, 16], [14, 15], [13, 14], [13, 13], [13, 14], [12, 15], [11, 14], [10, 14], [11, 13], [10, 12], [9, 12], [10, 11], [10, 10], [11, 9], [12, 8], [11, 9], [12, 8], [12, 7], [13, 6], [14, 6], [15, 7]]
[[13, 14], [12, 13], [13, 12], [12, 11], [11, 11], [11, 12], [10, 11], [9, 12], [9, 11], [10, 10], [11, 9], [11, 10], [12, 9], [13, 10], [13, 11], [12, 12], [11, 13], [10, 12], [10, 13], [10, 14], [10, 15], [11, 16], [12, 17], [13, 18], [14, 19], [15, 19], [14, 18], [15, 18], [16, 19], [17, 19], [16, 18], [17, 18], [18, 19], [19, 19], [20, 19], [21, 18], [22, 19], [23, 18], [23, 17], [22, 17], [21, 17], [21, 16], [21, 15], [21, 14], [21, 13], [22, 13], [22, 12], [23, 11], [23, 12], [24, 13], [25, 14], [25, 13], [24, 12], [25, 12], [26, 13], [27, 12], [28, 11], [28, 12], [29, 13], [28, 14], [29, 15], [28, 15], [29, 14], [28, 13], [29, 12], [29, 11], [28, 10], [27, 10], [28, 9], [29, 8], [28, 7], [28, 6], [27, 6], [26, 7], [26, 6], [27, 7], [27, 8], [27, 9], [26, 9], [25, 8], [25, 7], [24, 6], [25, 5], [24, 4], [23, 5], [22, 5], [22, 6], [21, 5], [20, 5], [21, 4], [20, 3], [20, 2], [19, 1], [19, 0], [18, 0], [18, 1], [18, 2], [17, 2], [16, 2], [16, 3], [17, 3], [18, 4], [17, 4], [16, 4], [16, 5], [15, 6], [14, 5], [13, 6], [14, 6], [15, 5], [14, 4], [15, 3], [15, 2], [14, 2], [14, 3], [13, 2], [12, 1], [12, 2], [13, 3], [13, 4], [13, 5], [12, 6], [11, 6], [12, 7], [11, 7], [10, 8], [9, 8], [8, 9], [9, 9], [10, 9], [11, 9], [11, 10], [12, 9], [12, 8], [13, 7], [14, 8], [15, 9], [16, 10], [16, 11], [17, 10], [18, 10], [19, 11], [20, 12], [20, 11], [19, 10], [20, 9], [21, 10], [22, 11], [23, 10], [24, 10], [24, 9], [23, 9], [22, 8], [22, 7], [21, 8], [22, 9], [23, 8], [23, 7], [23, 6], [24, 5], [25, 4], [24, 3], [25, 2], [25, 3], [26, 4], [27, 3], [27, 4], [28, 5], [28, 4], [29, 3], [29, 2], [29, 1], [28, 0], [28, 1], [28, 2], [27, 2], [26, 2], [26, 1], [25, 0], [24, 1], [23, 1], [22, 0], [22, 1], [21, 0], [21, 1], [22, 2], [21, 3], [20, 4], [19, 4], [19, 5], [19, 6], [18, 7], [19, 7], [18, 6], [17, 7], [16, 7], [17, 8], [16, 8], [15, 7]]
