[[8, 19], [9, 18], [10, 17], [11, 16], [10, 15], [9, 14], [8, 13], [7, 12], [6, 11], [5, 10], [4, 9], [3, 8], [2, 7], [1, 6], [2, 5]]
[[8, 19], [9, 18], [9, 17], [8, 16], [8, 15], [7, 14], [6, 13], [7, 12], [6, 11], [6, 10], [5, 9], [4, 8], [3, 7], [3, 6], [2, 5]]
[[8, 19], [9, 18], [9, 17], [9, 16], [8, 15], [7, 14], [6, 13], [6, 12], [5, 11], [5, 10], [4, 9], [3, 8], [3, 7], [2, 6], [2, 5]]
[[8, 19], [8, 18], [9, 17], [8, 16], [9, 15], [10, 14], [9, 13], [8, 12], [7, 11], [6, 10], [5, 9], [4, 8], [3, 7], [2, 6], [2, 5]]
[[8, 19], [9, 18], [9, 17], [8, 16], [9, 15], [8, 14], [7, 13], [7, 12], [6, 11], [5, 10], [4, 9], [4, 8], [3, 7], [3, 6], [2, 5]]
[[8, 19], [9, 18], [10, 17], [11, 16], [10, 15], [9, 14], [8, 13], [7, 12], [6, 11], [5, 10], [4, 9], [3, 8], [2, 7], [1, 6], [2, 5]]
[[8, 19], [8, 18], [9, 17], [8, 16], [8, 15], [7, 14], [6, 13], [6, 12], [6, 11], [5, 10], [5, 9], [4, 8], [3, 7], [3, 6], [2, 5]]
[[8, 19], [9, 18], [9, 17], [9, 16], [8, 15], [7, 14], [6, 13], [6, 12], [6, 11], [5, 10], [4, 9], [3, 8], [2, 7], [2, 6], [2, 5]]
[[8, 19], [8, 18], [9, 17], [9, 16], [9, 15], [9, 14], [9, 13], [8, 12], [7, 11], [6, 10], [5, 9], [4, 8], [3, 7], [3, 6], [2, 5]]
[[8, 19], [8, 18], [9, 17], [10, 16], [9, 15], [8, 14], [7, 13], [6, 12], [5, 11], [4, 10], [3, 9], [4, 8], [3, 7], [3, 6], [2, 5]]
[[8, 19], [9, 18], [8, 17], [7, 16], [8, 15], [8, 14], [7, 13], [6, 12], [5, 11], [6, 10], [5, 9], [4, 8], [3, 7], [3, 6], [2, 5]]
[[8, 19], [9, 18], [10, 17], [11, 16], [10, 15], [9, 14], [8, 13], [7, 12], [6, 11], [5, 10], [4, 9], [3, 8], [3, 7], [3, 6], [2, 5]]
[[8, 19], [9, 18], [9, 17], [9, 16], [8, 15], [7, 14], [6, 13], [6, 12], [6, 11], [5, 10], [4, 9], [3, 8], [2, 7], [2, 6], [2, 5]]
[[8, 19], [8, 18], [7, 17], [7, 16], [6, 15], [7, 14], [7, 13], [8, 12], [7, 11], [6, 10], [5, 9], [4, 8], [3, 7], [3, 6], [2, 5]]
[[8, 19], [9, 18], [10, 17], [9, 16], [8, 15], [7, 14], [7, 13], [6, 12], [5, 12], [5, 11], [4, 10], [3, 9], [4, 8], [3, 7], [3, 6], [2, 5]]
[[8, 19], [9, 18], [10, 17], [9, 16], [8, 15], [8, 14], [8, 13], [9, 12], [8, 11], [7, 10], [6, 9], [5, 9], [4, 8], [3, 7], [2, 6], [2, 5]]
[[8, 19], [9, 18], [10, 17], [9, 16], [9, 15], [8, 15], [8, 14], [7, 13], [6, 12], [5, 11], [4, 10], [3, 9], [4, 8], [3, 7], [3, 6], [2, 5]]
[[8, 19], [8, 18], [8, 17], [8, 16], [8, 15], [8, 14], [8, 13], [7, 13], [6, 12], [5, 11], [5, 10], [4, 9], [3, 8], [2, 7], [2, 6], [2, 5]]
[[8, 19], [9, 18], [9, 17], [8, 16], [8, 15], [8, 14], [7, 13], [7, 12], [8, 11], [8, 10], [7, 10], [6, 9], [5, 8], [4, 8], [3, 7], [3, 6], [2, 5]]
[[8, 19], [8, 18], [8, 17], [8, 16], [9, 15], [8, 14], [8, 13], [7, 13], [6, 13], [6, 12], [6, 11], [5, 10], [4, 9], [3, 8], [2, 7], [1, 6], [2, 5]]
