[[29, 14], [28, 14], [27, 14], [26, 15], [25, 14], [24, 13], [23, 14], [22, 15], [21, 16], [20, 16], [19, 16], [18, 15], [17, 15], [16, 15], [15, 16], [14, 16], [13, 15], [12, 16], [11, 17]]
[[29, 14], [28, 13], [27, 13], [26, 14], [25, 13], [24, 14], [23, 15], [22, 16], [21, 16], [20, 17], [19, 16], [18, 15], [17, 16], [16, 16], [15, 16], [14, 16], [13, 17], [12, 17], [11, 17]]
[[29, 14], [28, 14], [27, 13], [26, 14], [25, 14], [24, 14], [23, 14], [22, 13], [21, 12], [20, 13], [19, 14], [18, 15], [17, 16], [16, 16], [15, 15], [14, 15], [13, 16], [12, 16], [11, 17]]
[[29, 14], [28, 14], [27, 14], [26, 14], [25, 13], [24, 14], [23, 14], [22, 13], [21, 14], [20, 14], [19, 15], [18, 15], [17, 15], [16, 15], [15, 16], [14, 17], [13, 16], [12, 16], [11, 17]]
[[29, 14], [28, 13], [27, 12], [26, 13], [25, 12], [24, 13], [23, 12], [22, 13], [21, 14], [20, 13], [19, 13], [18, 14], [17, 14], [16, 14], [15, 15], [14, 16], [13, 17], [12, 18], [11, 17]]
[[29, 14], [28, 13], [27, 12], [26, 12], [25, 13], [24, 14], [23, 14], [22, 15], [21, 14], [20, 14], [19, 14], [18, 15], [17, 15], [16, 15], [15, 16], [14, 15], [13, 15], [12, 16], [11, 17]]
[[29, 14], [28, 14], [27, 14], [26, 15], [25, 14], [24, 13], [23, 14], [22, 15], [21, 16], [20, 16], [19, 16], [18, 15], [17, 15], [16, 15], [15, 16], [14, 16], [13, 15], [12, 16], [11, 17]]
[[29, 14], [28, 14], [27, 14], [26, 14], [25, 14], [24, 15], [23, 16], [22, 17], [21, 16], [20, 15], [19, 15], [18, 15], [17, 16], [16, 16], [15, 16], [14, 16], [13, 17], [12, 16], [11, 17]]
[[29, 14], [28, 13], [27, 13], [26, 14], [25, 14], [24, 14], [23, 15], [22, 16], [21, 17], [20, 16], [19, 15], [18, 15], [17, 15], [16, 15], [15, 15], [14, 14], [13, 15], [12, 16], [11, 17]]
[[29, 14], [28, 13], [27, 12], [26, 12], [25, 13], [24, 14], [23, 15], [22, 16], [21, 17], [20, 16], [19, 16], [18, 15], [17, 16], [16, 16], [15, 16], [14, 15], [13, 16], [12, 16], [11, 17]]
[[29, 14], [28, 13], [27, 13], [26, 14], [25, 13], [24, 14], [23, 15], [22, 15], [21, 14], [20, 14], [19, 13], [18, 13], [17, 13], [16, 13], [15, 14], [14, 14], [13, 15], [12, 16], [11, 17]]
[[29, 14], [28, 14], [27, 13], [26, 13], [25, 13], [24, 13], [23, 13], [22, 14], [21, 14], [20, 13], [19, 13], [18, 13], [17, 14], [16, 14], [15, 15], [14, 16], [13, 16], [12, 17], [11, 17]]
[[29, 14], [28, 14], [27, 13], [26, 13], [25, 14], [24, 14], [23, 14], [22, 13], [21, 14], [20, 15], [19, 16], [18, 15], [17, 15], [16, 15], [15, 14], [14, 14], [13, 15], [12, 16], [11, 17]]
[[29, 14], [28, 13], [27, 12], [26, 11], [25, 12], [24, 13], [23, 13], [22, 13], [21, 14], [20, 14], [19, 14], [18, 14], [17, 14], [16, 14], [15, 15], [14, 15], [13, 15], [12, 16], [11, 17]]
[[29, 14], [28, 13], [27, 13], [26, 14], [25, 14], [24, 15], [23, 15], [22, 16], [21, 17], [20, 16], [19, 16], [18, 15], [17, 15], [16, 15], [15, 16], [14, 15], [13, 16], [12, 16], [11, 17]]
[[29, 14], [28, 14], [27, 14], [26, 13], [25, 14], [24, 14], [23, 13], [22, 14], [21, 14], [20, 14], [19, 14], [18, 15], [17, 16], [16, 16], [15, 16], [14, 16], [13, 17], [12, 17], [11, 17]]
[[29, 14], [28, 15], [27, 14], [26, 14], [25, 13], [24, 14], [23, 13], [22, 14], [21, 14], [20, 14], [20, 15], [19, 14], [18, 14], [17, 13], [16, 14], [15, 13], [14, 14], [13, 15], [12, 16], [11, 17]]
[[29, 14], [28, 14], [27, 14], [26, 13], [25, 14], [24, 15], [23, 15], [22, 16], [21, 17], [20, 16], [19, 15], [18, 15], [17, 14], [16, 15], [16, 16], [15, 15], [14, 14], [13, 15], [12, 16], [11, 17]]
[[29, 14], [28, 13], [27, 14], [26, 13], [25, 14], [24, 14], [23, 15], [22, 14], [22, 15], [21, 16], [20, 17], [19, 16], [18, 15], [17, 15], [16, 16], [15, 16], [14, 17], [13, 17], [12, 18], [11, 17]]
[[29, 14], [29, 15], [28, 14], [27, 13], [26, 12], [25, 12], [25, 13], [24, 12], [23, 12], [22, 13], [21, 12], [20, 13], [19, 14], [18, 14], [17, 15], [16, 15], [15, 15], [14, 16], [13, 17], [12, 17], [11, 17]]
