[[16, 11], [15, 10], [14, 9], [13, 8]]
[[16, 11], [15, 10], [14, 9], [13, 8]]
[[16, 11], [15, 10], [14, 9], [13, 8]]
[[16, 11], [15, 10], [14, 9], [13, 8]]
[[16, 11], [15, 10], [14, 9], [13, 8]]
[[16, 11], [15, 10], [14, 9], [13, 8]]
[[16, 11], [15, 10], [14, 9], [13, 8]]
[[16, 11], [15, 10], [14, 9], [13, 8]]
[[16, 11], [15, 10], [14, 9], [13, 8]]
[[16, 11], [15, 10], [14, 9], [13, 10], [13, 9], [13, 8]]
[[16, 11], [15, 10], [16, 9], [15, 8], [16, 9], [16, 8], [15, 9], [14, 8], [15, 8], [14, 7], [13, 7], [13, 8]]
[[16, 11], [15, 12], [14, 13], [13, 13], [14, 12], [14, 11], [15, 12], [14, 11], [13, 11], [13, 10], [12, 10], [11, 10], [12, 10], [11, 9], [12, 8], [13, 8]]
[[16, 11], [16, 10], [15, 11], [14, 12], [13, 13], [14, 14], [15, 15], [16, 15], [17, 14], [18, 15], [19, 14], [20, 13], [21, 14], [22, 15], [21, 15], [20, 15], [20, 16], [21, 16], [20, 17], [20, 18], [19, 17], [19, 16], [18, 17], [17, 18], [18, 19], [18, 18], [19, 19], [19, 18], [20, 19], [21, 19], [22, 18], [21, 17], [22, 17], [23, 16], [24, 17], [24, 18], [25, 18], [26, 19], [27, 19], [28, 18], [28, 19], [29, 19], [29, 18], [29, 17], [29, 16], [28, 16], [27, 15], [27, 14], [27, 13], [28, 13], [28, 14], [29, 13], [28, 12], [27, 11], [26, 12], [25, 13], [26, 14], [25, 14], [24, 14], [24, 15], [24, 16], [23, 15], [22, 14], [23, 13], [22, 12], [23, 12], [24, 13], [24, 12], [24, 11], [25, 11], [26, 10], [26, 11], [25, 10], [24, 9], [24, 8], [23, 8], [23, 9], [24, 10], [23, 11], [22, 10], [21, 9], [21, 8], [22, 7], [22, 8], [23, 7], [24, 7], [25, 8], [26, 8], [27, 7], [26, 6], [26, 7], [25, 6], [24, 6], [25, 5], [25, 4], [26, 4], [27, 5], [27, 6], [28, 5], [27, 4], [28, 4], [27, 3], [26, 2], [26, 1], [27, 2], [26, 3], [25, 2], [25, 1], [24, 0], [25, 0], [24, 1], [23, 0], [22, 1], [22, 2], [21, 3], [21, 2], [20, 2], [19, 3], [19, 4], [20, 5], [20, 4], [21, 4], [21, 5], [21, 6], [20, 6], [21, 7], [20, 8], [20, 9], [19, 8], [19, 7], [20, 7], [19, 6], [19, 5], [18, 5], [17, 5], [17, 4], [16, 4], [16, 5], [15, 4], [14, 5], [15, 5], [14, 6], [14, 7], [13, 6], [12, 5], [12, 6], [13, 5], [13, 4], [13, 3], [14, 4], [14, 3], [14, 2], [15, 2], [16, 3], [16, 2], [16, 1], [15, 1], [16, 0], [15, 0], [14, 0], [13, 0], [12, 0], [12, 1], [13, 1], [12, 2], [11, 2], [11, 1], [10, 2], [10, 3], [9, 2], [9, 3], [8, 3], [8, 4], [7, 3], [7, 4], [7, 5], [8, 6], [7, 6], [7, 7], [6, 7], [7, 8], [8, 8], [9, 7], [10, 8], [11, 8], [12, 8], [12, 7], [13, 7], [13, 8]]
