[[27, 4], [26, 5], [25, 6], [24, 7], [23, 8], [22, 9], [22, 10], [21, 11], [20, 12], [19, 13], [18, 14], [17, 14], [16, 15], [15, 16], [14, 16], [13, 17], [12, 17], [11, 18], [10, 18], [9, 18], [8, 18], [7, 19], [6, 18], [5, 19], [4, 19]]
[[27, 4], [26, 5], [25, 6], [24, 7], [23, 8], [23, 9], [22, 10], [21, 11], [20, 12], [19, 13], [18, 14], [17, 15], [16, 16], [15, 17], [14, 18], [13, 19], [12, 19], [11, 19], [10, 18], [9, 19], [8, 19], [7, 18], [6, 18], [5, 19], [4, 19]]
[[27, 4], [26, 5], [25, 6], [24, 7], [24, 8], [23, 9], [22, 10], [21, 11], [20, 12], [19, 13], [18, 14], [17, 15], [16, 15], [15, 15], [14, 16], [13, 17], [12, 18], [11, 17], [10, 18], [9, 19], [8, 19], [7, 18], [6, 18], [5, 19], [4, 19]]
[[27, 4], [26, 5], [25, 6], [24, 7], [23, 8], [23, 9], [22, 10], [21, 11], [20, 12], [19, 13], [18, 14], [17, 14], [16, 15], [15, 16], [14, 16], [13, 17], [12, 18], [11, 19], [10, 18], [9, 19], [8, 18], [7, 19], [6, 18], [5, 19], [4, 19]]
[[27, 4], [26, 5], [25, 6], [25, 7], [24, 8], [23, 9], [22, 10], [21, 11], [20, 12], [19, 12], [18, 13], [17, 14], [16, 13], [15, 14], [14, 15], [13, 16], [12, 17], [11, 18], [10, 17], [9, 18], [8, 18], [7, 19], [6, 18], [5, 19], [4, 19]]
[[27, 4], [26, 5], [25, 6], [24, 7], [23, 8], [23, 9], [22, 10], [21, 11], [20, 12], [19, 13], [18, 13], [17, 12], [16, 13], [15, 13], [14, 14], [13, 15], [12, 15], [11, 16], [10, 17], [9, 18], [8, 18], [7, 19], [6, 18], [5, 19], [4, 19]]
[[27, 4], [26, 5], [25, 6], [24, 7], [24, 8], [23, 9], [22, 10], [21, 11], [20, 12], [19, 13], [18, 14], [17, 15], [16, 16], [15, 17], [14, 18], [13, 17], [12, 17], [11, 18], [10, 18], [9, 19], [8, 18], [7, 19], [6, 18], [5, 19], [4, 19]]
[[27, 4], [26, 5], [25, 6], [24, 7], [23, 8], [23, 9], [22, 10], [21, 11], [20, 12], [19, 13], [18, 14], [17, 14], [16, 13], [15, 14], [14, 15], [13, 16], [12, 17], [11, 18], [10, 18], [9, 19], [8, 18], [7, 17], [6, 18], [5, 19], [4, 19]]
[[27, 4], [26, 5], [25, 6], [24, 7], [23, 8], [22, 9], [22, 10], [21, 11], [20, 12], [19, 13], [18, 14], [17, 15], [16, 16], [15, 16], [14, 16], [13, 17], [12, 17], [11, 18], [10, 18], [9, 18], [8, 18], [7, 19], [6, 19], [5, 19], [4, 19]]
[[27, 4], [26, 5], [25, 6], [24, 7], [24, 8], [23, 9], [22, 10], [21, 11], [20, 12], [19, 13], [18, 14], [17, 15], [16, 16], [15, 15], [14, 16], [13, 16], [12, 17], [11, 17], [10, 18], [9, 18], [8, 19], [7, 18], [6, 19], [5, 19], [4, 19]]
[[27, 4], [26, 5], [25, 6], [24, 7], [23, 8], [22, 9], [22, 10], [21, 11], [20, 12], [19, 13], [18, 14], [17, 14], [16, 15], [15, 16], [14, 16], [13, 17], [12, 17], [11, 18], [10, 18], [9, 18], [8, 18], [7, 19], [6, 18], [5, 19], [4, 19]]
[[27, 4], [28, 5], [27, 6], [26, 7], [25, 8], [24, 9], [23, 10], [22, 11], [21, 12], [20, 13], [19, 14], [18, 15], [17, 16], [16, 17], [15, 18], [14, 19], [13, 18], [12, 17], [11, 17], [10, 18], [9, 18], [8, 19], [7, 18], [6, 18], [5, 19], [4, 19]]
[[27, 4], [27, 5], [27, 6], [26, 7], [25, 8], [24, 9], [23, 10], [22, 11], [21, 12], [20, 13], [19, 14], [18, 15], [17, 15], [16, 15], [15, 16], [14, 16], [13, 17], [12, 17], [11, 17], [10, 17], [9, 18], [8, 18], [7, 19], [6, 19], [5, 19], [4, 19]]
[[27, 4], [27, 5], [27, 6], [26, 7], [25, 8], [24, 9], [23, 10], [22, 11], [21, 12], [20, 13], [19, 14], [18, 15], [17, 16], [16, 17], [15, 18], [14, 18], [13, 18], [12, 17], [11, 18], [10, 17], [9, 18], [8, 18], [7, 17], [6, 18], [5, 19], [4, 19]]
[[27, 4], [28, 5], [27, 6], [26, 7], [25, 8], [24, 9], [23, 10], [22, 11], [21, 12], [20, 13], [20, 14], [19, 15], [18, 16], [17, 15], [16, 16], [15, 17], [14, 18], [13, 19], [12, 18], [11, 17], [10, 18], [9, 18], [8, 19], [7, 19], [6, 19], [5, 19], [4, 19]]
[[27, 4], [26, 5], [25, 6], [24, 7], [25, 8], [24, 9], [23, 10], [22, 11], [22, 12], [21, 13], [20, 14], [19, 15], [18, 16], [17, 15], [16, 16], [15, 17], [14, 18], [13, 19], [12, 19], [11, 18], [10, 18], [9, 19], [8, 18], [7, 18], [6, 18], [5, 19], [4, 19]]
[[27, 4], [26, 5], [27, 6], [26, 7], [25, 8], [24, 9], [24, 10], [23, 10], [22, 11], [21, 12], [20, 13], [19, 14], [19, 15], [18, 16], [17, 17], [16, 16], [15, 17], [14, 18], [13, 18], [12, 19], [11, 18], [10, 17], [9, 18], [8, 18], [7, 19], [6, 19], [5, 19], [4, 19]]
[[27, 4], [26, 5], [25, 6], [25, 7], [25, 8], [24, 8], [23, 9], [23, 10], [22, 11], [22, 12], [21, 13], [20, 14], [19, 15], [18, 15], [17, 15], [16, 15], [15, 16], [14, 16], [13, 17], [12, 18], [11, 18], [10, 18], [9, 19], [8, 18], [7, 18], [6, 19], [5, 19], [4, 19]]
[[27, 4], [28, 5], [27, 6], [27, 7], [26, 7], [25, 8], [24, 8], [23, 9], [22, 10], [21, 11], [21, 12], [20, 13], [19, 14], [18, 14], [17, 15], [16, 16], [15, 17], [14, 18], [13, 19], [12, 18], [11, 19], [10, 18], [9, 18], [8, 17], [7, 18], [6, 19], [5, 19], [4, 19]]
[[27, 4], [26, 5], [27, 6], [27, 7], [26, 8], [25, 9], [24, 9], [23, 10], [22, 11], [22, 12], [21, 13], [20, 14], [19, 15], [18, 16], [17, 15], [16, 16], [15, 17], [14, 18], [13, 19], [12, 19], [11, 18], [10, 18], [9, 18], [8, 17], [7, 18], [6, 19], [5, 19], [4, 19]]
