[[8, 19], [9, 18], [10, 17], [11, 16], [12, 15], [12, 14], [13, 13], [13, 12], [14, 11], [15, 10], [15, 9], [14, 8], [15, 7], [15, 6], [15, 5], [15, 4], [15, 3], [16, 2]]
[[8, 19], [9, 18], [9, 17], [10, 16], [11, 15], [12, 14], [13, 13], [13, 12], [14, 11], [14, 10], [15, 9], [16, 8], [16, 7], [15, 6], [15, 5], [15, 4], [15, 3], [16, 2]]
[[8, 19], [7, 18], [8, 17], [9, 16], [10, 15], [11, 14], [12, 13], [12, 12], [12, 11], [13, 10], [13, 9], [14, 8], [15, 7], [16, 6], [16, 5], [15, 4], [16, 3], [16, 2]]
[[8, 19], [9, 18], [10, 17], [11, 16], [12, 15], [12, 14], [13, 13], [13, 12], [14, 11], [15, 10], [15, 9], [14, 8], [15, 7], [15, 6], [15, 5], [15, 4], [15, 3], [16, 2]]
[[8, 19], [9, 18], [10, 17], [9, 16], [10, 15], [11, 14], [10, 13], [11, 12], [11, 11], [12, 10], [13, 9], [14, 8], [15, 7], [16, 6], [15, 5], [15, 4], [15, 3], [16, 2]]
[[8, 19], [9, 18], [8, 17], [9, 16], [10, 15], [11, 14], [12, 13], [12, 12], [13, 11], [14, 10], [14, 9], [14, 8], [15, 7], [16, 6], [17, 5], [18, 4], [17, 3], [16, 2]]
[[8, 19], [8, 18], [9, 17], [9, 16], [10, 15], [10, 14], [10, 13], [11, 12], [11, 11], [12, 10], [13, 9], [14, 8], [13, 7], [14, 6], [14, 5], [15, 4], [16, 3], [16, 2]]
[[8, 19], [8, 18], [9, 17], [10, 16], [11, 15], [12, 14], [13, 13], [13, 12], [14, 11], [14, 10], [13, 9], [14, 8], [15, 7], [15, 6], [16, 5], [16, 4], [17, 3], [16, 2]]
[[8, 19], [8, 18], [9, 17], [9, 16], [10, 15], [11, 14], [12, 13], [11, 12], [12, 11], [12, 10], [13, 9], [14, 8], [15, 7], [15, 6], [15, 5], [14, 4], [15, 3], [16, 2]]
[[8, 19], [8, 18], [9, 17], [9, 16], [10, 15], [10, 14], [10, 13], [11, 12], [12, 11], [13, 10], [13, 9], [14, 8], [15, 7], [16, 6], [15, 5], [15, 4], [16, 3], [16, 2]]
[[8, 19], [9, 18], [9, 17], [10, 16], [10, 15], [10, 14], [10, 13], [10, 12], [11, 11], [12, 10], [13, 9], [14, 8], [15, 7], [15, 6], [16, 5], [16, 4], [15, 3], [16, 2]]
[[8, 19], [9, 18], [10, 17], [10, 16], [10, 15], [9, 14], [10, 13], [11, 12], [12, 11], [13, 10], [13, 9], [14, 8], [15, 7], [16, 6], [15, 5], [16, 4], [15, 3], [16, 2]]
[[8, 19], [9, 18], [9, 17], [9, 16], [10, 15], [10, 14], [10, 13], [10, 12], [11, 11], [12, 10], [13, 9], [14, 8], [15, 7], [16, 6], [15, 5], [16, 5], [15, 4], [15, 3], [16, 2]]
[[8, 19], [8, 18], [9, 17], [9, 16], [10, 15], [10, 14], [10, 13], [11, 12], [12, 11], [13, 10], [14, 9], [14, 8], [15, 7], [16, 7], [15, 6], [16, 5], [16, 4], [15, 3], [16, 2]]
[[8, 19], [9, 18], [10, 17], [9, 16], [10, 15], [9, 14], [10, 13], [11, 12], [11, 11], [12, 10], [13, 9], [14, 8], [15, 7], [15, 6], [15, 5], [16, 6], [16, 5], [15, 4], [16, 3], [16, 2]]
[[8, 19], [7, 18], [8, 17], [9, 18], [10, 17], [10, 16], [10, 15], [11, 14], [10, 13], [11, 12], [11, 11], [12, 10], [13, 9], [14, 8], [15, 7], [16, 7], [17, 6], [17, 5], [17, 4], [17, 3], [16, 2]]
[[8, 19], [9, 19], [10, 18], [11, 18], [11, 17], [11, 16], [10, 15], [11, 14], [10, 13], [10, 12], [11, 11], [12, 10], [13, 9], [14, 8], [15, 7], [16, 6], [17, 6], [16, 5], [16, 4], [17, 3], [16, 2]]
[[8, 19], [9, 18], [9, 17], [10, 17], [10, 16], [11, 15], [12, 14], [11, 14], [10, 13], [9, 12], [8, 11], [7, 12], [8, 12], [9, 11], [10, 12], [11, 11], [11, 10], [12, 10], [13, 9], [14, 8], [13, 7], [14, 6], [15, 5], [15, 4], [14, 4], [14, 3], [14, 2], [15, 1], [15, 2], [15, 1], [16, 2]]
[[8, 19], [9, 18], [10, 19], [11, 19], [10, 19], [11, 18], [10, 18], [11, 18], [10, 17], [11, 17], [12, 16], [11, 16], [12, 15], [13, 14], [12, 13], [12, 12], [12, 11], [13, 10], [12, 9], [13, 9], [14, 8], [14, 9], [14, 8], [15, 7], [16, 7], [17, 6], [18, 6], [19, 5], [18, 4], [17, 3], [16, 3], [16, 2]]
[[8, 19], [9, 18], [9, 19], [10, 18], [11, 18], [10, 18], [10, 17], [9, 17], [10, 17], [10, 16], [10, 15], [11, 15], [12, 15], [13, 14], [12, 13], [13, 13], [12, 13], [12, 12], [11, 11], [12, 11], [12, 10], [13, 9], [14, 8], [15, 7], [16, 7], [17, 6], [18, 7], [18, 6], [18, 5], [18, 4], [17, 3], [16, 2]]
