[[7, 16], [8, 16], [9, 17], [10, 18], [11, 17], [12, 18], [13, 17], [14, 18], [15, 17], [16, 18], [17, 17], [18, 17]]
[[7, 16], [8, 17], [9, 18], [10, 19], [11, 19], [12, 18], [13, 17], [14, 18], [15, 17], [16, 18], [17, 17], [18, 17]]
[[7, 16], [8, 17], [9, 18], [10, 17], [11, 18], [12, 19], [13, 19], [14, 19], [15, 19], [16, 18], [17, 17], [18, 17]]
[[7, 16], [8, 16], [9, 17], [10, 17], [11, 17], [12, 18], [13, 18], [14, 18], [15, 17], [16, 18], [17, 17], [18, 17]]
[[7, 16], [8, 17], [9, 17], [10, 18], [11, 19], [12, 18], [13, 18], [14, 19], [15, 19], [16, 18], [17, 17], [18, 17]]
[[7, 16], [8, 16], [9, 17], [10, 17], [11, 18], [12, 18], [13, 18], [14, 19], [15, 19], [16, 18], [17, 17], [18, 17]]
[[7, 16], [8, 16], [9, 17], [10, 18], [11, 18], [12, 18], [13, 18], [14, 19], [15, 19], [16, 18], [17, 17], [18, 17]]
[[7, 16], [8, 16], [9, 17], [10, 17], [11, 17], [12, 18], [13, 18], [14, 18], [15, 17], [16, 18], [17, 17], [18, 17]]
[[7, 16], [8, 16], [9, 17], [10, 17], [11, 18], [12, 18], [13, 19], [14, 18], [15, 17], [16, 18], [17, 17], [18, 17]]
[[7, 16], [8, 16], [9, 17], [10, 18], [11, 17], [12, 18], [13, 17], [14, 18], [15, 17], [16, 18], [17, 17], [18, 17]]
[[7, 16], [8, 16], [9, 17], [9, 18], [10, 17], [11, 18], [12, 19], [13, 18], [14, 18], [15, 17], [16, 18], [17, 17], [18, 17]]
[[7, 16], [8, 15], [8, 16], [9, 17], [10, 18], [11, 18], [12, 19], [13, 19], [14, 18], [15, 17], [16, 18], [17, 17], [18, 17]]
[[7, 16], [8, 17], [9, 18], [10, 18], [11, 18], [12, 19], [12, 18], [13, 19], [14, 18], [15, 17], [16, 18], [17, 17], [18, 17]]
[[7, 16], [7, 15], [8, 16], [9, 17], [10, 16], [11, 17], [12, 18], [12, 19], [13, 19], [14, 18], [15, 17], [16, 18], [15, 19], [16, 18], [17, 17], [18, 17]]
[[7, 16], [7, 15], [6, 16], [6, 17], [6, 18], [7, 18], [8, 18], [9, 17], [9, 16], [10, 16], [11, 17], [10, 18], [10, 17], [11, 17], [10, 16], [11, 15], [11, 14], [11, 15], [11, 16], [10, 16], [10, 17], [11, 18], [12, 18], [11, 17], [11, 18], [12, 19], [12, 18], [13, 18], [14, 18], [15, 19], [16, 19], [16, 18], [17, 17], [18, 17]]
[[7, 16], [8, 16], [9, 15], [9, 14], [8, 13], [8, 12], [9, 12], [8, 11], [7, 10], [7, 9], [8, 8], [8, 7], [9, 6], [8, 5], [7, 4], [7, 5], [6, 5], [7, 6], [6, 6], [6, 7], [5, 7], [4, 8], [4, 7], [5, 6], [5, 5], [4, 4], [5, 4], [6, 3], [6, 4], [7, 3], [8, 2], [9, 1], [10, 1], [11, 2], [11, 1], [12, 0], [11, 0], [10, 0], [9, 0], [8, 0], [7, 0], [6, 0], [7, 1], [8, 1], [9, 2], [10, 2], [10, 3], [11, 4], [12, 4], [13, 4], [14, 5], [15, 5], [16, 5], [15, 4], [16, 4], [17, 4], [18, 5], [19, 5], [20, 6], [21, 7], [22, 6], [22, 5], [23, 4], [24, 3], [23, 2], [23, 3], [22, 2], [23, 1], [24, 2], [25, 3], [26, 3], [26, 4], [25, 4], [25, 5], [25, 6], [25, 7], [26, 6], [27, 6], [27, 5], [28, 6], [27, 7], [27, 8], [26, 9], [26, 8], [27, 9], [28, 9], [28, 10], [27, 10], [26, 11], [27, 12], [28, 11], [29, 11], [28, 12], [27, 13], [28, 13], [28, 14], [27, 14], [26, 13], [26, 14], [27, 15], [27, 16], [28, 17], [29, 18], [29, 17], [28, 16], [27, 17], [26, 16], [25, 16], [25, 17], [26, 17], [26, 18], [25, 19], [24, 19], [24, 18], [24, 17], [24, 16], [25, 15], [25, 14], [24, 14], [25, 13], [26, 12], [25, 11], [25, 12], [24, 13], [23, 12], [22, 11], [22, 12], [21, 12], [22, 13], [21, 13], [20, 13], [19, 12], [18, 11], [18, 12], [17, 12], [17, 11], [16, 11], [16, 12], [15, 12], [14, 13], [13, 13], [13, 12], [12, 12], [11, 12], [12, 13], [12, 14], [13, 14], [14, 14], [15, 13], [15, 14], [16, 14], [15, 15], [15, 16], [15, 17], [14, 18], [15, 19], [16, 18], [17, 17], [18, 17]]
