[[26, 17], [26, 16], [25, 15], [24, 14], [24, 13], [23, 12], [23, 11], [22, 10], [21, 9], [22, 8], [21, 7], [20, 6], [20, 5], [20, 4]]
[[26, 17], [26, 16], [25, 15], [24, 14], [23, 13], [22, 12], [21, 11], [21, 10], [21, 9], [21, 8], [21, 7], [22, 6], [21, 5], [20, 4]]
[[26, 17], [26, 16], [25, 15], [24, 14], [23, 13], [22, 12], [21, 11], [21, 10], [21, 9], [20, 8], [21, 7], [21, 6], [21, 5], [20, 4]]
[[26, 17], [26, 16], [25, 15], [24, 14], [24, 13], [23, 12], [23, 11], [23, 10], [23, 9], [24, 8], [23, 7], [22, 6], [21, 5], [20, 4]]
[[26, 17], [26, 16], [25, 15], [24, 14], [23, 13], [22, 12], [22, 11], [23, 10], [23, 9], [22, 8], [21, 7], [21, 6], [20, 5], [20, 4]]
[[26, 17], [25, 16], [25, 15], [24, 14], [23, 13], [22, 12], [21, 11], [21, 10], [21, 9], [21, 8], [21, 7], [22, 6], [21, 5], [20, 4]]
[[26, 17], [26, 16], [25, 15], [24, 14], [24, 13], [23, 12], [23, 11], [22, 10], [21, 9], [22, 8], [21, 7], [20, 6], [20, 5], [20, 4]]
[[26, 17], [26, 16], [25, 15], [24, 14], [23, 13], [22, 12], [22, 11], [22, 10], [21, 9], [22, 8], [22, 7], [22, 6], [21, 5], [20, 4]]
[[26, 17], [26, 16], [25, 15], [24, 14], [23, 13], [22, 12], [21, 11], [22, 10], [21, 9], [22, 8], [21, 7], [21, 6], [21, 5], [20, 4]]
[[26, 17], [25, 16], [25, 15], [24, 14], [23, 13], [23, 12], [22, 11], [21, 10], [21, 9], [22, 8], [21, 7], [21, 6], [20, 5], [20, 4]]
[[26, 17], [26, 16], [25, 15], [24, 14], [23, 13], [23, 12], [22, 11], [23, 10], [22, 9], [21, 8], [21, 7], [21, 6], [20, 5], [20, 4]]
[[26, 17], [25, 16], [25, 15], [24, 14], [23, 13], [22, 12], [21, 11], [22, 10], [23, 9], [22, 8], [22, 7], [21, 6], [21, 5], [20, 4]]
[[26, 17], [26, 16], [25, 15], [24, 14], [23, 13], [23, 12], [22, 11], [22, 10], [22, 9], [21, 8], [21, 7], [22, 6], [21, 5], [20, 4]]
[[26, 17], [25, 16], [25, 15], [24, 14], [23, 13], [22, 12], [21, 11], [22, 10], [21, 9], [22, 8], [22, 7], [21, 6], [20, 5], [20, 4]]
[[26, 17], [26, 16], [25, 15], [24, 14], [23, 13], [22, 12], [23, 11], [24, 10], [23, 9], [22, 8], [23, 7], [22, 6], [22, 5], [21, 4], [20, 4]]
[[26, 17], [26, 16], [25, 15], [24, 14], [24, 13], [23, 12], [22, 11], [22, 10], [22, 9], [22, 8], [21, 7], [21, 6], [20, 6], [20, 5], [20, 4]]
[[26, 17], [26, 16], [25, 15], [24, 14], [24, 13], [23, 12], [22, 11], [22, 10], [22, 9], [22, 8], [22, 7], [23, 7], [22, 6], [22, 5], [21, 4], [20, 4]]
[[26, 17], [25, 16], [25, 15], [24, 14], [24, 13], [23, 12], [22, 11], [23, 10], [22, 9], [21, 8], [22, 7], [21, 7], [21, 6], [22, 5], [21, 5], [20, 4]]
[[26, 17], [27, 16], [26, 15], [27, 14], [26, 13], [25, 13], [25, 12], [24, 11], [24, 10], [23, 10], [23, 9], [22, 9], [21, 8], [21, 7], [20, 6], [20, 5], [20, 4], [21, 4], [21, 5], [20, 5], [20, 4]]
[[26, 17], [25, 16], [25, 15], [24, 14], [23, 14], [24, 14], [25, 13], [25, 12], [26, 11], [26, 10], [27, 9], [26, 8], [25, 7], [24, 6], [24, 5], [25, 5], [24, 6], [23, 7], [22, 7], [21, 6], [20, 5], [20, 4]]
