[[9, 16], [10, 15], [11, 14], [12, 13], [13, 12], [14, 12], [15, 11], [16, 11], [17, 10], [18, 9], [19, 8], [20, 7], [21, 6]]
[[9, 16], [10, 15], [11, 15], [12, 15], [13, 14], [14, 13], [15, 12], [16, 11], [17, 10], [18, 9], [19, 8], [20, 7], [21, 6]]
[[9, 16], [10, 16], [11, 16], [12, 15], [13, 14], [14, 13], [15, 12], [16, 11], [17, 10], [18, 9], [19, 8], [20, 7], [21, 6]]
[[9, 16], [10, 16], [11, 15], [12, 14], [13, 13], [14, 13], [15, 12], [16, 11], [17, 10], [18, 9], [19, 8], [20, 7], [21, 6]]
[[9, 16], [10, 15], [11, 14], [12, 13], [13, 12], [14, 12], [15, 11], [16, 11], [17, 10], [18, 9], [19, 8], [20, 7], [21, 6]]
[[9, 16], [10, 16], [11, 16], [12, 15], [13, 14], [14, 13], [15, 12], [16, 11], [17, 10], [18, 9], [19, 8], [20, 7], [21, 6]]
[[9, 16], [10, 16], [11, 15], [12, 14], [13, 13], [14, 13], [15, 12], [16, 11], [17, 10], [18, 9], [19, 8], [20, 7], [21, 6]]
[[9, 16], [10, 15], [11, 14], [12, 14], [13, 13], [14, 13], [15, 12], [16, 11], [17, 10], [18, 9], [19, 8], [20, 7], [21, 6]]
[[9, 16], [10, 15], [11, 14], [12, 13], [13, 13], [14, 12], [15, 11], [16, 10], [17, 10], [18, 9], [19, 8], [20, 7], [21, 6]]
[[9, 16], [10, 15], [11, 14], [12, 13], [13, 12], [14, 13], [15, 12], [16, 11], [17, 10], [18, 9], [19, 8], [20, 7], [21, 6]]
[[9, 16], [10, 15], [11, 15], [12, 14], [13, 13], [14, 13], [15, 12], [16, 11], [17, 10], [18, 9], [19, 8], [20, 7], [21, 6]]
[[9, 16], [10, 15], [11, 14], [12, 13], [13, 12], [14, 11], [15, 11], [16, 10], [17, 9], [18, 9], [19, 8], [20, 7], [21, 6]]
[[9, 16], [10, 15], [11, 15], [12, 15], [13, 14], [14, 13], [15, 12], [16, 11], [17, 10], [18, 9], [19, 8], [20, 7], [21, 6]]
[[9, 16], [10, 16], [11, 15], [12, 15], [13, 14], [14, 13], [15, 12], [16, 11], [17, 10], [18, 9], [19, 8], [20, 7], [21, 6]]
[[9, 16], [10, 16], [11, 15], [12, 14], [13, 13], [14, 12], [15, 12], [16, 11], [15, 10], [16, 9], [17, 10], [18, 9], [19, 8], [20, 7], [21, 6]]
[[9, 16], [10, 15], [11, 15], [12, 14], [13, 13], [13, 12], [14, 12], [15, 12], [16, 11], [17, 10], [18, 9], [19, 8], [20, 8], [20, 7], [21, 6]]
[[9, 16], [10, 15], [11, 14], [12, 14], [12, 13], [13, 12], [14, 12], [15, 11], [16, 10], [17, 10], [18, 10], [19, 9], [19, 8], [20, 7], [21, 6]]
[[9, 16], [10, 15], [11, 14], [12, 13], [12, 14], [13, 13], [14, 13], [14, 12], [15, 12], [16, 11], [17, 10], [18, 9], [19, 8], [20, 7], [21, 6]]
[[9, 16], [10, 16], [11, 16], [12, 15], [11, 14], [12, 14], [13, 13], [14, 12], [15, 12], [16, 11], [15, 11], [16, 11], [17, 10], [16, 9], [16, 10], [17, 9], [18, 9], [19, 8], [20, 7], [21, 6]]
[[9, 16], [10, 15], [11, 14], [12, 14], [13, 13], [14, 13], [13, 12], [14, 11], [15, 10], [16, 10], [17, 9], [18, 10], [19, 9], [20, 8], [21, 9], [21, 8], [21, 9], [21, 8], [21, 7], [21, 6]]
