[[2, 17], [3, 18], [4, 18], [5, 17], [6, 16], [7, 15], [8, 14], [9, 13], [10, 13], [11, 12], [12, 12], [13, 12], [14, 11], [15, 10], [16, 11], [17, 12], [18, 11], [19, 11], [20, 11], [21, 10], [22, 9], [23, 8], [24, 7], [25, 7], [26, 6], [27, 5]]
[[2, 17], [3, 17], [4, 17], [5, 16], [6, 15], [7, 14], [8, 13], [9, 13], [10, 12], [11, 13], [12, 13], [13, 12], [14, 11], [15, 12], [16, 12], [17, 12], [18, 11], [19, 10], [20, 9], [21, 8], [22, 7], [23, 7], [24, 6], [25, 5], [26, 4], [27, 5]]
[[2, 17], [3, 17], [4, 17], [5, 17], [6, 16], [7, 16], [8, 15], [9, 14], [10, 13], [11, 13], [12, 14], [13, 15], [14, 14], [15, 13], [16, 12], [17, 11], [18, 10], [19, 10], [20, 11], [21, 10], [22, 9], [23, 8], [24, 8], [25, 7], [26, 6], [27, 5]]
[[2, 17], [3, 18], [4, 18], [5, 17], [6, 16], [7, 15], [8, 14], [9, 13], [10, 13], [11, 12], [12, 12], [13, 12], [14, 11], [15, 10], [16, 11], [17, 12], [18, 11], [19, 11], [20, 11], [21, 10], [22, 9], [23, 8], [24, 7], [25, 7], [26, 6], [27, 5]]
[[2, 17], [3, 17], [4, 18], [5, 17], [6, 16], [7, 15], [8, 14], [9, 13], [10, 13], [11, 12], [12, 12], [13, 12], [14, 13], [15, 13], [16, 12], [17, 13], [18, 12], [19, 13], [20, 12], [21, 11], [22, 10], [23, 9], [24, 8], [25, 7], [26, 6], [27, 5]]
[[2, 17], [3, 18], [4, 18], [5, 17], [6, 16], [7, 16], [8, 15], [9, 15], [10, 15], [11, 14], [12, 13], [13, 13], [14, 13], [15, 13], [16, 12], [17, 11], [18, 12], [19, 11], [20, 11], [21, 10], [22, 9], [23, 8], [24, 8], [25, 7], [26, 6], [27, 5]]
[[2, 17], [3, 17], [4, 18], [5, 17], [6, 16], [7, 15], [8, 15], [9, 15], [10, 15], [11, 14], [12, 13], [13, 12], [14, 11], [15, 12], [16, 12], [17, 11], [18, 11], [19, 10], [20, 9], [21, 8], [22, 9], [23, 8], [24, 7], [25, 7], [26, 6], [27, 5]]
[[2, 17], [3, 18], [4, 17], [5, 17], [6, 16], [7, 15], [8, 15], [9, 14], [10, 13], [11, 12], [12, 12], [13, 13], [14, 13], [15, 12], [16, 13], [17, 13], [18, 13], [19, 12], [20, 11], [21, 10], [22, 9], [23, 8], [24, 8], [25, 7], [26, 6], [27, 5]]
[[2, 17], [3, 18], [4, 18], [5, 17], [6, 16], [7, 15], [8, 14], [9, 14], [10, 13], [11, 12], [12, 11], [13, 12], [14, 11], [15, 12], [16, 13], [17, 12], [18, 11], [19, 10], [20, 9], [21, 8], [22, 8], [23, 9], [24, 8], [25, 7], [26, 6], [27, 5]]
[[2, 17], [3, 17], [4, 18], [5, 17], [6, 16], [7, 16], [8, 15], [9, 14], [10, 13], [11, 12], [12, 11], [13, 11], [14, 10], [15, 10], [16, 11], [17, 12], [18, 13], [19, 12], [20, 11], [21, 10], [22, 9], [23, 8], [24, 7], [25, 6], [26, 6], [27, 5]]
[[2, 17], [3, 17], [4, 17], [5, 16], [6, 16], [7, 15], [8, 14], [9, 14], [10, 15], [11, 14], [12, 13], [13, 12], [14, 12], [15, 13], [16, 13], [17, 12], [18, 13], [19, 12], [20, 11], [21, 10], [22, 9], [23, 9], [24, 8], [25, 7], [26, 6], [27, 5]]
[[2, 17], [3, 17], [4, 17], [5, 17], [6, 16], [7, 15], [8, 14], [9, 14], [10, 13], [11, 12], [12, 11], [13, 11], [14, 10], [15, 10], [16, 11], [17, 12], [18, 11], [19, 12], [20, 11], [21, 11], [22, 10], [23, 9], [24, 8], [25, 7], [26, 6], [27, 5]]
[[2, 17], [3, 18], [4, 17], [5, 17], [6, 16], [7, 16], [8, 15], [9, 14], [10, 14], [11, 13], [12, 13], [13, 14], [14, 15], [15, 14], [16, 13], [17, 13], [18, 12], [19, 11], [20, 10], [21, 11], [22, 10], [23, 9], [24, 8], [25, 7], [26, 6], [27, 5]]
[[2, 17], [3, 18], [4, 18], [5, 17], [6, 16], [7, 16], [8, 15], [9, 15], [10, 14], [11, 15], [12, 15], [13, 14], [14, 14], [15, 14], [16, 14], [17, 13], [18, 13], [19, 12], [20, 11], [21, 10], [22, 10], [23, 9], [24, 8], [25, 7], [26, 6], [27, 5]]
[[2, 17], [3, 18], [4, 17], [5, 16], [6, 16], [7, 15], [8, 14], [9, 14], [10, 14], [11, 15], [12, 14], [13, 14], [14, 13], [15, 12], [16, 12], [17, 13], [18, 13], [19, 12], [20, 11], [21, 10], [21, 9], [22, 8], [23, 7], [24, 6], [25, 5], [26, 5], [27, 5]]
[[2, 17], [3, 18], [4, 17], [5, 16], [6, 16], [7, 15], [8, 14], [9, 14], [10, 14], [11, 13], [12, 12], [13, 11], [14, 12], [15, 13], [16, 12], [17, 11], [18, 10], [17, 9], [18, 10], [19, 9], [20, 9], [21, 10], [22, 9], [23, 9], [24, 8], [25, 7], [26, 7], [27, 6], [27, 5]]
[[2, 17], [3, 17], [4, 18], [5, 17], [6, 16], [7, 16], [8, 15], [9, 15], [10, 14], [11, 15], [12, 15], [13, 16], [14, 15], [15, 15], [16, 15], [17, 14], [18, 13], [19, 12], [19, 11], [20, 11], [21, 10], [22, 9], [23, 8], [24, 7], [24, 6], [25, 5], [24, 4], [25, 4], [26, 4], [27, 5]]
[[2, 17], [3, 18], [4, 18], [5, 17], [5, 16], [6, 15], [7, 14], [7, 15], [8, 14], [9, 15], [10, 14], [11, 14], [12, 14], [13, 14], [14, 14], [14, 15], [15, 14], [16, 13], [17, 13], [18, 12], [19, 12], [19, 11], [20, 11], [21, 10], [22, 9], [23, 8], [24, 7], [23, 6], [24, 5], [25, 5], [26, 5], [26, 6], [27, 5]]
[[2, 17], [1, 17], [2, 16], [3, 15], [4, 15], [5, 15], [6, 15], [7, 14], [8, 14], [9, 13], [10, 14], [10, 15], [11, 14], [12, 14], [13, 14], [13, 13], [14, 14], [15, 14], [16, 13], [16, 12], [17, 12], [16, 13], [17, 12], [18, 12], [19, 11], [19, 10], [20, 10], [21, 9], [21, 8], [22, 8], [22, 7], [23, 6], [24, 7], [25, 6], [26, 6], [27, 6], [27, 5]]
[[2, 17], [2, 18], [2, 19], [3, 18], [4, 18], [5, 17], [6, 16], [7, 16], [8, 16], [9, 17], [10, 16], [11, 15], [12, 15], [13, 16], [12, 16], [13, 16], [13, 17], [13, 16], [14, 15], [15, 14], [16, 15], [16, 14], [16, 13], [15, 13], [16, 13], [17, 12], [16, 11], [17, 11], [18, 11], [19, 10], [20, 9], [20, 8], [20, 7], [21, 7], [22, 6], [23, 6], [24, 7], [24, 6], [25, 5], [25, 6], [26, 6], [26, 7], [27, 7], [26, 6], [27, 5]]
