[[19, 7], [20, 8], [21, 9], [22, 10], [21, 11], [21, 12], [20, 13], [20, 14], [19, 15], [20, 16], [19, 17], [19, 18]]
[[19, 7], [19, 8], [19, 9], [18, 10], [19, 11], [20, 12], [19, 13], [18, 14], [19, 15], [20, 16], [20, 17], [19, 18]]
[[19, 7], [20, 8], [21, 9], [22, 10], [21, 11], [21, 12], [20, 13], [20, 14], [19, 15], [20, 16], [19, 17], [19, 18]]
[[19, 7], [19, 8], [19, 9], [20, 10], [20, 11], [21, 12], [20, 13], [20, 14], [20, 15], [19, 16], [20, 17], [19, 18]]
[[19, 7], [19, 8], [20, 9], [20, 10], [19, 11], [18, 12], [17, 13], [18, 14], [19, 15], [19, 16], [20, 17], [19, 18]]
[[19, 7], [20, 8], [21, 9], [21, 10], [20, 11], [19, 12], [20, 13], [20, 14], [19, 15], [19, 16], [19, 17], [19, 18]]
[[19, 7], [20, 8], [19, 9], [18, 10], [18, 11], [19, 12], [19, 13], [19, 14], [18, 15], [19, 16], [19, 17], [19, 18]]
[[19, 7], [20, 8], [21, 9], [20, 10], [19, 11], [20, 12], [20, 13], [20, 14], [19, 15], [19, 16], [20, 17], [19, 18]]
[[19, 7], [19, 8], [20, 9], [20, 10], [21, 10], [20, 11], [19, 12], [20, 13], [20, 14], [20, 15], [19, 15], [19, 16], [19, 17], [19, 18]]
[[19, 7], [20, 7], [21, 6], [20, 7], [20, 8], [21, 9], [21, 10], [20, 11], [20, 12], [19, 13], [19, 14], [20, 15], [19, 15], [19, 16], [20, 17], [20, 18], [19, 18]]
[[19, 7], [19, 8], [20, 7], [21, 8], [22, 8], [21, 9], [22, 10], [21, 10], [21, 11], [21, 12], [20, 13], [19, 14], [19, 13], [20, 14], [19, 14], [19, 15], [20, 16], [20, 17], [19, 18]]
[[19, 7], [20, 7], [20, 6], [21, 7], [22, 8], [23, 8], [23, 9], [22, 10], [21, 11], [20, 11], [19, 12], [20, 13], [19, 13], [18, 13], [18, 14], [19, 14], [20, 15], [19, 15], [19, 16], [19, 17], [19, 18]]
[[19, 7], [20, 7], [21, 7], [22, 8], [23, 8], [24, 8], [25, 8], [25, 9], [26, 8], [25, 7], [26, 7], [27, 8], [28, 8], [28, 7], [27, 6], [28, 6], [29, 5], [29, 4], [28, 4], [27, 3], [28, 3], [27, 2], [27, 1], [26, 2], [25, 2], [26, 3], [25, 4], [25, 5], [24, 5], [25, 6], [24, 7], [24, 6], [23, 6], [23, 5], [24, 4], [25, 3], [24, 2], [25, 1], [26, 1], [27, 0], [26, 0], [25, 0], [24, 1], [23, 2], [22, 3], [23, 3], [22, 2], [21, 3], [20, 3], [19, 2], [18, 1], [18, 0], [17, 0], [17, 1], [16, 0], [15, 0], [14, 1], [13, 0], [14, 0], [15, 1], [16, 2], [16, 3], [17, 3], [17, 2], [18, 3], [17, 4], [16, 5], [15, 4], [14, 3], [15, 3], [14, 4], [13, 5], [12, 6], [12, 7], [13, 6], [14, 5], [15, 6], [15, 7], [16, 8], [17, 9], [16, 10], [15, 11], [16, 11], [17, 12], [18, 11], [19, 12], [20, 11], [19, 11], [20, 12], [20, 13], [21, 12], [22, 13], [22, 14], [21, 14], [21, 13], [20, 14], [21, 15], [20, 15], [19, 16], [18, 17], [19, 17], [20, 18], [19, 19], [20, 19], [19, 18]]
