[[16, 9], [15, 8], [14, 8], [13, 8], [12, 7], [11, 8], [10, 7], [9, 6], [8, 5], [7, 5], [6, 4], [5, 3], [4, 4], [3, 4], [2, 3]]
[[16, 9], [15, 8], [14, 8], [13, 8], [12, 7], [11, 8], [10, 7], [9, 6], [8, 5], [7, 5], [6, 4], [5, 3], [4, 2], [3, 3], [2, 3]]
[[16, 9], [15, 8], [14, 8], [13, 8], [12, 7], [11, 8], [10, 7], [9, 7], [8, 6], [7, 5], [6, 4], [5, 4], [4, 3], [3, 3], [2, 3]]
[[16, 9], [15, 8], [14, 9], [13, 10], [12, 9], [11, 9], [10, 8], [9, 7], [8, 6], [7, 5], [6, 5], [5, 4], [4, 3], [3, 4], [2, 3]]
[[16, 9], [15, 9], [14, 9], [13, 8], [12, 9], [11, 9], [10, 8], [9, 7], [8, 6], [7, 5], [6, 5], [5, 4], [4, 3], [3, 4], [2, 3]]
[[16, 9], [15, 8], [14, 8], [13, 8], [12, 7], [11, 8], [10, 7], [9, 6], [8, 5], [7, 5], [6, 4], [5, 3], [4, 4], [3, 4], [2, 3]]
[[16, 9], [15, 10], [14, 10], [13, 10], [12, 9], [11, 8], [10, 7], [9, 7], [8, 6], [7, 5], [6, 4], [5, 3], [4, 4], [3, 4], [2, 3]]
[[16, 9], [15, 10], [14, 9], [13, 9], [12, 9], [11, 8], [10, 7], [9, 7], [8, 7], [7, 6], [6, 5], [5, 4], [4, 3], [3, 4], [2, 3]]
[[16, 9], [15, 8], [14, 9], [13, 9], [12, 9], [11, 8], [10, 8], [9, 7], [8, 6], [7, 6], [6, 5], [5, 4], [4, 3], [3, 4], [2, 3]]
[[16, 9], [15, 10], [14, 9], [13, 8], [12, 7], [11, 8], [10, 7], [9, 6], [8, 5], [7, 5], [6, 4], [5, 4], [4, 3], [3, 4], [2, 3]]
[[16, 9], [15, 8], [14, 8], [13, 7], [12, 7], [11, 8], [10, 8], [9, 7], [8, 7], [7, 6], [6, 5], [5, 4], [4, 3], [3, 2], [2, 3]]
[[16, 9], [15, 10], [14, 11], [13, 10], [12, 10], [11, 9], [10, 8], [9, 7], [8, 6], [7, 5], [6, 4], [5, 3], [4, 3], [3, 2], [2, 3]]
[[16, 9], [15, 10], [14, 11], [13, 10], [12, 10], [11, 9], [10, 8], [9, 7], [8, 6], [7, 6], [6, 5], [5, 4], [4, 4], [3, 4], [2, 3]]
[[16, 9], [15, 10], [14, 11], [13, 10], [12, 10], [11, 9], [10, 8], [9, 7], [8, 6], [7, 5], [6, 4], [5, 3], [4, 3], [3, 4], [2, 3]]
[[16, 9], [15, 9], [14, 8], [13, 9], [12, 9], [11, 8], [10, 7], [9, 6], [8, 5], [7, 5], [6, 4], [5, 3], [4, 4], [3, 3], [2, 3]]
[[16, 9], [15, 10], [15, 9], [14, 9], [13, 8], [12, 9], [11, 8], [10, 8], [9, 7], [8, 6], [7, 5], [6, 5], [6, 4], [5, 3], [4, 4], [3, 4], [2, 3]]
[[16, 9], [15, 9], [15, 10], [14, 11], [13, 10], [12, 9], [11, 9], [10, 8], [9, 7], [8, 6], [7, 5], [7, 4], [6, 4], [5, 3], [4, 4], [3, 4], [2, 3]]
[[16, 9], [15, 9], [14, 10], [13, 9], [13, 10], [12, 10], [11, 9], [10, 8], [9, 7], [10, 7], [9, 6], [9, 5], [8, 4], [7, 4], [6, 4], [5, 3], [4, 3], [3, 4], [2, 3]]
[[16, 9], [15, 10], [14, 9], [13, 8], [13, 7], [12, 7], [11, 8], [10, 8], [9, 7], [10, 7], [9, 8], [8, 7], [8, 6], [7, 5], [6, 5], [6, 4], [5, 4], [4, 4], [3, 4], [2, 3]]
[[16, 9], [15, 10], [14, 9], [14, 8], [13, 7], [12, 7], [11, 8], [10, 8], [10, 7], [9, 6], [10, 6], [9, 6], [9, 5], [8, 6], [7, 5], [6, 5], [5, 5], [5, 4], [4, 3], [3, 2], [2, 3]]
