[[18, 11], [17, 10], [16, 10], [15, 9], [14, 10], [13, 9], [12, 8], [11, 7], [10, 6]]
[[18, 11], [17, 10], [16, 10], [15, 9], [14, 9], [13, 9], [12, 8], [11, 7], [10, 6]]
[[18, 11], [17, 10], [16, 9], [15, 9], [14, 8], [13, 9], [12, 8], [11, 7], [10, 6]]
[[18, 11], [17, 10], [16, 9], [15, 9], [14, 8], [13, 7], [12, 7], [11, 7], [10, 6]]
[[18, 11], [17, 10], [16, 10], [15, 11], [14, 10], [13, 9], [12, 8], [11, 7], [10, 6]]
[[18, 11], [17, 10], [16, 10], [15, 9], [14, 8], [13, 8], [12, 7], [11, 7], [10, 6]]
[[18, 11], [17, 10], [16, 9], [15, 9], [14, 10], [13, 9], [12, 8], [11, 7], [10, 6]]
[[18, 11], [17, 10], [16, 9], [15, 9], [14, 9], [13, 8], [12, 7], [11, 7], [10, 6]]
[[18, 11], [17, 10], [16, 10], [15, 9], [14, 10], [13, 9], [12, 8], [11, 7], [10, 6]]
[[18, 11], [17, 10], [16, 9], [15, 8], [14, 7], [13, 8], [12, 8], [11, 7], [10, 6]]
[[18, 11], [17, 10], [16, 10], [15, 9], [14, 8], [13, 8], [12, 7], [11, 6], [10, 6]]
[[18, 11], [17, 10], [16, 9], [15, 9], [14, 8], [13, 7], [12, 6], [11, 5], [10, 6]]
[[18, 11], [17, 10], [16, 9], [15, 8], [14, 7], [13, 7], [12, 7], [11, 7], [10, 6]]
[[18, 11], [17, 10], [16, 9], [17, 10], [16, 10], [15, 9], [14, 9], [13, 9], [12, 8], [11, 7], [10, 6]]
[[18, 11], [17, 10], [16, 10], [16, 9], [16, 8], [16, 9], [15, 8], [15, 7], [15, 8], [14, 8], [13, 9], [12, 9], [11, 8], [12, 8], [11, 7], [10, 6]]
[[18, 11], [19, 11], [18, 11], [18, 10], [17, 9], [16, 9], [15, 9], [14, 9], [15, 10], [14, 9], [15, 9], [14, 9], [13, 8], [12, 8], [13, 7], [12, 6], [11, 5], [10, 6]]
[[18, 11], [18, 10], [17, 10], [16, 9], [15, 9], [14, 10], [15, 9], [15, 8], [14, 7], [13, 6], [13, 7], [13, 8], [12, 7], [11, 6], [12, 5], [11, 5], [11, 4], [10, 4], [11, 3], [10, 2], [11, 1], [12, 1], [12, 0], [11, 1], [12, 0], [13, 1], [12, 2], [13, 2], [13, 3], [12, 4], [11, 5], [11, 4], [12, 5], [13, 6], [13, 5], [12, 4], [11, 5], [10, 6]]
[[18, 11], [18, 10], [17, 10], [16, 11], [15, 10], [15, 11], [16, 11], [16, 12], [15, 12], [15, 13], [16, 13], [15, 14], [14, 14], [13, 14], [12, 14], [13, 13], [13, 14], [12, 13], [12, 12], [11, 13], [11, 14], [12, 15], [11, 16], [11, 17], [10, 16], [10, 15], [9, 15], [9, 16], [8, 17], [8, 16], [8, 15], [7, 15], [7, 16], [6, 17], [5, 16], [4, 16], [3, 16], [2, 17], [3, 17], [3, 16], [2, 15], [2, 14], [3, 14], [3, 13], [4, 12], [5, 11], [5, 10], [6, 10], [5, 10], [4, 11], [3, 12], [2, 13], [1, 14], [0, 15], [0, 16], [1, 15], [1, 16], [2, 17], [1, 17], [1, 18], [1, 19], [2, 18], [2, 17], [3, 17], [4, 17], [4, 18], [5, 18], [5, 17], [6, 16], [7, 17], [8, 18], [8, 17], [9, 18], [8, 18], [8, 19], [7, 18], [6, 17], [5, 16], [4, 16], [3, 16], [3, 17], [3, 16], [2, 15], [3, 14], [4, 13], [5, 12], [6, 13], [7, 14], [8, 14], [7, 13], [8, 13], [7, 12], [8, 11], [9, 11], [8, 11], [9, 10], [10, 11], [11, 10], [11, 9], [10, 8], [11, 8], [12, 8], [11, 7], [10, 6]]
[[18, 11], [19, 11], [19, 12], [19, 13], [18, 12], [19, 12], [20, 13], [19, 12], [20, 12], [21, 13], [20, 12], [20, 13], [21, 12], [20, 11], [20, 12], [21, 11], [22, 12], [23, 11], [23, 10], [24, 9], [24, 8], [25, 8], [26, 8], [26, 9], [25, 8], [26, 7], [27, 6], [28, 7], [29, 7], [29, 8], [28, 8], [28, 9], [27, 10], [26, 10], [25, 11], [24, 10], [24, 9], [25, 10], [25, 11], [26, 12], [27, 13], [27, 14], [26, 13], [25, 13], [24, 14], [23, 13], [24, 14], [23, 13], [23, 12], [22, 13], [21, 14], [20, 15], [20, 16], [19, 16], [19, 17], [18, 16], [18, 15], [17, 16], [16, 15], [17, 15], [16, 15], [15, 16], [14, 16], [15, 17], [14, 18], [13, 19], [12, 19], [11, 19], [10, 19], [10, 18], [9, 18], [9, 19], [8, 18], [8, 17], [9, 16], [8, 15], [9, 16], [8, 17], [9, 16], [9, 15], [10, 16], [11, 16], [12, 15], [12, 14], [12, 13], [13, 13], [12, 12], [12, 11], [13, 12], [12, 11], [11, 12], [12, 12], [11, 12], [10, 13], [10, 12], [9, 11], [8, 10], [7, 9], [6, 8], [7, 7], [8, 7], [8, 6], [9, 6], [10, 6]]
[[18, 11], [19, 11], [19, 12], [18, 13], [17, 14], [16, 15], [17, 15], [18, 16], [19, 16], [19, 17], [18, 18], [17, 17], [16, 16], [15, 17], [14, 16], [14, 15], [13, 15], [13, 14], [14, 13], [14, 12], [13, 12], [13, 11], [14, 11], [15, 11], [15, 12], [16, 12], [16, 13], [15, 13], [16, 14], [15, 14], [14, 14], [13, 13], [12, 12], [12, 13], [11, 12], [11, 13], [10, 13], [10, 14], [11, 14], [10, 15], [10, 16], [9, 15], [9, 16], [8, 16], [8, 17], [7, 16], [8, 15], [7, 15], [6, 14], [6, 15], [5, 16], [4, 15], [3, 16], [2, 17], [1, 17], [2, 16], [2, 15], [1, 14], [1, 13], [2, 13], [3, 12], [4, 11], [5, 10], [6, 10], [6, 11], [5, 11], [4, 12], [3, 13], [2, 14], [1, 15], [1, 16], [0, 15], [0, 16], [0, 17], [1, 18], [0, 18], [1, 19], [2, 18], [3, 19], [3, 18], [4, 18], [5, 18], [4, 19], [5, 19], [6, 18], [7, 17], [8, 18], [9, 19], [9, 18], [8, 19], [7, 19], [7, 18], [6, 17], [6, 16], [5, 17], [4, 17], [3, 17], [4, 16], [3, 15], [3, 14], [4, 13], [5, 12], [6, 12], [7, 13], [8, 14], [7, 14], [6, 13], [7, 12], [7, 11], [7, 10], [8, 10], [9, 10], [10, 10], [11, 10], [11, 9], [10, 9], [11, 8], [12, 7], [11, 7], [10, 6]]
