[[2, 18], [3, 17], [4, 16], [5, 16], [6, 16], [7, 15], [8, 14], [9, 13], [10, 12], [11, 11], [12, 10], [13, 9], [14, 8], [15, 8]]
[[2, 18], [3, 17], [4, 18], [5, 17], [6, 16], [7, 15], [8, 14], [9, 13], [10, 12], [11, 11], [12, 10], [13, 9], [14, 8], [15, 8]]
[[2, 18], [3, 17], [4, 16], [5, 15], [6, 14], [7, 13], [8, 13], [9, 12], [10, 11], [11, 11], [12, 10], [13, 9], [14, 8], [15, 8]]
[[2, 18], [3, 17], [4, 16], [5, 16], [6, 16], [7, 15], [8, 14], [9, 13], [10, 12], [11, 11], [12, 10], [13, 9], [14, 8], [15, 8]]
[[2, 18], [3, 17], [4, 16], [5, 15], [6, 14], [7, 14], [8, 13], [9, 12], [10, 11], [11, 11], [12, 10], [13, 9], [14, 8], [15, 8]]
[[2, 18], [3, 17], [4, 16], [5, 16], [6, 15], [7, 14], [8, 14], [9, 13], [10, 12], [11, 11], [12, 10], [13, 9], [14, 8], [15, 8]]
[[2, 18], [3, 17], [4, 16], [5, 15], [6, 16], [7, 15], [8, 14], [9, 13], [10, 12], [11, 11], [12, 10], [13, 9], [14, 8], [15, 8]]
[[2, 18], [3, 17], [4, 16], [5, 15], [6, 14], [7, 14], [8, 13], [9, 12], [10, 11], [11, 10], [12, 10], [13, 9], [14, 8], [15, 8]]
[[2, 18], [3, 17], [4, 16], [5, 15], [6, 14], [7, 14], [8, 13], [9, 12], [10, 11], [11, 11], [12, 10], [13, 9], [14, 8], [15, 8]]
[[2, 18], [3, 19], [4, 18], [5, 17], [6, 16], [7, 15], [8, 14], [9, 13], [10, 12], [11, 11], [12, 10], [13, 9], [14, 8], [15, 8]]
[[2, 18], [3, 17], [4, 16], [5, 15], [6, 15], [7, 14], [8, 13], [9, 12], [10, 11], [11, 11], [12, 10], [13, 9], [14, 8], [15, 8]]
[[2, 18], [3, 17], [4, 16], [5, 15], [6, 14], [7, 13], [8, 12], [9, 11], [10, 10], [11, 11], [12, 10], [13, 9], [14, 8], [15, 8]]
[[2, 18], [3, 18], [4, 18], [5, 17], [6, 16], [7, 15], [8, 14], [9, 13], [10, 12], [11, 11], [12, 10], [13, 9], [14, 8], [15, 8]]
[[2, 18], [3, 17], [4, 16], [5, 17], [6, 16], [7, 15], [8, 14], [9, 13], [10, 12], [11, 11], [12, 10], [13, 9], [14, 8], [15, 8]]
[[2, 18], [3, 18], [4, 18], [5, 17], [6, 16], [7, 15], [8, 14], [9, 13], [10, 12], [11, 12], [12, 11], [13, 10], [14, 10], [15, 9], [15, 8]]
[[2, 18], [3, 18], [4, 18], [5, 17], [6, 16], [7, 15], [8, 14], [9, 13], [10, 12], [11, 11], [12, 10], [13, 10], [14, 10], [15, 9], [15, 8]]
[[2, 18], [3, 17], [4, 16], [5, 16], [6, 15], [7, 14], [8, 13], [9, 12], [10, 11], [11, 11], [12, 11], [13, 11], [14, 10], [15, 9], [15, 8]]
[[2, 18], [3, 17], [4, 16], [5, 15], [6, 15], [7, 14], [8, 13], [9, 12], [10, 11], [11, 10], [12, 10], [13, 10], [14, 10], [15, 9], [15, 8]]
[[2, 18], [3, 17], [4, 16], [5, 15], [6, 14], [7, 13], [8, 12], [9, 11], [10, 11], [11, 11], [12, 10], [13, 10], [14, 10], [15, 9], [15, 8]]
[[2, 18], [3, 19], [4, 18], [5, 17], [6, 16], [7, 15], [8, 14], [9, 13], [10, 12], [11, 11], [12, 11], [13, 11], [14, 10], [15, 9], [15, 8]]
