[[24, 0], [24, 1], [25, 2], [26, 3], [25, 4], [25, 5], [26, 6], [27, 7], [27, 8], [28, 9], [29, 10], [28, 11]]
[[24, 0], [24, 1], [25, 2], [26, 3], [25, 4], [26, 5], [27, 6], [26, 7], [26, 8], [27, 9], [28, 10], [28, 11]]
[[24, 0], [23, 1], [23, 2], [23, 3], [24, 4], [25, 5], [26, 6], [27, 7], [28, 8], [27, 9], [27, 10], [28, 11]]
[[24, 0], [23, 1], [23, 2], [23, 3], [24, 4], [24, 5], [25, 6], [26, 7], [27, 8], [28, 9], [27, 10], [28, 11]]
[[24, 0], [24, 1], [25, 2], [25, 3], [26, 4], [25, 5], [26, 6], [27, 7], [28, 8], [28, 9], [27, 10], [28, 11]]
[[24, 0], [24, 1], [23, 2], [22, 3], [23, 4], [24, 5], [24, 6], [25, 7], [26, 8], [26, 9], [27, 10], [28, 11]]
[[24, 0], [24, 1], [25, 2], [26, 3], [26, 4], [26, 5], [26, 6], [27, 7], [28, 8], [27, 9], [28, 10], [28, 11]]
[[24, 0], [23, 1], [22, 2], [22, 3], [23, 4], [24, 5], [25, 6], [26, 7], [27, 8], [26, 9], [27, 10], [28, 11]]
[[24, 0], [24, 1], [25, 2], [25, 3], [25, 4], [26, 5], [27, 6], [27, 7], [28, 8], [28, 9], [27, 10], [28, 11]]
[[24, 0], [24, 1], [25, 2], [26, 3], [25, 4], [25, 5], [26, 6], [27, 7], [27, 8], [28, 9], [29, 10], [28, 11]]
[[24, 0], [23, 1], [23, 2], [24, 3], [25, 4], [25, 5], [25, 6], [25, 7], [26, 8], [26, 9], [27, 10], [28, 11]]
[[24, 0], [24, 1], [23, 2], [24, 3], [25, 4], [26, 5], [25, 5], [26, 6], [27, 7], [27, 8], [27, 9], [28, 10], [28, 11]]
[[24, 0], [23, 1], [23, 2], [22, 3], [23, 4], [23, 5], [24, 6], [25, 7], [25, 8], [26, 9], [27, 10], [28, 10], [28, 11]]
[[24, 0], [24, 1], [25, 2], [24, 3], [25, 4], [26, 5], [27, 6], [27, 7], [27, 8], [28, 9], [27, 9], [28, 10], [29, 10], [28, 11]]
[[24, 0], [24, 1], [25, 2], [26, 3], [25, 3], [26, 3], [27, 4], [28, 5], [28, 6], [27, 7], [28, 8], [29, 9], [29, 10], [28, 11]]
[[24, 0], [24, 1], [25, 2], [26, 3], [27, 3], [26, 4], [27, 5], [28, 5], [28, 6], [29, 7], [28, 7], [28, 8], [28, 9], [29, 10], [28, 11]]
[[24, 0], [24, 1], [23, 1], [23, 2], [24, 3], [23, 4], [22, 3], [22, 4], [23, 5], [24, 6], [25, 6], [26, 6], [27, 5], [28, 5], [29, 6], [28, 7], [29, 8], [29, 7], [28, 8], [27, 8], [28, 9], [28, 10], [27, 9], [27, 10], [28, 11]]
