[[16, 5], [15, 6], [14, 7], [15, 8], [14, 9], [14, 10], [14, 11], [13, 12], [12, 13]]
[[16, 5], [15, 6], [14, 7], [15, 8], [14, 9], [14, 10], [14, 11], [13, 12], [12, 13]]
[[16, 5], [15, 6], [16, 7], [15, 8], [14, 9], [13, 10], [12, 11], [13, 12], [12, 13]]
[[16, 5], [15, 6], [14, 7], [14, 8], [15, 9], [15, 10], [14, 11], [13, 12], [12, 13]]
[[16, 5], [15, 6], [14, 7], [15, 8], [14, 9], [14, 10], [14, 11], [13, 12], [12, 13]]
[[16, 5], [15, 6], [14, 7], [13, 8], [14, 9], [13, 10], [13, 11], [12, 12], [12, 13]]
[[16, 5], [15, 6], [14, 7], [14, 8], [14, 9], [13, 10], [12, 11], [11, 12], [12, 13]]
[[16, 5], [15, 6], [14, 7], [13, 8], [14, 9], [13, 10], [13, 11], [12, 12], [12, 13]]
[[16, 5], [17, 6], [16, 7], [15, 8], [14, 9], [14, 10], [14, 11], [13, 12], [12, 13]]
[[16, 5], [17, 6], [16, 7], [16, 8], [16, 9], [15, 10], [14, 11], [13, 12], [12, 13]]
[[16, 5], [15, 6], [14, 7], [15, 8], [14, 9], [14, 10], [13, 11], [13, 12], [12, 13]]
[[16, 5], [16, 6], [16, 7], [16, 8], [15, 9], [15, 10], [14, 11], [13, 12], [12, 13]]
[[16, 5], [16, 6], [17, 7], [17, 8], [16, 9], [15, 10], [14, 11], [13, 12], [12, 13]]
[[16, 5], [16, 6], [16, 7], [15, 8], [15, 9], [14, 10], [13, 11], [13, 12], [12, 13]]
[[16, 5], [15, 6], [14, 7], [13, 8], [14, 9], [14, 10], [14, 11], [13, 12], [12, 13]]
[[16, 5], [16, 6], [16, 7], [15, 8], [15, 9], [14, 9], [13, 10], [13, 11], [12, 12], [12, 13]]
[[16, 5], [16, 6], [16, 7], [15, 8], [14, 9], [15, 10], [15, 11], [14, 11], [13, 10], [12, 10], [12, 11], [12, 12], [12, 13]]
[[16, 5], [15, 6], [14, 7], [14, 8], [15, 9], [15, 10], [16, 10], [15, 10], [14, 11], [13, 12], [14, 13], [14, 14], [13, 14], [12, 13]]
[[16, 5], [17, 5], [17, 6], [16, 6], [15, 6], [15, 5], [14, 6], [14, 5], [15, 6], [14, 7], [13, 8], [14, 9], [15, 10], [14, 11], [13, 10], [12, 10], [11, 10], [12, 11], [11, 11], [10, 10], [9, 11], [8, 11], [7, 11], [7, 12], [6, 13], [7, 13], [6, 14], [5, 14], [6, 14], [7, 13], [8, 14], [8, 15], [9, 15], [10, 15], [11, 14], [11, 15], [12, 14], [13, 15], [12, 14], [12, 13]]
[[16, 5], [16, 6], [16, 7], [17, 7], [16, 6], [15, 5], [14, 6], [14, 7], [13, 8], [14, 9], [15, 8], [14, 8], [13, 7], [13, 6], [12, 6], [11, 5], [12, 4], [13, 5], [14, 4], [14, 3], [14, 2], [13, 1], [14, 1], [13, 2], [12, 2], [11, 3], [10, 4], [10, 5], [11, 6], [10, 6], [9, 6], [8, 7], [9, 8], [10, 9], [9, 9], [10, 10], [11, 10], [12, 11], [12, 12], [12, 13]]
