[[0, 11], [1, 12], [2, 13], [3, 14], [4, 14], [5, 13], [6, 12], [7, 11], [8, 12], [9, 11], [10, 10], [11, 11], [12, 11], [13, 12], [14, 11], [15, 11], [16, 12], [17, 13], [18, 14], [19, 15], [20, 16], [21, 16], [22, 17], [23, 17]]
[[0, 11], [1, 11], [2, 12], [3, 13], [4, 12], [5, 13], [6, 12], [7, 13], [8, 14], [9, 15], [10, 16], [11, 16], [12, 15], [13, 15], [14, 14], [15, 13], [16, 12], [17, 13], [18, 14], [19, 15], [20, 15], [21, 16], [22, 16], [23, 17]]
[[0, 11], [1, 12], [2, 12], [3, 11], [4, 11], [5, 12], [6, 12], [7, 13], [8, 14], [9, 14], [10, 13], [11, 14], [12, 15], [13, 16], [14, 15], [15, 14], [16, 13], [17, 13], [18, 14], [19, 14], [20, 15], [21, 15], [22, 16], [23, 17]]
[[0, 11], [1, 12], [2, 13], [3, 14], [4, 14], [5, 13], [6, 12], [7, 11], [8, 12], [9, 11], [10, 10], [11, 11], [12, 11], [13, 12], [14, 11], [15, 11], [16, 12], [17, 13], [18, 14], [19, 15], [20, 16], [21, 16], [22, 17], [23, 17]]
[[0, 11], [1, 11], [2, 12], [3, 13], [4, 12], [5, 12], [6, 11], [7, 12], [8, 12], [9, 12], [10, 12], [11, 13], [12, 12], [13, 12], [14, 12], [15, 11], [16, 12], [17, 13], [18, 14], [19, 14], [20, 14], [21, 15], [22, 16], [23, 17]]
[[0, 11], [1, 10], [2, 11], [3, 11], [4, 10], [5, 11], [6, 12], [7, 13], [8, 12], [9, 12], [10, 13], [11, 13], [12, 14], [13, 15], [14, 16], [15, 16], [16, 15], [17, 15], [18, 14], [19, 14], [20, 15], [21, 16], [22, 16], [23, 17]]
[[0, 11], [1, 11], [2, 12], [3, 13], [4, 12], [5, 12], [6, 12], [7, 12], [8, 13], [9, 14], [10, 15], [11, 15], [12, 15], [13, 15], [14, 15], [15, 15], [16, 14], [17, 15], [18, 16], [19, 16], [20, 16], [21, 16], [22, 16], [23, 17]]
[[0, 11], [1, 11], [2, 12], [3, 13], [4, 13], [5, 12], [6, 13], [7, 14], [8, 13], [9, 14], [10, 15], [11, 14], [12, 14], [13, 15], [14, 15], [15, 14], [16, 14], [17, 13], [18, 12], [19, 13], [20, 14], [21, 15], [22, 16], [23, 17]]
[[0, 11], [1, 12], [2, 13], [3, 14], [4, 14], [5, 15], [6, 14], [7, 15], [8, 14], [9, 15], [10, 16], [11, 15], [12, 14], [13, 13], [14, 12], [15, 11], [16, 12], [17, 13], [18, 12], [19, 13], [20, 14], [21, 15], [22, 16], [23, 17]]
[[0, 11], [1, 11], [2, 12], [3, 13], [4, 13], [5, 13], [6, 12], [7, 13], [8, 14], [9, 15], [10, 16], [11, 15], [12, 14], [13, 13], [14, 14], [15, 13], [16, 12], [17, 13], [18, 14], [19, 15], [20, 15], [21, 16], [22, 16], [23, 17]]
[[0, 11], [1, 12], [2, 12], [3, 13], [4, 12], [5, 12], [6, 11], [7, 10], [8, 10], [9, 11], [10, 12], [11, 12], [12, 12], [13, 13], [14, 14], [15, 15], [16, 14], [17, 15], [18, 16], [19, 16], [20, 17], [21, 16], [22, 17], [23, 17]]
[[0, 11], [1, 12], [2, 12], [3, 13], [4, 14], [5, 14], [6, 14], [7, 13], [8, 14], [9, 14], [10, 15], [11, 14], [12, 13], [13, 13], [14, 12], [15, 13], [16, 13], [17, 13], [18, 12], [19, 13], [20, 14], [21, 15], [22, 16], [23, 17]]
[[0, 11], [1, 11], [2, 12], [3, 13], [4, 13], [5, 13], [6, 12], [7, 12], [8, 13], [9, 14], [10, 15], [11, 14], [12, 13], [13, 13], [14, 12], [15, 13], [16, 13], [17, 13], [18, 12], [19, 13], [20, 14], [21, 15], [22, 16], [23, 17]]
[[0, 11], [1, 11], [2, 12], [3, 13], [4, 14], [5, 14], [6, 13], [7, 13], [8, 14], [9, 14], [10, 13], [11, 14], [12, 14], [13, 15], [14, 14], [15, 15], [16, 14], [17, 13], [18, 14], [19, 14], [20, 15], [21, 16], [22, 16], [23, 17]]
[[0, 11], [1, 12], [2, 13], [3, 13], [4, 14], [5, 14], [6, 13], [7, 12], [8, 13], [9, 14], [10, 15], [11, 14], [12, 15], [13, 15], [14, 15], [15, 14], [16, 13], [17, 12], [18, 12], [19, 13], [20, 14], [21, 15], [22, 16], [23, 17]]
[[0, 11], [1, 11], [2, 11], [3, 11], [4, 12], [5, 12], [6, 13], [7, 13], [8, 14], [9, 15], [10, 15], [11, 14], [12, 14], [13, 15], [14, 14], [15, 13], [16, 14], [17, 15], [18, 16], [19, 16], [20, 16], [21, 15], [22, 16], [23, 17]]
[[0, 11], [1, 10], [2, 11], [3, 11], [4, 11], [5, 12], [6, 13], [7, 12], [8, 12], [9, 12], [10, 13], [11, 13], [12, 13], [13, 13], [14, 12], [15, 13], [16, 14], [17, 14], [18, 14], [19, 14], [20, 15], [21, 15], [22, 16], [23, 16], [23, 17]]
[[0, 11], [1, 10], [2, 11], [2, 12], [3, 13], [4, 13], [4, 12], [5, 12], [6, 11], [7, 12], [8, 12], [9, 11], [10, 12], [11, 12], [12, 13], [12, 12], [13, 13], [14, 14], [15, 13], [16, 14], [17, 15], [18, 14], [19, 15], [20, 15], [21, 15], [22, 16], [23, 16], [23, 17]]
[[0, 11], [1, 12], [1, 13], [2, 13], [3, 14], [4, 14], [5, 13], [5, 14], [6, 13], [7, 13], [8, 13], [9, 14], [10, 13], [11, 13], [11, 12], [12, 11], [13, 10], [14, 10], [15, 11], [16, 10], [17, 11], [18, 12], [19, 13], [20, 14], [21, 15], [21, 16], [22, 16], [23, 17]]
[[0, 11], [1, 12], [2, 12], [3, 13], [4, 14], [5, 14], [6, 13], [7, 12], [8, 12], [8, 13], [8, 12], [9, 12], [9, 11], [10, 10], [11, 11], [11, 10], [12, 9], [13, 10], [14, 10], [15, 11], [16, 11], [17, 12], [18, 12], [19, 13], [20, 14], [21, 15], [22, 16], [23, 17]]
