[[19, 15], [18, 15], [17, 14], [16, 14], [15, 15], [14, 15], [13, 14], [12, 14], [11, 13], [10, 13], [9, 13], [8, 13], [7, 12], [6, 11]]
[[19, 15], [18, 15], [17, 14], [16, 14], [15, 15], [14, 16], [13, 16], [12, 15], [11, 15], [10, 14], [9, 14], [8, 13], [7, 12], [6, 11]]
[[19, 15], [18, 15], [17, 14], [16, 15], [15, 16], [14, 15], [13, 14], [12, 13], [11, 12], [10, 12], [9, 12], [8, 11], [7, 11], [6, 11]]
[[19, 15], [18, 15], [17, 14], [16, 15], [15, 16], [14, 16], [13, 16], [12, 16], [11, 16], [10, 15], [9, 14], [8, 13], [7, 12], [6, 11]]
[[19, 15], [18, 15], [17, 14], [16, 14], [15, 15], [14, 15], [13, 14], [12, 14], [11, 13], [10, 13], [9, 13], [8, 13], [7, 12], [6, 11]]
[[19, 15], [18, 15], [17, 14], [16, 14], [15, 15], [14, 16], [13, 17], [12, 16], [11, 15], [10, 14], [9, 14], [8, 13], [7, 12], [6, 11]]
[[19, 15], [18, 15], [17, 14], [16, 15], [15, 15], [14, 15], [13, 14], [12, 15], [11, 15], [10, 14], [9, 13], [8, 12], [7, 11], [6, 11]]
[[19, 15], [18, 15], [17, 14], [16, 14], [15, 15], [14, 15], [13, 16], [12, 15], [11, 15], [10, 14], [9, 13], [8, 12], [7, 11], [6, 11]]
[[19, 15], [18, 15], [17, 14], [16, 13], [15, 13], [14, 14], [13, 13], [12, 14], [11, 13], [10, 13], [9, 14], [8, 13], [7, 12], [6, 11]]
[[19, 15], [18, 15], [17, 14], [16, 13], [15, 13], [14, 14], [13, 13], [12, 14], [11, 13], [10, 13], [9, 12], [8, 11], [7, 12], [6, 11]]
[[19, 15], [18, 15], [17, 14], [16, 14], [15, 15], [14, 16], [13, 17], [12, 16], [11, 15], [10, 14], [9, 14], [8, 13], [7, 12], [6, 11]]
[[19, 15], [18, 15], [17, 14], [16, 14], [15, 15], [14, 16], [13, 17], [12, 16], [11, 15], [10, 14], [9, 13], [8, 13], [7, 12], [6, 11]]
[[19, 15], [18, 15], [17, 14], [16, 13], [16, 14], [15, 15], [14, 16], [14, 15], [13, 14], [12, 13], [11, 13], [10, 12], [9, 13], [8, 12], [7, 12], [6, 11]]
[[19, 15], [18, 15], [17, 14], [17, 13], [16, 14], [15, 15], [14, 14], [14, 13], [13, 14], [12, 15], [11, 15], [10, 15], [9, 15], [8, 14], [7, 13], [7, 12], [6, 11]]
[[19, 15], [18, 15], [17, 14], [17, 13], [16, 13], [15, 13], [16, 12], [15, 12], [14, 13], [14, 14], [14, 15], [13, 16], [12, 16], [11, 15], [10, 14], [9, 13], [8, 12], [7, 11], [6, 11]]
[[19, 15], [19, 14], [19, 13], [18, 13], [18, 12], [17, 12], [17, 13], [16, 14], [15, 15], [14, 16], [13, 17], [12, 16], [11, 15], [10, 16], [9, 15], [8, 14], [7, 13], [7, 12], [6, 12], [6, 11]]
[[19, 15], [20, 14], [19, 13], [18, 12], [17, 12], [17, 13], [17, 14], [16, 15], [15, 15], [14, 16], [13, 17], [14, 18], [13, 17], [12, 16], [11, 17], [10, 16], [10, 15], [9, 15], [9, 14], [8, 13], [7, 12], [6, 11]]
[[19, 15], [19, 14], [18, 13], [18, 12], [17, 13], [17, 12], [16, 12], [15, 11], [14, 11], [15, 11], [14, 12], [13, 11], [12, 12], [12, 11], [11, 12], [10, 11], [9, 11], [8, 10], [7, 9], [8, 10], [8, 11], [7, 12], [6, 11]]
[[19, 15], [19, 16], [20, 16], [20, 17], [19, 17], [20, 17], [21, 18], [21, 17], [21, 18], [20, 18], [19, 18], [18, 19], [19, 19], [19, 18], [18, 18], [17, 17], [16, 17], [15, 18], [16, 19], [15, 18], [14, 19], [15, 18], [14, 18], [14, 19], [14, 18], [13, 18], [12, 19], [11, 18], [10, 18], [11, 17], [11, 16], [12, 15], [12, 16], [11, 15], [11, 16], [10, 16], [10, 17], [9, 16], [8, 16], [9, 15], [9, 14], [10, 13], [9, 12], [9, 13], [8, 12], [7, 11], [8, 10], [8, 11], [7, 12], [6, 11]]
[[19, 15], [20, 15], [20, 16], [19, 17], [18, 17], [17, 18], [18, 17], [17, 18], [16, 19], [16, 18], [17, 17], [16, 17], [16, 16], [16, 15], [15, 15], [14, 14], [13, 13], [12, 12], [13, 11], [12, 11], [13, 10], [12, 9], [12, 8], [11, 9], [10, 10], [11, 11], [11, 10], [10, 11], [9, 10], [8, 9], [9, 8], [10, 7], [11, 7], [12, 7], [13, 6], [13, 5], [14, 6], [15, 7], [15, 8], [14, 8], [13, 9], [14, 10], [15, 9], [15, 10], [15, 11], [14, 12], [14, 11], [13, 12], [12, 13], [12, 14], [11, 13], [10, 13], [10, 12], [9, 12], [9, 13], [8, 12], [9, 11], [8, 11], [7, 12], [6, 11]]
