[[20, 7], [19, 7], [18, 7], [17, 8], [16, 8], [15, 8], [14, 9], [13, 10], [12, 11], [11, 12], [10, 13], [9, 14], [8, 15], [7, 15]]
[[20, 7], [19, 8], [18, 7], [17, 8], [16, 7], [15, 8], [14, 9], [13, 10], [12, 11], [11, 12], [10, 12], [9, 13], [8, 14], [7, 15]]
[[20, 7], [19, 7], [18, 7], [17, 8], [16, 8], [15, 8], [14, 9], [13, 10], [12, 11], [11, 12], [10, 13], [9, 14], [8, 15], [7, 15]]
[[20, 7], [19, 8], [18, 7], [17, 8], [16, 8], [15, 9], [14, 10], [13, 10], [12, 11], [11, 12], [10, 12], [9, 13], [8, 14], [7, 15]]
[[20, 7], [19, 6], [18, 7], [17, 6], [16, 7], [15, 8], [14, 9], [13, 10], [12, 11], [11, 12], [10, 13], [9, 14], [8, 15], [7, 15]]
[[20, 7], [19, 7], [18, 8], [17, 8], [16, 8], [15, 9], [14, 9], [13, 10], [12, 11], [11, 12], [10, 12], [9, 13], [8, 14], [7, 15]]
[[20, 7], [19, 6], [18, 7], [17, 8], [16, 8], [15, 8], [14, 9], [13, 10], [12, 11], [11, 12], [10, 13], [9, 13], [8, 14], [7, 15]]
[[20, 7], [19, 7], [18, 8], [17, 7], [16, 8], [15, 8], [14, 9], [13, 10], [12, 11], [11, 12], [10, 12], [9, 13], [8, 14], [7, 15]]
[[20, 7], [19, 8], [18, 8], [17, 9], [16, 8], [15, 9], [14, 10], [13, 11], [12, 12], [11, 13], [10, 14], [9, 14], [8, 14], [7, 15]]
[[20, 7], [19, 8], [18, 7], [17, 7], [16, 7], [15, 8], [14, 9], [13, 10], [12, 11], [11, 12], [10, 13], [9, 14], [8, 15], [7, 15]]
[[20, 7], [19, 6], [18, 7], [17, 8], [16, 8], [15, 9], [14, 9], [13, 8], [12, 9], [11, 10], [10, 11], [9, 12], [8, 13], [7, 14], [7, 15]]
[[20, 7], [19, 6], [18, 7], [17, 8], [16, 8], [15, 9], [14, 8], [13, 8], [12, 9], [11, 10], [10, 11], [10, 12], [9, 13], [8, 14], [7, 15]]
[[20, 7], [19, 8], [18, 8], [17, 9], [16, 8], [15, 9], [14, 10], [13, 9], [12, 9], [11, 10], [10, 11], [10, 12], [9, 13], [8, 14], [7, 15]]
[[20, 7], [19, 6], [18, 6], [17, 7], [16, 7], [15, 8], [14, 7], [13, 8], [12, 9], [11, 10], [10, 11], [9, 12], [8, 13], [7, 14], [7, 15]]
[[20, 7], [19, 7], [18, 7], [17, 6], [16, 7], [15, 6], [14, 7], [13, 8], [12, 9], [11, 10], [10, 11], [10, 12], [9, 13], [8, 14], [7, 15]]
[[20, 7], [19, 6], [18, 6], [17, 7], [16, 7], [15, 7], [14, 8], [13, 8], [12, 9], [11, 10], [10, 11], [10, 12], [9, 13], [8, 14], [7, 15]]
[[20, 7], [19, 8], [18, 8], [17, 8], [16, 7], [15, 8], [14, 9], [13, 9], [12, 9], [11, 10], [10, 11], [9, 12], [8, 12], [7, 13], [7, 14], [8, 15], [7, 15]]
[[20, 7], [19, 8], [18, 8], [18, 7], [18, 8], [17, 7], [16, 6], [15, 6], [14, 7], [13, 7], [12, 8], [11, 9], [10, 10], [9, 11], [9, 12], [8, 13], [8, 14], [7, 15]]
[[20, 7], [21, 6], [22, 5], [21, 5], [20, 5], [19, 5], [18, 4], [17, 5], [16, 5], [15, 6], [15, 7], [14, 7], [14, 6], [13, 7], [12, 8], [11, 9], [10, 10], [10, 11], [10, 12], [9, 13], [8, 14], [7, 15]]
[[20, 7], [20, 6], [20, 5], [19, 4], [18, 4], [17, 5], [16, 6], [15, 6], [15, 7], [14, 8], [13, 9], [13, 8], [13, 7], [12, 8], [11, 9], [10, 10], [9, 11], [8, 12], [8, 13], [7, 14], [7, 13], [6, 14], [7, 15]]
