[[22, 1], [23, 1], [24, 2]]
[[22, 1], [23, 2], [24, 2]]
[[22, 1], [23, 1], [24, 2]]
[[22, 1], [23, 1], [24, 2]]
[[22, 1], [23, 1], [24, 2]]
[[22, 1], [23, 2], [24, 2]]
[[22, 1], [23, 2], [24, 2]]
[[22, 1], [23, 1], [24, 2]]
[[22, 1], [23, 2], [24, 2]]
[[22, 1], [23, 1], [24, 2]]
[[22, 1], [23, 2], [24, 2]]
[[22, 1], [23, 2], [24, 2]]
[[22, 1], [23, 2], [23, 3], [24, 2]]
[[22, 1], [23, 0], [24, 1], [23, 2], [24, 2]]
[[22, 1], [23, 1], [23, 2], [22, 3], [21, 4], [20, 3], [19, 3], [20, 4], [19, 5], [18, 4], [17, 4], [18, 3], [19, 4], [18, 4], [19, 4], [20, 3], [19, 4], [20, 4], [21, 5], [21, 6], [22, 6], [21, 5], [22, 5], [23, 6], [24, 5], [23, 6], [22, 7], [22, 8], [21, 7], [20, 8], [21, 8], [20, 9], [19, 9], [19, 10], [19, 9], [20, 8], [19, 9], [18, 8], [17, 9], [18, 10], [18, 11], [17, 10], [18, 10], [19, 10], [20, 11], [21, 12], [20, 11], [21, 12], [20, 11], [20, 10], [21, 9], [21, 8], [22, 9], [23, 10], [22, 11], [23, 11], [24, 12], [25, 13], [26, 12], [27, 12], [28, 13], [29, 12], [29, 13], [28, 14], [27, 13], [28, 13], [29, 12], [28, 12], [28, 11], [29, 10], [29, 11], [29, 10], [28, 9], [28, 8], [29, 8], [29, 7], [29, 6], [28, 5], [27, 5], [26, 4], [27, 4], [28, 3], [27, 2], [28, 3], [28, 2], [27, 2], [26, 2], [25, 3], [24, 3], [24, 2]]
[[22, 1], [21, 1], [21, 2], [20, 1], [19, 2], [19, 3], [18, 4], [19, 4], [18, 3], [18, 4], [17, 3], [17, 2], [17, 3], [16, 2], [15, 2], [16, 1], [17, 2], [18, 2], [17, 1], [17, 0], [18, 0], [19, 0], [20, 1], [21, 2], [20, 3], [20, 4], [19, 5], [19, 6], [19, 7], [19, 8], [19, 9], [20, 8], [20, 7], [20, 8], [20, 9], [19, 9], [19, 10], [18, 9], [18, 8], [17, 8], [16, 8], [15, 7], [14, 6], [15, 7], [14, 8], [13, 7], [12, 6], [11, 5], [11, 6], [12, 5], [13, 6], [12, 7], [11, 7], [10, 7], [11, 6], [10, 6], [11, 7], [11, 6], [10, 6], [9, 5], [10, 4], [11, 3], [10, 4], [9, 5], [9, 6], [9, 7], [9, 8], [8, 9], [8, 10], [7, 11], [6, 11], [6, 10], [5, 9], [6, 10], [5, 10], [6, 11], [5, 10], [6, 10], [6, 11], [5, 12], [5, 13], [4, 13], [3, 13], [2, 13], [1, 13], [2, 12], [1, 13], [1, 14], [2, 14], [1, 15], [2, 16], [3, 17], [4, 18], [5, 17], [6, 17], [7, 18], [6, 19], [5, 18], [4, 18], [3, 17], [2, 16], [2, 17], [3, 16], [2, 15], [3, 16], [4, 16], [5, 17], [6, 18], [7, 17], [8, 17], [7, 18], [8, 18], [9, 18], [10, 19], [9, 18], [9, 17], [8, 16], [7, 17], [6, 16], [7, 15], [7, 14], [7, 15], [7, 14], [7, 13], [7, 12], [7, 11], [8, 12], [8, 11], [7, 11], [8, 10], [9, 9], [10, 10], [11, 10], [11, 11], [10, 12], [10, 11], [9, 12], [8, 13], [9, 13], [9, 14], [10, 14], [11, 14], [12, 13], [12, 12], [13, 11], [14, 12], [14, 13], [13, 14], [13, 13], [14, 12], [15, 12], [15, 13], [14, 12], [13, 13], [14, 14], [15, 13], [15, 14], [16, 15], [16, 16], [15, 16], [14, 17], [13, 16], [13, 17], [12, 16], [12, 17], [11, 17], [11, 18], [11, 19], [12, 19], [13, 18], [13, 19], [14, 19], [15, 19], [16, 18], [16, 17], [15, 16], [16, 15], [17, 16], [17, 17], [18, 17], [17, 16], [18, 15], [19, 14], [18, 15], [17, 14], [16, 14], [16, 13], [17, 12], [18, 11], [19, 12], [19, 13], [18, 13], [19, 14], [18, 15], [19, 15], [20, 14], [21, 15], [22, 16], [23, 16], [22, 16], [23, 15], [23, 14], [23, 13], [22, 13], [22, 12], [23, 11], [22, 10], [23, 11], [22, 10], [22, 9], [23, 8], [24, 7], [24, 8], [25, 8], [26, 9], [27, 9], [28, 8], [29, 7], [29, 6], [28, 5], [28, 4], [27, 5], [26, 4], [27, 4], [27, 5], [26, 6], [26, 7], [27, 7], [27, 6], [26, 7], [25, 6], [24, 5], [25, 4], [24, 3], [25, 2], [26, 2], [27, 1], [28, 0], [29, 0], [29, 1], [28, 2], [27, 3], [26, 2], [25, 2], [24, 2]]
