[[12, 10], [13, 9], [14, 8], [15, 7], [16, 8], [17, 9], [18, 8], [19, 7], [20, 6], [21, 7], [22, 6], [23, 7], [24, 6], [25, 7], [26, 6], [27, 6]]
[[12, 10], [13, 9], [14, 8], [15, 7], [16, 8], [17, 7], [18, 8], [19, 8], [20, 9], [21, 8], [22, 8], [23, 7], [24, 6], [25, 6], [26, 6], [27, 6]]
[[12, 10], [13, 9], [14, 8], [15, 7], [16, 6], [17, 7], [18, 8], [19, 7], [20, 7], [21, 6], [22, 5], [23, 4], [24, 5], [25, 6], [26, 5], [27, 6]]
[[12, 10], [13, 11], [14, 11], [15, 10], [16, 9], [17, 10], [18, 9], [19, 8], [20, 9], [21, 9], [22, 8], [23, 7], [24, 7], [25, 6], [26, 5], [27, 6]]
[[12, 10], [13, 11], [14, 11], [15, 10], [16, 9], [17, 10], [18, 9], [19, 8], [20, 9], [21, 8], [22, 8], [23, 8], [24, 7], [25, 7], [26, 7], [27, 6]]
[[12, 10], [13, 9], [14, 8], [15, 7], [16, 6], [17, 7], [18, 8], [19, 7], [20, 7], [21, 6], [22, 6], [23, 7], [24, 6], [25, 5], [26, 5], [27, 6]]
[[12, 10], [13, 9], [14, 8], [15, 7], [16, 6], [17, 7], [18, 8], [19, 7], [20, 6], [21, 6], [22, 7], [23, 7], [24, 8], [25, 8], [26, 7], [27, 6]]
[[12, 10], [13, 9], [14, 8], [15, 7], [16, 8], [17, 9], [18, 9], [19, 8], [20, 9], [21, 8], [22, 7], [23, 7], [24, 6], [25, 6], [26, 5], [27, 6]]
[[12, 10], [13, 9], [14, 8], [15, 7], [16, 8], [17, 9], [18, 8], [19, 7], [20, 6], [21, 7], [22, 6], [23, 7], [24, 6], [25, 7], [26, 6], [27, 6]]
[[12, 10], [13, 11], [14, 12], [15, 11], [16, 10], [17, 9], [18, 8], [19, 7], [20, 6], [21, 5], [22, 6], [23, 7], [24, 7], [25, 7], [26, 7], [27, 6]]
[[12, 10], [13, 11], [14, 10], [15, 10], [16, 10], [17, 9], [18, 8], [19, 7], [20, 7], [21, 8], [22, 7], [23, 6], [24, 6], [25, 6], [26, 6], [27, 6]]
[[12, 10], [13, 9], [14, 8], [15, 7], [16, 6], [17, 7], [18, 8], [19, 7], [20, 7], [21, 6], [22, 5], [23, 4], [24, 5], [25, 6], [26, 5], [27, 6]]
[[12, 10], [12, 9], [13, 8], [14, 7], [15, 7], [16, 8], [17, 9], [18, 8], [19, 8], [20, 7], [21, 8], [22, 7], [23, 7], [24, 6], [25, 6], [26, 6], [27, 6]]
[[12, 10], [13, 9], [13, 8], [14, 7], [15, 7], [16, 8], [17, 7], [18, 8], [19, 7], [20, 7], [21, 7], [22, 8], [23, 7], [24, 8], [25, 8], [26, 7], [27, 6]]
[[12, 10], [13, 11], [14, 10], [15, 10], [16, 10], [17, 9], [16, 8], [15, 7], [15, 6], [16, 5], [17, 4], [17, 3], [18, 3], [19, 3], [20, 3], [20, 4], [21, 3], [22, 4], [23, 5], [24, 6], [25, 5], [26, 6], [27, 6]]
[[12, 10], [11, 9], [12, 8], [13, 8], [12, 8], [12, 7], [12, 6], [11, 5], [12, 6], [13, 6], [13, 7], [14, 7], [15, 6], [16, 5], [16, 4], [16, 3], [15, 4], [15, 3], [15, 2], [16, 1], [17, 1], [18, 0], [19, 1], [18, 2], [19, 1], [20, 1], [21, 1], [22, 0], [23, 1], [24, 0], [24, 1], [23, 0], [22, 1], [23, 1], [24, 2], [23, 3], [24, 4], [25, 5], [26, 6], [27, 7], [28, 6], [28, 5], [28, 6], [28, 5], [29, 5], [29, 6], [28, 6], [29, 6], [28, 5], [27, 6]]
[[12, 10], [11, 11], [10, 12], [11, 12], [12, 11], [12, 12], [13, 12], [14, 13], [15, 12], [15, 11], [14, 12], [13, 11], [14, 11], [15, 10], [16, 10], [17, 9], [17, 10], [16, 11], [17, 12], [18, 13], [19, 14], [18, 14], [19, 13], [18, 12], [17, 11], [18, 10], [19, 11], [20, 12], [20, 13], [21, 14], [21, 13], [20, 14], [20, 15], [19, 14], [19, 15], [18, 15], [17, 16], [16, 15], [15, 16], [15, 17], [16, 17], [17, 18], [18, 17], [18, 18], [18, 19], [19, 18], [20, 17], [19, 17], [18, 16], [19, 16], [20, 16], [21, 17], [21, 16], [22, 17], [22, 16], [22, 15], [23, 14], [24, 14], [25, 14], [26, 14], [26, 15], [27, 16], [28, 15], [29, 15], [28, 16], [29, 17], [28, 17], [27, 17], [28, 18], [27, 19], [26, 18], [26, 19], [25, 19], [24, 18], [25, 18], [25, 17], [24, 17], [23, 16], [24, 16], [25, 16], [26, 16], [27, 15], [28, 14], [27, 13], [27, 14], [26, 13], [27, 12], [27, 11], [28, 11], [27, 10], [27, 9], [28, 8], [27, 8], [27, 7], [26, 7], [27, 6]]
[[12, 10], [11, 11], [12, 10], [12, 11], [13, 12], [14, 13], [13, 14], [12, 15], [11, 15], [10, 16], [9, 15], [9, 16], [9, 17], [10, 17], [11, 16], [10, 16], [11, 17], [12, 17], [12, 18], [13, 17], [13, 18], [14, 19], [15, 19], [16, 19], [17, 18], [18, 17], [18, 16], [19, 17], [20, 17], [19, 18], [20, 17], [21, 16], [21, 15], [21, 14], [22, 13], [21, 14], [22, 13], [23, 14], [22, 15], [23, 15], [24, 14], [24, 13], [23, 12], [24, 11], [24, 10], [23, 10], [23, 9], [24, 10], [25, 11], [26, 11], [27, 12], [26, 11], [25, 12], [26, 13], [27, 14], [26, 15], [27, 16], [27, 15], [28, 15], [28, 14], [27, 14], [28, 14], [28, 13], [28, 12], [27, 12], [28, 11], [28, 10], [28, 9], [28, 8], [27, 9], [28, 9], [27, 8], [26, 7], [25, 7], [24, 8], [25, 9], [25, 8], [24, 9], [23, 9], [23, 8], [22, 8], [23, 7], [24, 6], [24, 5], [24, 6], [24, 5], [23, 5], [22, 6], [21, 7], [22, 7], [22, 8], [23, 7], [24, 7], [25, 8], [26, 7], [27, 6]]
[[12, 10], [13, 11], [14, 12], [15, 11], [14, 11], [15, 12], [16, 11], [17, 12], [16, 13], [15, 13], [14, 13], [13, 12], [12, 12], [11, 13], [10, 12], [10, 11], [11, 11], [11, 12], [12, 13], [13, 14], [12, 14], [12, 15], [13, 16], [12, 16], [12, 17], [11, 17], [10, 17], [10, 18], [10, 19], [11, 19], [12, 19], [13, 18], [13, 19], [12, 18], [13, 17], [14, 16], [13, 15], [14, 15], [15, 16], [16, 15], [15, 15], [15, 14], [16, 14], [17, 14], [17, 15], [16, 16], [16, 17], [17, 16], [18, 16], [19, 17], [20, 18], [21, 19], [22, 18], [22, 19], [23, 18], [24, 18], [24, 17], [24, 16], [25, 17], [25, 16], [26, 17], [26, 16], [27, 16], [27, 17], [26, 18], [25, 19], [26, 19], [27, 19], [28, 19], [29, 19], [29, 18], [28, 17], [28, 16], [29, 16], [29, 15], [28, 15], [27, 14], [26, 15], [26, 14], [27, 13], [28, 13], [29, 14], [28, 14], [29, 13], [28, 12], [28, 11], [29, 11], [29, 10], [28, 10], [27, 10], [28, 9], [27, 9], [28, 8], [29, 7], [28, 6], [27, 5], [26, 5], [27, 4], [28, 5], [29, 6], [29, 5], [29, 4], [29, 3], [28, 3], [28, 4], [27, 3], [27, 2], [26, 1], [26, 2], [25, 3], [24, 3], [23, 2], [22, 2], [22, 1], [21, 2], [21, 3], [22, 4], [23, 5], [22, 5], [23, 4], [24, 4], [24, 5], [25, 5], [25, 6], [24, 7], [23, 6], [22, 7], [21, 6], [20, 5], [19, 5], [18, 4], [17, 3], [16, 4], [17, 4], [18, 5], [19, 6], [20, 7], [19, 8], [18, 9], [17, 10], [16, 10], [15, 10], [14, 10], [14, 9], [13, 10], [12, 9], [12, 8], [13, 9], [13, 8], [14, 8], [15, 7], [16, 8], [17, 9], [18, 8], [19, 7], [20, 6], [21, 7], [22, 6], [23, 7], [24, 6], [25, 7], [26, 6], [27, 7], [26, 8], [25, 8], [26, 7], [27, 6]]
