[[6, 11], [5, 10], [4, 9], [4, 8], [3, 7], [3, 6], [4, 5], [3, 4], [4, 3]]
[[6, 11], [5, 10], [4, 9], [5, 8], [4, 7], [4, 6], [4, 5], [4, 4], [4, 3]]
[[6, 11], [5, 10], [4, 9], [4, 8], [4, 7], [5, 6], [4, 5], [5, 4], [4, 3]]
[[6, 11], [7, 10], [7, 9], [6, 8], [6, 7], [5, 6], [5, 5], [4, 4], [4, 3]]
[[6, 11], [7, 10], [8, 9], [8, 8], [7, 7], [6, 6], [5, 5], [5, 4], [4, 3]]
[[6, 11], [7, 10], [7, 9], [8, 8], [7, 7], [7, 6], [6, 5], [5, 4], [4, 3]]
[[6, 11], [7, 10], [8, 9], [8, 8], [7, 7], [7, 6], [6, 5], [5, 4], [4, 3]]
[[6, 11], [5, 10], [4, 9], [4, 8], [3, 7], [3, 6], [4, 5], [3, 4], [4, 3]]
[[6, 11], [5, 10], [4, 9], [5, 8], [5, 7], [5, 6], [5, 5], [5, 4], [4, 3]]
[[6, 11], [5, 10], [4, 9], [4, 8], [5, 7], [4, 6], [5, 5], [5, 4], [4, 3]]
[[6, 11], [5, 10], [4, 9], [4, 8], [4, 7], [4, 6], [4, 5], [4, 4], [4, 3]]
[[6, 11], [5, 11], [5, 10], [6, 9], [7, 8], [6, 7], [5, 6], [6, 5], [5, 4], [4, 3]]
[[6, 11], [5, 10], [6, 9], [7, 8], [6, 7], [5, 6], [5, 5], [4, 4], [5, 3], [4, 3]]
[[6, 11], [5, 10], [4, 10], [4, 9], [4, 8], [4, 7], [4, 6], [5, 5], [4, 4], [4, 3]]
[[6, 11], [6, 10], [6, 9], [5, 8], [5, 9], [5, 8], [6, 7], [5, 6], [4, 5], [3, 4], [4, 3]]
[[6, 11], [6, 10], [7, 10], [7, 9], [8, 8], [7, 7], [6, 6], [6, 5], [7, 4], [8, 3], [8, 2], [7, 2], [6, 1], [6, 2], [5, 3], [4, 3]]
[[6, 11], [5, 12], [4, 13], [4, 12], [3, 11], [2, 10], [1, 10], [0, 9], [0, 8], [1, 8], [2, 7], [2, 6], [2, 5], [3, 6], [4, 7], [3, 8], [2, 9], [3, 10], [4, 11], [5, 10], [6, 10], [5, 9], [4, 8], [3, 7], [4, 6], [5, 6], [5, 5], [4, 5], [3, 6], [2, 6], [2, 5], [3, 5], [2, 4], [3, 3], [4, 3]]
[[6, 11], [7, 10], [7, 9], [7, 8], [6, 7], [6, 8], [5, 7], [6, 6], [7, 6], [6, 5], [7, 5], [7, 4], [8, 3], [7, 2], [6, 3], [7, 3], [8, 4], [9, 3], [10, 2], [11, 2], [10, 3], [11, 4], [12, 4], [11, 5], [10, 5], [10, 4], [9, 5], [9, 4], [8, 5], [7, 5], [6, 5], [7, 4], [8, 3], [8, 2], [9, 2], [10, 1], [9, 1], [8, 1], [7, 1], [6, 2], [5, 3], [5, 4], [4, 3]]
[[6, 11], [5, 10], [4, 9], [5, 9], [6, 8], [5, 7], [5, 6], [4, 5], [5, 6], [5, 5], [5, 6], [4, 7], [3, 6], [4, 7], [3, 8], [3, 9], [3, 10], [3, 9], [3, 10], [3, 11], [4, 12], [5, 13], [6, 13], [5, 12], [6, 11], [6, 12], [6, 13], [5, 14], [4, 14], [3, 15], [2, 16], [3, 17], [4, 18], [3, 17], [2, 18], [1, 19], [1, 18], [0, 19], [1, 18], [1, 17], [0, 16], [1, 15], [1, 14], [1, 13], [0, 13], [1, 12], [2, 11], [1, 11], [1, 10], [2, 9], [1, 10], [2, 10], [1, 9], [1, 8], [2, 7], [3, 6], [4, 7], [5, 6], [6, 7], [6, 8], [7, 9], [8, 8], [8, 7], [9, 7], [9, 6], [8, 5], [7, 6], [6, 6], [5, 5], [6, 6], [6, 5], [7, 6], [8, 7], [9, 8], [8, 9], [9, 9], [9, 10], [10, 9], [11, 10], [12, 10], [13, 10], [14, 11], [14, 10], [15, 10], [15, 9], [14, 8], [15, 8], [16, 7], [15, 7], [16, 7], [17, 8], [18, 7], [19, 6], [18, 5], [19, 4], [20, 5], [19, 6], [20, 7], [21, 8], [20, 7], [21, 8], [20, 8], [19, 8], [20, 8], [21, 7], [22, 8], [23, 8], [24, 7], [24, 8], [25, 9], [25, 10], [26, 11], [27, 12], [28, 13], [29, 14], [29, 15], [28, 16], [29, 17], [29, 18], [28, 17], [27, 17], [26, 16], [27, 15], [26, 16], [25, 15], [25, 16], [24, 15], [23, 15], [24, 15], [25, 14], [26, 14], [25, 13], [26, 12], [26, 11], [25, 10], [24, 11], [25, 11], [25, 12], [24, 12], [23, 13], [22, 12], [23, 12], [22, 13], [22, 12], [22, 11], [22, 12], [21, 11], [20, 10], [20, 9], [19, 8], [18, 9], [17, 10], [16, 10], [17, 9], [18, 10], [17, 11], [16, 11], [15, 12], [14, 12], [13, 12], [13, 11], [13, 12], [12, 13], [11, 14], [10, 13], [10, 12], [11, 11], [11, 10], [12, 10], [13, 9], [13, 8], [13, 7], [12, 7], [12, 6], [13, 6], [14, 6], [14, 5], [15, 5], [16, 6], [17, 6], [17, 5], [16, 4], [16, 3], [15, 4], [15, 3], [14, 3], [13, 3], [14, 3], [14, 2], [15, 2], [15, 1], [16, 2], [17, 1], [16, 1], [17, 0], [16, 1], [15, 1], [14, 2], [14, 1], [13, 2], [12, 1], [13, 2], [13, 1], [12, 0], [11, 0], [10, 0], [9, 1], [9, 2], [9, 3], [10, 4], [10, 5], [11, 6], [10, 5], [9, 4], [8, 4], [9, 3], [8, 3], [7, 4], [6, 5], [5, 6], [5, 5], [4, 4], [4, 3], [3, 3], [4, 3]]
