[[18, 9], [17, 8], [16, 9], [15, 8], [14, 9], [13, 9], [12, 10], [11, 11], [10, 12], [9, 12], [8, 13], [7, 14], [6, 14], [5, 13], [4, 12], [3, 12]]
[[18, 9], [17, 8], [16, 8], [15, 8], [14, 9], [13, 10], [12, 11], [11, 11], [10, 12], [9, 13], [8, 14], [7, 14], [6, 13], [5, 13], [4, 12], [3, 12]]
[[18, 9], [17, 9], [16, 8], [15, 9], [14, 9], [13, 10], [12, 10], [11, 11], [10, 12], [9, 13], [8, 13], [7, 14], [6, 13], [5, 13], [4, 12], [3, 12]]
[[18, 9], [17, 8], [16, 9], [15, 9], [14, 10], [13, 11], [12, 12], [11, 13], [10, 14], [9, 13], [8, 14], [7, 14], [6, 13], [5, 12], [4, 12], [3, 12]]
[[18, 9], [17, 9], [16, 9], [15, 9], [14, 8], [13, 9], [12, 10], [11, 11], [10, 11], [9, 12], [8, 13], [7, 14], [6, 14], [5, 13], [4, 12], [3, 12]]
[[18, 9], [17, 8], [16, 9], [15, 8], [14, 9], [13, 9], [12, 10], [11, 11], [10, 12], [9, 12], [8, 13], [7, 14], [6, 14], [5, 13], [4, 12], [3, 12]]
[[18, 9], [17, 9], [16, 8], [15, 9], [14, 9], [13, 9], [12, 10], [11, 11], [10, 12], [9, 13], [8, 14], [7, 14], [6, 13], [5, 12], [4, 12], [3, 12]]
[[18, 9], [17, 9], [16, 9], [15, 10], [14, 10], [13, 10], [12, 10], [11, 11], [10, 12], [9, 12], [8, 13], [7, 14], [6, 14], [5, 13], [4, 12], [3, 12]]
[[18, 9], [17, 8], [16, 8], [15, 9], [14, 10], [13, 11], [12, 10], [11, 11], [10, 12], [9, 12], [8, 13], [7, 14], [6, 13], [5, 12], [4, 12], [3, 12]]
[[18, 9], [17, 9], [16, 9], [15, 9], [14, 10], [13, 11], [12, 12], [11, 12], [10, 12], [9, 13], [8, 14], [7, 14], [6, 13], [5, 12], [4, 12], [3, 12]]
[[18, 9], [17, 8], [16, 8], [15, 8], [14, 8], [13, 9], [12, 10], [11, 11], [10, 12], [9, 12], [8, 13], [7, 14], [6, 14], [5, 13], [4, 12], [3, 13], [3, 12]]
[[18, 9], [17, 8], [16, 8], [16, 9], [15, 9], [14, 10], [13, 11], [12, 12], [11, 13], [10, 12], [9, 13], [8, 13], [7, 14], [6, 13], [5, 13], [4, 12], [3, 12]]
[[18, 9], [17, 8], [16, 7], [15, 8], [14, 7], [13, 8], [12, 9], [11, 10], [10, 11], [10, 12], [9, 13], [8, 14], [7, 14], [6, 13], [5, 12], [4, 12], [3, 12]]
[[18, 9], [17, 8], [16, 8], [15, 9], [14, 8], [13, 9], [13, 10], [12, 10], [11, 11], [10, 12], [9, 12], [8, 13], [7, 14], [6, 13], [6, 12], [5, 12], [4, 12], [3, 12]]
[[18, 9], [17, 8], [16, 8], [15, 7], [14, 6], [13, 7], [12, 8], [12, 9], [11, 8], [10, 9], [9, 8], [9, 9], [8, 10], [7, 11], [6, 10], [5, 11], [4, 12], [3, 11], [3, 12]]
[[18, 9], [17, 9], [17, 8], [16, 9], [15, 8], [14, 7], [14, 8], [13, 9], [12, 10], [11, 11], [10, 11], [10, 12], [11, 13], [10, 14], [9, 14], [8, 14], [7, 14], [6, 13], [5, 12], [4, 12], [3, 12]]
[[18, 9], [17, 8], [16, 8], [15, 8], [14, 7], [15, 6], [14, 7], [13, 7], [12, 6], [12, 5], [11, 6], [10, 7], [9, 8], [8, 9], [8, 8], [8, 9], [8, 10], [7, 11], [6, 10], [5, 10], [5, 11], [4, 12], [3, 12]]
[[18, 9], [17, 9], [16, 9], [15, 8], [14, 7], [13, 6], [12, 6], [11, 6], [10, 7], [9, 8], [10, 8], [10, 9], [9, 9], [9, 10], [8, 10], [9, 10], [9, 11], [8, 11], [8, 12], [9, 13], [8, 13], [8, 14], [7, 14], [6, 14], [5, 14], [6, 13], [6, 14], [6, 15], [5, 14], [4, 15], [3, 16], [2, 17], [3, 18], [2, 17], [3, 17], [3, 16], [4, 15], [5, 14], [5, 15], [6, 15], [6, 14], [7, 15], [7, 16], [8, 17], [7, 18], [7, 17], [6, 18], [5, 19], [4, 19], [5, 18], [4, 17], [5, 17], [5, 16], [4, 16], [3, 15], [3, 14], [2, 13], [3, 12]]
[[18, 9], [18, 8], [17, 8], [16, 9], [15, 9], [14, 10], [13, 10], [13, 9], [12, 9], [13, 10], [12, 11], [13, 10], [12, 11], [12, 10], [12, 9], [11, 8], [10, 8], [9, 8], [8, 8], [7, 7], [8, 8], [9, 7], [10, 7], [10, 8], [10, 7], [11, 6], [10, 5], [9, 5], [8, 4], [7, 4], [8, 4], [7, 5], [6, 6], [5, 6], [4, 7], [3, 7], [4, 8], [3, 7], [2, 8], [3, 7], [4, 8], [3, 9], [2, 10], [1, 11], [0, 10], [1, 10], [0, 11], [0, 10], [1, 9], [2, 8], [3, 8], [2, 7], [3, 6], [4, 7], [5, 6], [4, 7], [4, 8], [3, 9], [2, 9], [3, 8], [3, 9], [2, 10], [3, 11], [3, 12]]
[[18, 9], [17, 8], [17, 9], [16, 9], [16, 8], [16, 9], [17, 8], [16, 9], [17, 10], [16, 11], [17, 12], [18, 13], [17, 13], [18, 13], [19, 12], [19, 13], [20, 12], [21, 11], [20, 11], [21, 10], [20, 10], [20, 11], [20, 10], [19, 11], [18, 12], [19, 13], [20, 14], [21, 14], [20, 15], [19, 16], [19, 15], [20, 15], [20, 16], [20, 17], [20, 18], [21, 19], [20, 19], [20, 18], [19, 17], [19, 18], [18, 18], [19, 17], [18, 17], [17, 17], [18, 16], [18, 15], [17, 15], [16, 16], [15, 15], [15, 14], [14, 14], [13, 15], [13, 16], [14, 17], [15, 18], [14, 18], [13, 19], [12, 18], [11, 17], [10, 18], [9, 18], [8, 17], [8, 16], [9, 17], [8, 17], [7, 18], [7, 19], [7, 18], [6, 17], [5, 18], [4, 18], [5, 17], [5, 16], [6, 15], [7, 14], [6, 14], [6, 15], [5, 15], [6, 14], [7, 15], [8, 14], [9, 13], [8, 12], [7, 11], [8, 10], [7, 9], [8, 8], [9, 7], [8, 6], [8, 5], [7, 5], [6, 4], [6, 5], [5, 5], [6, 6], [5, 6], [4, 7], [5, 7], [5, 8], [4, 9], [3, 9], [3, 8], [2, 8], [3, 7], [2, 7], [2, 8], [1, 8], [2, 8], [1, 9], [1, 10], [0, 10], [1, 11], [2, 12], [2, 13], [3, 12]]
