[[4, 7], [5, 7], [6, 7], [7, 6], [8, 7], [9, 7], [10, 8], [11, 9], [12, 9], [13, 10], [14, 11], [15, 10], [16, 9]]
[[4, 7], [5, 8], [6, 8], [7, 8], [8, 8], [9, 8], [10, 9], [11, 8], [12, 9], [13, 8], [14, 9], [15, 10], [16, 9]]
[[4, 7], [5, 6], [6, 5], [7, 6], [8, 6], [9, 6], [10, 6], [11, 7], [12, 8], [13, 7], [14, 7], [15, 8], [16, 9]]
[[4, 7], [5, 6], [6, 6], [7, 5], [8, 6], [9, 6], [10, 6], [11, 7], [12, 7], [13, 8], [14, 8], [15, 8], [16, 9]]
[[4, 7], [5, 8], [6, 8], [7, 8], [8, 9], [9, 9], [10, 10], [11, 9], [12, 8], [13, 7], [14, 8], [15, 9], [16, 9]]
[[4, 7], [5, 6], [6, 6], [7, 7], [8, 7], [9, 8], [10, 8], [11, 7], [12, 7], [13, 8], [14, 9], [15, 8], [16, 9]]
[[4, 7], [5, 6], [6, 5], [7, 6], [8, 7], [9, 6], [10, 7], [11, 8], [12, 8], [13, 8], [14, 9], [15, 9], [16, 9]]
[[4, 7], [5, 6], [6, 6], [7, 6], [8, 7], [9, 8], [10, 7], [11, 7], [12, 8], [13, 8], [14, 9], [15, 10], [16, 9]]
[[4, 7], [5, 8], [6, 7], [7, 6], [8, 6], [9, 7], [10, 8], [11, 9], [12, 9], [13, 8], [14, 9], [15, 9], [16, 9]]
[[4, 7], [5, 7], [6, 7], [7, 6], [8, 7], [9, 7], [10, 8], [11, 9], [12, 9], [13, 10], [14, 11], [15, 10], [16, 9]]
[[4, 7], [5, 6], [6, 7], [7, 6], [8, 6], [9, 7], [10, 7], [11, 8], [12, 9], [13, 9], [14, 8], [15, 9], [16, 9]]
[[4, 7], [5, 7], [6, 6], [7, 5], [8, 6], [9, 6], [10, 7], [11, 8], [12, 7], [13, 8], [14, 7], [15, 8], [16, 9]]
[[4, 7], [5, 6], [6, 5], [7, 6], [8, 6], [9, 7], [10, 7], [11, 8], [12, 9], [13, 10], [14, 10], [15, 10], [16, 9]]
[[4, 7], [5, 6], [6, 7], [7, 8], [8, 8], [9, 9], [10, 9], [11, 8], [12, 9], [13, 9], [14, 9], [15, 10], [16, 9]]
[[4, 7], [5, 6], [6, 5], [7, 6], [8, 6], [9, 5], [10, 6], [11, 7], [12, 8], [13, 9], [14, 9], [15, 9], [15, 8], [16, 9]]
[[4, 7], [5, 8], [6, 7], [7, 8], [8, 9], [9, 9], [9, 8], [10, 7], [11, 8], [12, 8], [13, 8], [14, 9], [15, 9], [16, 9]]
[[4, 7], [5, 7], [6, 6], [7, 5], [8, 5], [9, 6], [9, 7], [10, 8], [11, 7], [12, 7], [13, 7], [14, 8], [15, 8], [16, 9]]
[[4, 7], [5, 6], [6, 6], [7, 5], [8, 6], [9, 7], [10, 6], [11, 7], [11, 8], [12, 8], [13, 8], [12, 7], [13, 8], [14, 9], [15, 9], [16, 9]]
[[4, 7], [5, 8], [6, 8], [5, 9], [6, 9], [6, 10], [7, 11], [6, 11], [7, 11], [8, 12], [7, 11], [6, 10], [7, 10], [8, 9], [9, 9], [10, 10], [11, 11], [12, 11], [13, 12], [13, 11], [14, 11], [13, 11], [13, 10], [14, 10], [15, 10], [16, 10], [16, 9]]
[[4, 7], [5, 7], [6, 6], [7, 6], [8, 5], [7, 6], [8, 5], [8, 6], [9, 5], [9, 4], [10, 5], [9, 5], [10, 4], [10, 5], [10, 6], [11, 5], [10, 6], [11, 7], [11, 8], [12, 8], [13, 8], [14, 7], [14, 8], [15, 8], [14, 8], [15, 9], [16, 9]]
