[[21, 10], [20, 9], [19, 10], [18, 9], [17, 8], [16, 9], [15, 8], [14, 9], [13, 8], [12, 8], [11, 7]]
[[21, 10], [20, 11], [19, 11], [18, 10], [17, 9], [16, 9], [15, 8], [14, 7], [13, 7], [12, 7], [11, 7]]
[[21, 10], [20, 9], [19, 8], [18, 8], [17, 9], [16, 8], [15, 7], [14, 6], [13, 5], [12, 6], [11, 7]]
[[21, 10], [20, 9], [19, 8], [18, 9], [17, 8], [16, 8], [15, 7], [14, 6], [13, 7], [12, 6], [11, 7]]
[[21, 10], [20, 9], [19, 10], [18, 9], [17, 8], [16, 9], [15, 8], [14, 9], [13, 8], [12, 8], [11, 7]]
[[21, 10], [20, 9], [19, 9], [18, 9], [17, 8], [16, 8], [15, 9], [14, 8], [13, 8], [12, 8], [11, 7]]
[[21, 10], [20, 9], [19, 10], [18, 11], [17, 10], [16, 9], [15, 8], [14, 7], [13, 7], [12, 8], [11, 7]]
[[21, 10], [20, 9], [19, 9], [18, 9], [17, 8], [16, 7], [15, 8], [14, 7], [13, 6], [12, 6], [11, 7]]
[[21, 10], [20, 9], [19, 9], [18, 9], [17, 8], [16, 8], [15, 9], [14, 8], [13, 7], [12, 7], [11, 7]]
[[21, 10], [20, 10], [19, 9], [18, 8], [17, 9], [16, 8], [15, 7], [14, 7], [13, 8], [12, 8], [11, 7]]
[[21, 10], [20, 9], [19, 8], [18, 8], [17, 9], [16, 8], [15, 7], [14, 8], [13, 8], [12, 7], [11, 7]]
[[21, 10], [20, 9], [19, 9], [18, 8], [17, 9], [16, 8], [15, 9], [14, 8], [13, 7], [12, 6], [11, 7]]
[[21, 10], [20, 9], [19, 9], [18, 10], [17, 10], [16, 9], [15, 9], [14, 9], [13, 8], [12, 8], [11, 7]]
[[21, 10], [20, 10], [19, 9], [18, 8], [17, 9], [16, 10], [15, 9], [14, 8], [13, 8], [12, 7], [11, 7]]
[[21, 10], [20, 10], [19, 9], [18, 8], [17, 9], [16, 10], [15, 9], [14, 9], [13, 8], [12, 7], [11, 7]]
[[21, 10], [20, 10], [19, 9], [18, 8], [17, 7], [16, 6], [15, 7], [14, 8], [13, 7], [12, 8], [11, 7]]
[[21, 10], [20, 9], [19, 9], [18, 8], [17, 9], [17, 8], [16, 9], [15, 8], [14, 7], [13, 7], [12, 6], [11, 7]]
[[21, 10], [20, 11], [19, 11], [18, 11], [17, 11], [16, 10], [16, 11], [15, 10], [14, 9], [13, 8], [12, 8], [11, 7]]
[[21, 10], [20, 10], [19, 9], [18, 10], [17, 9], [16, 9], [15, 8], [14, 9], [14, 8], [13, 8], [12, 7], [11, 7]]
[[21, 10], [20, 9], [19, 10], [18, 10], [19, 9], [18, 8], [17, 7], [16, 7], [15, 6], [14, 5], [13, 6], [12, 5], [11, 4], [10, 5], [11, 5], [11, 6], [11, 7]]
