[[6, 0], [6, 1], [7, 2], [6, 3], [5, 4], [5, 5], [5, 6], [5, 7], [6, 8], [7, 9], [8, 10], [9, 11]]
[[6, 0], [7, 1], [7, 2], [7, 3], [6, 4], [6, 5], [5, 6], [6, 7], [6, 8], [7, 9], [8, 10], [9, 11]]
[[6, 0], [6, 1], [7, 2], [7, 3], [7, 4], [7, 5], [6, 6], [5, 7], [6, 8], [7, 9], [8, 10], [9, 11]]
[[6, 0], [6, 1], [7, 2], [6, 3], [5, 4], [5, 5], [5, 6], [5, 7], [6, 8], [7, 9], [8, 10], [9, 11]]
[[6, 0], [7, 1], [7, 2], [6, 3], [6, 4], [6, 5], [6, 6], [7, 7], [8, 8], [7, 9], [8, 10], [9, 11]]
[[6, 0], [6, 1], [7, 2], [6, 3], [5, 4], [4, 5], [4, 6], [5, 7], [6, 8], [7, 9], [8, 10], [9, 11]]
[[6, 0], [7, 1], [7, 2], [7, 3], [6, 4], [5, 5], [6, 6], [6, 7], [6, 8], [7, 9], [8, 10], [9, 11]]
[[6, 0], [5, 0], [4, 1], [4, 2], [4, 3], [4, 4], [4, 5], [5, 6], [5, 7], [6, 8], [7, 9], [8, 10], [9, 11]]
[[6, 0], [7, 1], [7, 2], [8, 3], [7, 4], [7, 5], [6, 5], [6, 6], [6, 7], [6, 8], [7, 9], [8, 10], [9, 11]]
[[6, 0], [7, 1], [8, 1], [7, 2], [7, 3], [6, 4], [5, 5], [4, 6], [5, 6], [5, 7], [6, 8], [7, 9], [8, 10], [9, 11]]
[[6, 0], [7, 0], [8, 1], [7, 2], [6, 3], [5, 4], [6, 4], [7, 5], [8, 6], [7, 7], [8, 8], [9, 9], [10, 10], [9, 11]]
[[6, 0], [5, 0], [4, 1], [3, 1], [4, 2], [3, 3], [4, 4], [5, 4], [4, 5], [5, 6], [4, 6], [5, 7], [6, 8], [7, 9], [8, 10], [9, 11]]
[[6, 0], [5, 0], [4, 1], [3, 0], [2, 0], [2, 1], [1, 2], [1, 3], [2, 2], [3, 1], [4, 2], [4, 3], [5, 4], [5, 5], [6, 6], [7, 7], [8, 8], [8, 7], [9, 8], [8, 9], [8, 10], [8, 11], [9, 11]]
[[6, 0], [5, 0], [6, 1], [7, 2], [8, 3], [7, 3], [6, 4], [7, 5], [6, 5], [5, 6], [5, 7], [6, 7], [5, 8], [5, 9], [4, 8], [3, 7], [3, 8], [3, 9], [3, 10], [3, 11], [2, 12], [1, 11], [0, 12], [0, 13], [0, 14], [0, 15], [1, 16], [1, 17], [2, 17], [3, 18], [4, 18], [3, 19], [2, 19], [1, 18], [1, 19], [2, 18], [3, 17], [4, 16], [5, 17], [6, 18], [5, 19], [4, 19], [5, 18], [6, 17], [7, 18], [7, 17], [6, 16], [5, 15], [6, 15], [7, 15], [8, 16], [7, 16], [8, 15], [9, 16], [10, 15], [9, 15], [10, 14], [11, 13], [10, 12], [9, 13], [10, 13], [11, 12], [11, 11], [11, 10], [11, 9], [11, 8], [10, 8], [9, 8], [9, 9], [10, 9], [10, 10], [10, 11], [10, 12], [9, 11]]
