[[29, 7], [28, 6], [27, 5], [26, 4], [25, 4], [24, 3], [23, 2], [22, 2], [21, 3], [20, 3], [19, 4], [18, 3], [17, 4], [16, 5], [15, 4], [14, 3], [13, 3], [12, 4], [11, 5], [10, 5], [9, 4], [8, 3], [7, 3], [6, 3], [5, 2], [4, 2], [3, 1], [2, 1], [1, 0], [0, 0]]
[[29, 7], [28, 7], [27, 7], [26, 6], [25, 5], [24, 4], [23, 3], [22, 3], [21, 3], [20, 3], [19, 2], [18, 3], [17, 3], [16, 4], [15, 3], [14, 4], [13, 3], [12, 4], [11, 4], [10, 3], [9, 4], [8, 5], [7, 5], [6, 5], [5, 4], [4, 3], [3, 2], [2, 1], [1, 0], [0, 0]]
[[29, 7], [28, 7], [27, 6], [26, 5], [25, 4], [24, 4], [23, 5], [22, 6], [21, 6], [20, 5], [19, 4], [18, 5], [17, 4], [16, 5], [15, 4], [14, 5], [13, 4], [12, 3], [11, 3], [10, 4], [9, 4], [8, 4], [7, 3], [6, 3], [5, 2], [4, 1], [3, 1], [2, 0], [1, 0], [0, 0]]
[[29, 7], [28, 6], [27, 6], [26, 5], [25, 5], [24, 4], [23, 5], [22, 4], [21, 3], [20, 4], [19, 3], [18, 4], [17, 5], [16, 5], [15, 4], [14, 5], [13, 6], [12, 5], [11, 6], [10, 6], [9, 5], [8, 5], [7, 4], [6, 3], [5, 2], [4, 1], [3, 2], [2, 1], [1, 0], [0, 0]]
[[29, 7], [28, 6], [27, 5], [26, 5], [25, 5], [24, 5], [23, 5], [22, 4], [21, 5], [20, 5], [19, 5], [18, 5], [17, 4], [16, 4], [15, 5], [14, 4], [13, 5], [12, 6], [11, 5], [10, 5], [9, 5], [8, 4], [7, 3], [6, 3], [5, 2], [4, 1], [3, 1], [2, 0], [1, 0], [0, 0]]
[[29, 7], [28, 6], [27, 5], [26, 5], [25, 5], [24, 4], [23, 4], [22, 4], [21, 3], [20, 3], [19, 3], [18, 2], [17, 2], [16, 1], [15, 2], [14, 3], [13, 4], [12, 3], [11, 2], [10, 3], [9, 4], [8, 5], [7, 4], [6, 3], [5, 4], [4, 3], [3, 2], [2, 1], [1, 0], [0, 0]]
[[29, 7], [28, 6], [27, 5], [26, 5], [25, 4], [24, 4], [23, 3], [22, 4], [21, 3], [20, 2], [19, 2], [18, 3], [17, 2], [16, 3], [15, 3], [14, 4], [13, 3], [12, 2], [11, 3], [10, 2], [9, 2], [8, 1], [7, 0], [6, 1], [5, 1], [4, 2], [3, 1], [2, 0], [1, 0], [0, 0]]
[[29, 7], [28, 6], [27, 5], [26, 5], [25, 4], [24, 3], [23, 4], [22, 4], [21, 5], [20, 6], [19, 5], [18, 4], [17, 3], [16, 4], [15, 4], [14, 5], [13, 4], [12, 5], [11, 4], [10, 5], [9, 4], [8, 3], [7, 3], [6, 3], [5, 2], [4, 2], [3, 1], [2, 0], [1, 0], [0, 0]]
[[29, 7], [28, 7], [27, 6], [26, 5], [25, 4], [24, 3], [23, 3], [22, 4], [21, 5], [20, 5], [19, 5], [18, 5], [17, 4], [16, 4], [15, 4], [14, 5], [13, 4], [12, 4], [11, 4], [10, 5], [9, 5], [8, 4], [7, 4], [6, 3], [5, 3], [4, 2], [3, 1], [2, 1], [1, 0], [0, 0]]
[[29, 7], [28, 7], [27, 6], [26, 5], [25, 4], [24, 4], [23, 5], [22, 6], [21, 6], [20, 5], [19, 4], [18, 3], [17, 3], [16, 3], [15, 2], [14, 2], [13, 3], [12, 4], [11, 5], [10, 5], [9, 4], [8, 3], [7, 3], [6, 2], [5, 3], [4, 2], [3, 1], [2, 0], [1, 0], [0, 0]]
[[29, 7], [28, 6], [27, 5], [26, 5], [25, 5], [24, 5], [23, 4], [22, 3], [21, 3], [20, 2], [19, 3], [18, 2], [17, 1], [16, 1], [15, 2], [14, 3], [13, 4], [12, 5], [11, 6], [10, 6], [9, 5], [8, 4], [7, 4], [6, 3], [5, 3], [4, 2], [3, 2], [2, 1], [1, 0], [0, 0]]
[[29, 7], [28, 6], [27, 5], [26, 5], [25, 5], [24, 5], [23, 4], [22, 3], [21, 3], [20, 4], [19, 4], [18, 3], [17, 4], [16, 3], [15, 3], [14, 4], [13, 5], [12, 4], [11, 5], [10, 5], [9, 5], [8, 5], [7, 6], [6, 5], [5, 4], [4, 3], [3, 2], [2, 1], [1, 0], [0, 0]]
[[29, 7], [28, 6], [27, 6], [26, 5], [25, 4], [24, 5], [23, 4], [22, 4], [21, 5], [20, 4], [19, 3], [18, 3], [17, 4], [16, 5], [15, 4], [14, 3], [13, 4], [12, 3], [11, 3], [10, 3], [9, 4], [8, 4], [7, 3], [6, 2], [5, 2], [4, 2], [3, 1], [2, 1], [1, 0], [0, 0]]
[[29, 7], [28, 6], [27, 5], [26, 4], [25, 4], [24, 3], [23, 2], [22, 2], [21, 3], [20, 4], [19, 4], [18, 3], [17, 4], [16, 3], [15, 3], [14, 3], [13, 4], [12, 3], [11, 2], [10, 2], [9, 2], [8, 1], [7, 1], [6, 1], [5, 0], [4, 1], [3, 0], [2, 0], [1, 0], [0, 0]]
[[29, 7], [28, 6], [27, 5], [26, 4], [25, 4], [24, 3], [23, 2], [22, 2], [21, 3], [20, 3], [19, 4], [18, 3], [17, 4], [16, 5], [15, 4], [14, 3], [13, 3], [12, 4], [11, 5], [10, 5], [9, 4], [8, 3], [7, 3], [6, 3], [5, 2], [4, 2], [3, 1], [2, 1], [1, 0], [0, 0]]
[[29, 7], [28, 6], [27, 5], [26, 4], [25, 4], [24, 4], [23, 3], [22, 4], [21, 3], [20, 2], [19, 2], [18, 3], [17, 2], [16, 3], [15, 4], [14, 3], [13, 4], [12, 3], [11, 4], [10, 4], [9, 5], [8, 4], [7, 3], [6, 2], [5, 2], [4, 1], [3, 1], [2, 1], [1, 0], [0, 0]]
[[29, 7], [28, 6], [27, 6], [26, 5], [25, 5], [24, 6], [23, 7], [22, 6], [21, 6], [20, 5], [19, 5], [18, 5], [17, 6], [16, 5], [15, 4], [14, 4], [13, 3], [12, 4], [11, 4], [10, 5], [9, 5], [8, 4], [7, 4], [6, 3], [5, 2], [4, 2], [3, 1], [2, 1], [1, 0], [0, 0]]
[[29, 7], [28, 6], [27, 5], [26, 4], [25, 4], [24, 5], [23, 4], [22, 4], [21, 3], [20, 4], [19, 5], [18, 4], [17, 4], [16, 4], [15, 4], [15, 3], [14, 4], [13, 5], [12, 4], [11, 3], [10, 2], [9, 2], [8, 2], [8, 1], [7, 1], [6, 2], [5, 2], [4, 1], [3, 1], [2, 0], [1, 0], [0, 0]]
[[29, 7], [28, 6], [27, 5], [26, 4], [25, 4], [24, 4], [23, 3], [22, 3], [21, 3], [20, 4], [19, 4], [19, 5], [18, 5], [17, 4], [16, 3], [15, 3], [15, 2], [14, 3], [13, 4], [12, 5], [11, 6], [10, 6], [9, 5], [8, 4], [7, 4], [6, 3], [5, 2], [4, 1], [3, 0], [2, 0], [1, 0], [0, 0]]
[[29, 7], [28, 6], [27, 5], [26, 6], [25, 5], [24, 5], [23, 4], [22, 5], [21, 5], [20, 5], [19, 5], [18, 5], [17, 4], [16, 3], [15, 3], [14, 4], [13, 5], [12, 5], [12, 4], [11, 4], [11, 3], [10, 3], [9, 4], [8, 4], [7, 3], [6, 3], [5, 4], [4, 3], [3, 2], [2, 1], [1, 0], [0, 0]]
