[[28, 14], [27, 13], [26, 14], [25, 15], [24, 14], [23, 15], [22, 16], [21, 17], [20, 18], [19, 18], [18, 18], [17, 17], [16, 17], [15, 16], [14, 15], [13, 15], [12, 14], [11, 13], [10, 12], [9, 11], [8, 12], [7, 11]]
[[28, 14], [27, 14], [26, 14], [25, 14], [24, 13], [23, 14], [22, 15], [21, 16], [20, 17], [19, 17], [18, 16], [17, 16], [16, 16], [15, 16], [14, 15], [13, 14], [12, 13], [11, 13], [10, 13], [9, 12], [8, 12], [7, 11]]
[[28, 14], [27, 13], [26, 14], [25, 15], [24, 14], [23, 15], [22, 16], [21, 17], [20, 18], [19, 18], [18, 18], [17, 17], [16, 17], [15, 16], [14, 15], [13, 15], [12, 14], [11, 13], [10, 12], [9, 11], [8, 12], [7, 11]]
[[28, 14], [27, 15], [26, 14], [25, 14], [24, 14], [23, 14], [22, 15], [21, 16], [20, 15], [19, 16], [18, 17], [17, 17], [16, 16], [15, 15], [14, 16], [13, 15], [12, 15], [11, 14], [10, 13], [9, 13], [8, 12], [7, 11]]
[[28, 14], [27, 15], [26, 16], [25, 17], [24, 18], [23, 18], [22, 19], [21, 19], [20, 18], [19, 18], [18, 19], [17, 19], [16, 18], [15, 17], [14, 16], [13, 15], [12, 14], [11, 13], [10, 12], [9, 11], [8, 10], [7, 11]]
[[28, 14], [27, 14], [26, 15], [25, 15], [24, 16], [23, 16], [22, 16], [21, 17], [20, 17], [19, 16], [18, 17], [17, 16], [16, 17], [15, 17], [14, 16], [13, 15], [12, 14], [11, 14], [10, 13], [9, 13], [8, 12], [7, 11]]
[[28, 14], [27, 14], [26, 15], [25, 15], [24, 16], [23, 16], [22, 17], [21, 17], [20, 17], [19, 16], [18, 16], [17, 15], [16, 14], [15, 14], [14, 13], [13, 12], [12, 12], [11, 13], [10, 13], [9, 12], [8, 12], [7, 11]]
[[28, 14], [27, 15], [26, 16], [25, 17], [24, 16], [23, 15], [22, 16], [21, 17], [20, 17], [19, 16], [18, 17], [17, 16], [16, 17], [15, 16], [14, 16], [13, 15], [12, 14], [11, 13], [10, 13], [9, 13], [8, 12], [7, 11]]
[[28, 14], [27, 13], [26, 14], [25, 15], [24, 16], [23, 16], [22, 16], [21, 16], [20, 17], [19, 18], [18, 18], [17, 19], [16, 18], [15, 17], [14, 17], [13, 16], [12, 15], [11, 14], [10, 14], [9, 13], [8, 12], [7, 11]]
[[28, 14], [27, 15], [26, 16], [25, 17], [24, 17], [23, 16], [22, 16], [21, 17], [20, 17], [19, 17], [18, 16], [17, 15], [16, 14], [15, 14], [14, 13], [13, 13], [12, 12], [11, 12], [10, 11], [9, 11], [8, 12], [7, 11]]
[[28, 14], [27, 15], [26, 15], [25, 15], [24, 16], [23, 15], [22, 16], [21, 17], [20, 17], [19, 17], [18, 17], [17, 17], [16, 16], [15, 15], [14, 14], [13, 14], [12, 13], [11, 14], [10, 13], [9, 12], [8, 12], [7, 11]]
[[28, 14], [27, 14], [26, 15], [25, 15], [24, 16], [23, 16], [22, 17], [21, 17], [20, 17], [19, 16], [18, 16], [17, 15], [16, 14], [15, 14], [14, 13], [13, 12], [12, 12], [11, 13], [10, 13], [9, 12], [8, 12], [7, 11]]
[[28, 14], [27, 13], [26, 14], [25, 15], [24, 14], [23, 15], [22, 16], [21, 17], [20, 18], [19, 17], [19, 18], [18, 18], [17, 17], [16, 16], [15, 15], [14, 14], [13, 13], [12, 13], [11, 12], [10, 11], [9, 12], [8, 12], [7, 11]]
[[28, 14], [27, 15], [26, 14], [25, 15], [24, 14], [23, 15], [22, 16], [21, 17], [20, 18], [19, 17], [18, 16], [17, 17], [16, 16], [15, 16], [14, 16], [13, 16], [12, 15], [11, 15], [10, 14], [9, 14], [8, 13], [8, 12], [7, 11]]
[[28, 14], [27, 13], [26, 14], [25, 15], [24, 14], [23, 15], [22, 16], [21, 17], [20, 18], [19, 17], [19, 18], [18, 18], [17, 17], [16, 16], [15, 15], [14, 15], [13, 15], [12, 14], [11, 13], [10, 12], [9, 13], [8, 12], [7, 11]]
[[28, 14], [27, 14], [26, 15], [25, 15], [24, 16], [23, 16], [22, 15], [21, 15], [21, 16], [20, 17], [19, 16], [18, 17], [17, 16], [16, 16], [15, 15], [14, 15], [13, 14], [12, 14], [12, 15], [11, 15], [10, 14], [9, 13], [8, 12], [7, 11]]
[[28, 14], [27, 14], [28, 15], [27, 15], [26, 14], [25, 15], [24, 16], [23, 15], [22, 15], [21, 16], [20, 17], [19, 16], [18, 17], [17, 16], [16, 17], [15, 17], [14, 16], [13, 15], [13, 14], [12, 14], [11, 14], [10, 13], [9, 13], [8, 12], [7, 11]]
[[28, 14], [27, 15], [26, 14], [25, 15], [24, 14], [23, 14], [22, 15], [21, 16], [20, 15], [19, 16], [18, 17], [17, 17], [17, 16], [16, 16], [15, 17], [14, 17], [14, 16], [14, 15], [13, 14], [12, 14], [11, 13], [10, 12], [10, 11], [9, 11], [8, 12], [8, 11], [7, 11]]
[[28, 14], [29, 15], [28, 16], [27, 17], [26, 17], [25, 18], [25, 19], [24, 18], [23, 18], [22, 19], [21, 19], [20, 18], [19, 17], [18, 18], [17, 17], [16, 16], [15, 16], [15, 15], [14, 14], [13, 13], [13, 12], [12, 13], [12, 12], [11, 12], [10, 13], [9, 13], [8, 12], [7, 11]]
[[28, 14], [27, 15], [26, 16], [27, 17], [27, 18], [26, 18], [25, 18], [24, 19], [24, 18], [24, 17], [23, 18], [22, 19], [21, 19], [20, 18], [19, 17], [18, 16], [17, 15], [16, 16], [15, 17], [14, 17], [14, 16], [13, 16], [12, 16], [12, 15], [11, 14], [10, 13], [10, 12], [9, 12], [8, 11], [7, 11]]
