[[29, 7], [28, 8], [27, 7], [26, 6], [25, 7], [24, 6], [23, 5], [22, 4], [21, 4]]
[[29, 7], [28, 6], [27, 7], [26, 6], [25, 6], [24, 6], [23, 6], [22, 5], [21, 4]]
[[29, 7], [28, 8], [27, 7], [26, 6], [25, 5], [24, 4], [23, 5], [22, 4], [21, 4]]
[[29, 7], [28, 6], [27, 7], [26, 7], [25, 6], [24, 5], [23, 4], [22, 3], [21, 4]]
[[29, 7], [28, 8], [27, 7], [26, 6], [25, 7], [24, 6], [23, 5], [22, 4], [21, 4]]
[[29, 7], [28, 7], [27, 8], [26, 7], [25, 7], [24, 6], [23, 5], [22, 4], [21, 4]]
[[29, 7], [28, 8], [27, 7], [26, 6], [25, 7], [24, 6], [23, 5], [22, 4], [21, 4]]
[[29, 7], [28, 8], [27, 8], [26, 7], [25, 6], [24, 6], [23, 5], [22, 5], [21, 4]]
[[29, 7], [28, 6], [27, 6], [26, 7], [25, 7], [24, 6], [23, 5], [22, 4], [21, 4]]
[[29, 7], [28, 6], [27, 6], [26, 5], [25, 6], [24, 5], [23, 5], [22, 5], [21, 4]]
[[29, 7], [28, 7], [27, 7], [26, 7], [25, 8], [24, 7], [23, 6], [22, 5], [21, 4]]
[[29, 7], [28, 7], [27, 8], [26, 8], [25, 8], [24, 7], [23, 6], [22, 5], [21, 4]]
[[29, 7], [28, 8], [27, 8], [26, 7], [25, 6], [24, 7], [23, 6], [23, 5], [22, 4], [21, 4]]
[[29, 7], [28, 8], [28, 9], [27, 8], [26, 8], [25, 7], [24, 6], [23, 5], [22, 4], [21, 4]]
[[29, 7], [29, 8], [28, 9], [27, 8], [26, 7], [25, 7], [24, 6], [23, 5], [22, 4], [21, 4]]
[[29, 7], [28, 6], [27, 5], [26, 6], [25, 7], [25, 6], [24, 6], [23, 7], [24, 6], [24, 5], [23, 5], [22, 6], [21, 5], [22, 4], [21, 4]]
[[29, 7], [28, 8], [28, 9], [28, 10], [27, 9], [27, 8], [27, 7], [28, 7], [27, 6], [26, 6], [27, 5], [28, 5], [29, 4], [29, 5], [28, 4], [28, 3], [27, 2], [26, 3], [25, 4], [24, 5], [24, 4], [25, 3], [26, 2], [26, 1], [25, 0], [24, 1], [25, 1], [24, 2], [23, 2], [22, 2], [23, 1], [22, 0], [22, 1], [21, 2], [21, 1], [21, 0], [20, 1], [20, 0], [19, 1], [18, 1], [17, 0], [16, 0], [15, 0], [14, 0], [15, 1], [15, 2], [16, 2], [17, 1], [18, 0], [18, 1], [19, 1], [18, 1], [18, 2], [18, 3], [17, 4], [16, 4], [15, 5], [14, 5], [13, 5], [13, 6], [14, 5], [15, 4], [16, 5], [17, 4], [18, 4], [19, 3], [20, 3], [21, 4]]
[[29, 7], [28, 8], [27, 9], [26, 10], [27, 11], [26, 11], [25, 11], [24, 12], [23, 12], [22, 13], [21, 13], [22, 12], [21, 11], [21, 12], [22, 11], [23, 11], [24, 10], [25, 9], [25, 8], [25, 9], [26, 8], [27, 7], [26, 7], [25, 6], [26, 6], [26, 5], [27, 5], [28, 4], [28, 5], [27, 6], [28, 6], [29, 5], [29, 4], [28, 3], [29, 2], [28, 1], [27, 1], [28, 2], [27, 3], [27, 2], [26, 1], [27, 0], [26, 0], [25, 0], [25, 1], [26, 2], [25, 3], [26, 3], [26, 4], [25, 5], [25, 4], [24, 5], [23, 5], [23, 6], [22, 7], [22, 8], [21, 7], [21, 8], [21, 9], [20, 10], [21, 11], [21, 12], [21, 13], [20, 13], [19, 12], [20, 12], [19, 13], [18, 14], [17, 13], [16, 13], [16, 12], [17, 12], [18, 11], [17, 10], [18, 9], [18, 8], [17, 7], [18, 6], [19, 5], [20, 5], [19, 4], [20, 3], [21, 2], [21, 3], [21, 4]]
