[[26, 15], [25, 16], [24, 16], [23, 16], [22, 17], [21, 18], [20, 17], [19, 17], [18, 17], [17, 17], [16, 18], [15, 19], [14, 18], [13, 18], [12, 18], [11, 19], [10, 19], [9, 19], [8, 18], [7, 19]]
[[26, 15], [25, 16], [24, 17], [23, 17], [22, 17], [21, 17], [20, 18], [19, 18], [18, 17], [17, 17], [16, 17], [15, 17], [14, 18], [13, 18], [12, 18], [11, 18], [10, 18], [9, 17], [8, 18], [7, 19]]
[[26, 15], [25, 15], [24, 16], [23, 17], [22, 16], [21, 17], [20, 18], [19, 17], [18, 18], [17, 17], [16, 18], [15, 19], [14, 18], [13, 18], [12, 17], [11, 17], [10, 17], [9, 18], [8, 19], [7, 19]]
[[26, 15], [25, 16], [24, 17], [23, 18], [22, 19], [21, 19], [20, 18], [19, 19], [18, 18], [17, 18], [16, 19], [15, 19], [14, 18], [13, 18], [12, 17], [11, 18], [10, 17], [9, 18], [8, 19], [7, 19]]
[[26, 15], [25, 16], [24, 16], [23, 16], [22, 17], [21, 18], [20, 17], [19, 17], [18, 17], [17, 17], [16, 18], [15, 19], [14, 18], [13, 18], [12, 18], [11, 19], [10, 19], [9, 19], [8, 18], [7, 19]]
[[26, 15], [25, 16], [24, 17], [23, 18], [22, 19], [21, 18], [20, 18], [19, 17], [18, 18], [17, 19], [16, 18], [15, 17], [14, 18], [13, 19], [12, 19], [11, 19], [10, 18], [9, 17], [8, 18], [7, 19]]
[[26, 15], [25, 15], [24, 16], [23, 17], [22, 16], [21, 17], [20, 18], [19, 17], [18, 18], [17, 17], [16, 18], [15, 19], [14, 18], [13, 18], [12, 17], [11, 17], [10, 17], [9, 18], [8, 19], [7, 19]]
[[26, 15], [25, 16], [24, 16], [23, 16], [22, 16], [21, 17], [20, 17], [19, 18], [18, 17], [17, 18], [16, 19], [15, 19], [14, 19], [13, 19], [12, 18], [11, 18], [10, 17], [9, 18], [8, 19], [7, 19]]
[[26, 15], [25, 16], [24, 16], [23, 16], [22, 17], [21, 16], [20, 17], [19, 18], [18, 18], [17, 17], [16, 16], [15, 17], [14, 18], [13, 19], [12, 19], [11, 19], [10, 19], [9, 18], [8, 18], [7, 19]]
[[26, 15], [25, 16], [24, 16], [23, 16], [22, 16], [21, 17], [20, 17], [19, 16], [18, 16], [17, 17], [16, 18], [15, 19], [14, 19], [13, 18], [12, 18], [11, 17], [10, 17], [9, 18], [8, 19], [7, 19]]
[[26, 15], [25, 16], [24, 17], [23, 17], [22, 16], [21, 17], [20, 17], [19, 16], [18, 17], [17, 18], [16, 19], [15, 18], [14, 17], [13, 18], [12, 19], [11, 18], [10, 19], [9, 19], [8, 19], [7, 19]]
[[26, 15], [25, 14], [24, 15], [23, 16], [22, 17], [21, 17], [20, 18], [19, 18], [18, 19], [17, 19], [16, 18], [15, 17], [14, 17], [13, 18], [12, 19], [11, 18], [10, 18], [9, 18], [8, 18], [7, 19]]
[[26, 15], [25, 14], [24, 15], [23, 16], [22, 16], [21, 17], [20, 17], [19, 17], [18, 16], [17, 16], [16, 16], [15, 16], [14, 17], [13, 16], [12, 16], [11, 17], [10, 18], [9, 17], [8, 18], [7, 19]]
[[26, 15], [25, 16], [24, 17], [23, 16], [22, 17], [21, 18], [20, 17], [19, 18], [18, 17], [17, 17], [16, 16], [15, 17], [14, 18], [13, 18], [12, 19], [11, 19], [10, 18], [9, 18], [8, 19], [7, 19]]
[[26, 15], [25, 15], [24, 16], [23, 16], [22, 17], [21, 18], [20, 17], [19, 18], [18, 18], [17, 18], [16, 18], [15, 17], [14, 18], [13, 18], [12, 17], [11, 16], [10, 17], [9, 18], [8, 18], [7, 19]]
[[26, 15], [25, 16], [24, 15], [23, 16], [22, 16], [21, 15], [20, 15], [19, 16], [18, 17], [17, 17], [16, 16], [15, 17], [14, 17], [13, 18], [12, 18], [11, 19], [10, 18], [9, 19], [8, 19], [7, 19]]
[[26, 15], [25, 16], [24, 17], [23, 17], [22, 17], [21, 16], [20, 15], [19, 15], [18, 16], [17, 17], [16, 18], [15, 18], [14, 17], [13, 18], [12, 17], [11, 17], [10, 17], [9, 18], [8, 18], [7, 18], [7, 19]]
[[26, 15], [25, 15], [24, 14], [25, 14], [24, 13], [24, 14], [23, 15], [22, 15], [21, 16], [20, 17], [19, 16], [19, 15], [20, 14], [19, 14], [18, 15], [17, 15], [16, 16], [15, 16], [14, 17], [15, 16], [14, 17], [13, 16], [12, 17], [11, 17], [10, 17], [9, 17], [8, 17], [7, 18], [7, 19]]
[[26, 15], [27, 15], [26, 14], [25, 13], [24, 13], [25, 14], [25, 15], [24, 15], [23, 16], [22, 17], [21, 16], [20, 15], [19, 14], [18, 15], [17, 15], [16, 14], [15, 15], [16, 16], [15, 16], [14, 16], [15, 17], [16, 18], [16, 17], [17, 16], [16, 15], [15, 14], [14, 15], [13, 14], [12, 13], [11, 14], [10, 13], [9, 14], [8, 15], [9, 16], [8, 17], [7, 17], [8, 18], [7, 19]]
[[26, 15], [27, 14], [26, 13], [26, 14], [25, 15], [24, 14], [25, 14], [24, 15], [25, 16], [24, 16], [25, 17], [26, 17], [26, 18], [26, 19], [25, 19], [25, 18], [24, 19], [23, 18], [23, 17], [24, 17], [23, 16], [22, 17], [21, 17], [22, 16], [23, 15], [22, 14], [21, 15], [22, 15], [21, 14], [22, 13], [23, 13], [22, 12], [23, 11], [24, 11], [25, 11], [24, 12], [25, 13], [24, 13], [23, 12], [22, 11], [23, 10], [23, 9], [24, 8], [23, 8], [22, 8], [21, 8], [20, 9], [21, 10], [20, 11], [21, 12], [20, 12], [19, 13], [18, 12], [17, 13], [16, 12], [15, 13], [14, 12], [14, 13], [13, 13], [12, 12], [12, 11], [12, 10], [13, 10], [13, 9], [14, 8], [14, 9], [15, 8], [16, 7], [15, 7], [16, 8], [17, 7], [18, 8], [17, 9], [17, 10], [18, 9], [19, 10], [18, 11], [19, 12], [18, 13], [17, 12], [16, 13], [15, 12], [14, 11], [15, 10], [14, 10], [13, 11], [13, 12], [12, 13], [12, 14], [11, 14], [10, 14], [10, 15], [9, 16], [9, 15], [8, 14], [7, 14], [6, 15], [6, 16], [5, 15], [5, 16], [6, 17], [7, 17], [8, 16], [7, 16], [6, 16], [5, 16], [4, 17], [4, 18], [4, 19], [5, 18], [6, 17], [7, 18], [8, 18], [7, 17], [6, 18], [6, 19], [7, 19]]
