[[2, 8], [3, 9], [4, 8], [5, 9], [6, 10], [7, 9], [8, 10], [9, 10], [10, 11], [11, 12], [12, 11], [13, 11], [14, 12], [15, 11], [16, 12], [17, 12]]
[[2, 8], [3, 9], [4, 9], [5, 10], [6, 9], [7, 10], [8, 10], [9, 11], [10, 10], [11, 9], [12, 10], [13, 11], [14, 12], [15, 13], [16, 13], [17, 12]]
[[2, 8], [3, 9], [4, 9], [5, 10], [6, 9], [7, 9], [8, 10], [9, 9], [10, 8], [11, 9], [12, 10], [13, 11], [14, 12], [15, 13], [16, 12], [17, 12]]
[[2, 8], [3, 8], [4, 8], [5, 8], [6, 8], [7, 9], [8, 9], [9, 9], [10, 10], [11, 10], [12, 11], [13, 12], [14, 12], [15, 12], [16, 11], [17, 12]]
[[2, 8], [3, 9], [4, 9], [5, 8], [6, 8], [7, 8], [8, 9], [9, 9], [10, 9], [11, 10], [12, 11], [13, 11], [14, 11], [15, 10], [16, 11], [17, 12]]
[[2, 8], [3, 8], [4, 9], [5, 8], [6, 9], [7, 9], [8, 8], [9, 9], [10, 9], [11, 8], [12, 9], [13, 10], [14, 11], [15, 11], [16, 11], [17, 12]]
[[2, 8], [3, 8], [4, 9], [5, 9], [6, 9], [7, 10], [8, 11], [9, 12], [10, 11], [11, 10], [12, 11], [13, 12], [14, 12], [15, 13], [16, 13], [17, 12]]
[[2, 8], [3, 9], [4, 9], [5, 9], [6, 8], [7, 8], [8, 9], [9, 9], [10, 10], [11, 10], [12, 10], [13, 10], [14, 10], [15, 11], [16, 11], [17, 12]]
[[2, 8], [3, 9], [4, 8], [5, 9], [6, 10], [7, 9], [8, 10], [9, 10], [10, 11], [11, 12], [12, 11], [13, 11], [14, 12], [15, 11], [16, 12], [17, 12]]
[[2, 8], [3, 9], [4, 9], [5, 9], [6, 10], [7, 10], [8, 9], [7, 9], [7, 8], [8, 9], [9, 9], [9, 10], [10, 9], [11, 10], [12, 11], [13, 11], [14, 11], [15, 11], [16, 11], [17, 12]]
[[2, 8], [3, 7], [4, 8], [5, 9], [5, 8], [6, 9], [6, 10], [7, 11], [8, 10], [7, 10], [8, 9], [9, 10], [10, 10], [11, 10], [12, 10], [13, 10], [14, 10], [15, 9], [15, 10], [16, 11], [17, 12]]
[[2, 8], [3, 8], [4, 9], [4, 10], [5, 10], [5, 11], [6, 12], [7, 11], [8, 12], [8, 11], [9, 10], [9, 9], [9, 10], [10, 10], [11, 9], [12, 10], [13, 11], [14, 10], [15, 11], [16, 12], [16, 13], [17, 12]]
[[2, 8], [3, 8], [4, 7], [3, 7], [4, 6], [5, 6], [6, 5], [7, 4], [8, 5], [7, 6], [8, 7], [9, 7], [10, 8], [11, 9], [12, 10], [12, 11], [13, 10], [14, 9], [15, 10], [15, 11], [16, 11], [17, 12]]
[[2, 8], [2, 7], [2, 6], [1, 6], [2, 7], [3, 7], [4, 7], [4, 6], [5, 6], [6, 5], [7, 6], [8, 5], [9, 6], [9, 7], [10, 6], [11, 7], [10, 8], [11, 8], [12, 8], [13, 7], [13, 8], [14, 9], [15, 10], [16, 10], [15, 10], [16, 11], [15, 11], [16, 12], [17, 12]]
[[2, 8], [1, 7], [2, 6], [3, 7], [4, 6], [5, 7], [4, 8], [4, 7], [5, 6], [5, 5], [6, 6], [7, 6], [8, 7], [9, 6], [9, 7], [9, 8], [10, 7], [11, 6], [11, 7], [12, 7], [13, 7], [14, 8], [14, 9], [15, 10], [16, 10], [15, 11], [16, 11], [16, 10], [15, 11], [14, 10], [13, 9], [13, 10], [12, 11], [11, 12], [12, 13], [13, 12], [14, 13], [13, 14], [13, 13], [14, 12], [13, 11], [14, 11], [15, 12], [16, 11], [17, 11], [16, 12], [17, 12]]
[[2, 8], [2, 7], [1, 8], [2, 9], [3, 9], [4, 9], [5, 10], [6, 11], [5, 10], [6, 11], [6, 12], [7, 11], [6, 10], [7, 10], [8, 11], [9, 10], [10, 9], [9, 8], [9, 9], [10, 9], [11, 10], [12, 9], [13, 10], [14, 9], [15, 10], [15, 11], [16, 10], [16, 9], [17, 8], [17, 9], [18, 9], [18, 10], [18, 11], [19, 12], [19, 13], [19, 12], [19, 11], [20, 10], [19, 11], [19, 12], [18, 12], [18, 13], [18, 14], [17, 15], [17, 16], [18, 15], [17, 14], [18, 13], [17, 12]]
