[[22, 19], [21, 18], [20, 17], [19, 17], [18, 18], [17, 17], [16, 17], [15, 17], [14, 16], [13, 16]]
[[22, 19], [21, 18], [20, 18], [19, 17], [18, 18], [17, 17], [16, 17], [15, 17], [14, 16], [13, 16]]
[[22, 19], [21, 18], [20, 17], [19, 18], [18, 17], [17, 18], [16, 17], [15, 16], [14, 15], [13, 16]]
[[22, 19], [21, 19], [20, 18], [19, 17], [18, 17], [17, 18], [16, 17], [15, 17], [14, 16], [13, 16]]
[[22, 19], [21, 19], [20, 18], [19, 18], [18, 17], [17, 17], [16, 16], [15, 16], [14, 15], [13, 16]]
[[22, 19], [21, 19], [20, 19], [19, 19], [18, 18], [17, 17], [16, 18], [15, 17], [14, 16], [13, 16]]
[[22, 19], [21, 18], [20, 17], [19, 18], [18, 19], [17, 18], [16, 18], [15, 17], [14, 16], [13, 16]]
[[22, 19], [21, 19], [20, 18], [19, 19], [18, 18], [17, 17], [16, 16], [15, 15], [14, 16], [13, 16]]
[[22, 19], [21, 18], [20, 17], [19, 17], [18, 18], [17, 17], [16, 17], [15, 17], [14, 16], [13, 16]]
[[22, 19], [21, 19], [20, 18], [19, 17], [18, 16], [17, 16], [16, 17], [15, 17], [14, 16], [13, 16]]
[[22, 19], [21, 18], [21, 17], [20, 18], [19, 18], [19, 17], [18, 16], [17, 17], [16, 16], [15, 15], [14, 15], [13, 16]]
[[22, 19], [22, 18], [21, 17], [20, 17], [19, 17], [18, 18], [17, 17], [17, 16], [16, 16], [15, 15], [14, 16], [13, 16]]
[[22, 19], [21, 18], [20, 19], [19, 19], [18, 18], [17, 18], [18, 17], [17, 16], [16, 16], [15, 15], [14, 15], [13, 16]]
[[22, 19], [22, 18], [21, 19], [20, 19], [20, 18], [19, 18], [19, 17], [19, 16], [18, 17], [17, 16], [18, 17], [17, 17], [16, 18], [15, 17], [15, 18], [14, 18], [13, 17], [13, 16]]
[[22, 19], [21, 18], [22, 17], [22, 18], [21, 17], [21, 16], [22, 15], [21, 14], [21, 15], [21, 14], [20, 14], [20, 13], [19, 14], [18, 13], [17, 14], [16, 14], [15, 15], [15, 16], [14, 15], [14, 14], [13, 13], [13, 12], [13, 13], [12, 14], [13, 15], [13, 16]]
[[22, 19], [23, 19], [23, 18], [22, 18], [23, 18], [24, 17], [23, 16], [24, 15], [23, 14], [24, 14], [25, 15], [25, 16], [26, 15], [27, 15], [28, 15], [27, 16], [27, 17], [26, 17], [25, 18], [26, 19], [26, 18], [25, 17], [24, 16], [23, 15], [22, 15], [21, 15], [21, 14], [20, 15], [20, 14], [19, 15], [20, 16], [19, 16], [18, 15], [17, 15], [16, 14], [17, 14], [18, 13], [18, 12], [18, 11], [19, 11], [20, 11], [19, 10], [19, 9], [19, 8], [18, 8], [18, 9], [17, 8], [17, 9], [16, 9], [15, 10], [14, 9], [13, 10], [12, 11], [11, 12], [11, 13], [10, 14], [9, 15], [8, 16], [8, 15], [9, 14], [8, 14], [7, 14], [8, 13], [9, 12], [8, 11], [8, 12], [9, 11], [10, 10], [11, 10], [12, 9], [11, 8], [10, 9], [9, 10], [10, 11], [11, 12], [12, 13], [11, 13], [10, 14], [9, 15], [8, 16], [9, 17], [9, 18], [10, 19], [11, 19], [12, 18], [12, 17], [13, 16]]
[[22, 19], [21, 18], [20, 18], [21, 17], [20, 16], [19, 15], [20, 14], [21, 13], [22, 12], [23, 11], [22, 10], [21, 9], [20, 8], [20, 7], [19, 8], [18, 8], [17, 9], [18, 9], [18, 10], [19, 10], [19, 9], [20, 9], [21, 8], [22, 8], [23, 9], [24, 10], [25, 10], [24, 11], [23, 12], [23, 13], [24, 13], [24, 12], [25, 13], [26, 13], [26, 14], [27, 14], [26, 15], [25, 14], [25, 15], [25, 16], [24, 16], [25, 17], [25, 18], [24, 19], [25, 19], [26, 18], [26, 19], [27, 18], [27, 17], [28, 18], [29, 18], [28, 17], [29, 16], [29, 15], [28, 14], [29, 13], [29, 12], [28, 11], [29, 11], [28, 10], [27, 10], [28, 9], [29, 9], [28, 8], [29, 7], [28, 7], [27, 7], [28, 6], [29, 6], [28, 5], [29, 4], [29, 5], [28, 4], [28, 3], [27, 4], [26, 3], [25, 2], [25, 3], [24, 4], [24, 5], [24, 6], [23, 7], [22, 7], [21, 8], [20, 7], [20, 8], [21, 9], [20, 9], [19, 9], [18, 10], [17, 9], [18, 8], [17, 8], [18, 9], [19, 10], [20, 11], [21, 11], [22, 12], [21, 12], [21, 13], [22, 13], [23, 12], [23, 13], [23, 14], [22, 15], [21, 16], [20, 15], [21, 14], [21, 15], [20, 16], [21, 17], [20, 17], [20, 18], [21, 19], [22, 18], [21, 18], [20, 19], [19, 18], [18, 17], [18, 16], [19, 16], [19, 17], [18, 18], [17, 18], [16, 19], [17, 19], [16, 18], [17, 17], [16, 17], [15, 17], [15, 18], [14, 18], [14, 19], [13, 18], [12, 19], [13, 19], [12, 18], [13, 17], [14, 16], [13, 15], [12, 16], [13, 16]]
