[[10, 15], [11, 16], [12, 15], [13, 14], [14, 13], [15, 12], [15, 11], [16, 10], [16, 9], [16, 8], [17, 7], [16, 6], [17, 5], [16, 4], [17, 3]]
[[10, 15], [11, 15], [12, 15], [13, 14], [14, 13], [15, 12], [16, 11], [16, 10], [16, 9], [16, 8], [17, 7], [18, 6], [19, 5], [18, 4], [17, 3]]
[[10, 15], [11, 15], [12, 15], [13, 14], [14, 13], [15, 12], [16, 11], [17, 10], [18, 9], [18, 8], [19, 7], [18, 6], [18, 5], [18, 4], [17, 3]]
[[10, 15], [11, 15], [12, 15], [13, 14], [14, 13], [15, 12], [14, 11], [14, 10], [14, 9], [14, 8], [15, 7], [16, 6], [17, 5], [17, 4], [17, 3]]
[[10, 15], [11, 16], [12, 15], [13, 14], [14, 13], [15, 12], [15, 11], [16, 10], [16, 9], [16, 8], [17, 7], [16, 6], [17, 5], [16, 4], [17, 3]]
[[10, 15], [11, 15], [12, 15], [13, 14], [14, 13], [15, 12], [16, 11], [17, 10], [16, 9], [16, 8], [17, 7], [18, 6], [18, 5], [17, 4], [17, 3]]
[[10, 15], [11, 16], [12, 15], [13, 14], [14, 13], [15, 12], [15, 11], [16, 10], [17, 9], [16, 8], [17, 7], [18, 6], [19, 5], [18, 4], [17, 3]]
[[10, 15], [11, 15], [12, 15], [13, 14], [14, 13], [15, 12], [16, 11], [17, 10], [18, 9], [19, 8], [19, 7], [18, 6], [17, 5], [16, 4], [17, 3]]
[[10, 15], [11, 16], [12, 15], [13, 14], [14, 13], [15, 12], [15, 11], [16, 10], [17, 9], [16, 8], [16, 7], [16, 6], [16, 5], [17, 4], [17, 3]]
[[10, 15], [11, 15], [12, 15], [13, 14], [14, 13], [15, 12], [16, 11], [17, 10], [16, 9], [15, 8], [16, 7], [16, 6], [17, 5], [17, 4], [17, 3]]
[[10, 15], [11, 16], [12, 15], [13, 14], [14, 13], [15, 12], [16, 11], [17, 10], [18, 9], [19, 8], [18, 7], [17, 6], [16, 5], [17, 4], [17, 3]]
[[10, 15], [11, 15], [12, 15], [13, 14], [14, 13], [15, 12], [16, 11], [16, 10], [17, 9], [17, 8], [18, 7], [17, 6], [16, 5], [16, 4], [17, 3]]
[[10, 15], [11, 15], [12, 15], [13, 14], [14, 13], [15, 12], [16, 11], [17, 10], [18, 9], [19, 8], [19, 7], [19, 6], [18, 5], [17, 4], [17, 3]]
[[10, 15], [11, 16], [12, 15], [13, 14], [14, 13], [15, 12], [16, 11], [17, 10], [18, 9], [17, 8], [18, 7], [17, 6], [17, 5], [17, 4], [17, 3]]
[[10, 15], [11, 16], [12, 15], [13, 14], [14, 13], [15, 12], [16, 11], [16, 10], [16, 9], [17, 8], [17, 7], [17, 6], [17, 5], [18, 4], [17, 3]]
[[10, 15], [11, 15], [12, 15], [13, 14], [14, 13], [15, 12], [16, 11], [17, 10], [18, 9], [18, 8], [17, 7], [18, 6], [19, 5], [18, 4], [17, 3]]
[[10, 15], [11, 16], [12, 15], [13, 14], [14, 13], [15, 12], [15, 11], [16, 10], [17, 9], [18, 9], [19, 8], [19, 7], [18, 6], [18, 5], [17, 4], [17, 3]]
[[10, 15], [11, 15], [12, 15], [13, 14], [14, 14], [14, 13], [15, 12], [16, 11], [16, 10], [17, 10], [18, 9], [18, 8], [18, 7], [17, 6], [17, 5], [18, 4], [17, 3]]
[[10, 15], [11, 16], [12, 15], [13, 14], [14, 13], [15, 12], [16, 13], [17, 12], [18, 11], [19, 10], [19, 9], [18, 8], [17, 7], [18, 6], [17, 5], [16, 4], [17, 3]]
[[10, 15], [11, 15], [12, 16], [12, 15], [13, 14], [14, 13], [15, 14], [16, 13], [17, 12], [16, 11], [17, 10], [18, 9], [18, 8], [17, 7], [16, 6], [16, 5], [17, 4], [17, 3]]
