[[19, 5], [18, 6], [18, 7], [19, 8], [20, 9], [21, 10], [22, 11], [23, 12], [24, 13], [25, 14], [26, 15]]
[[19, 5], [19, 6], [20, 7], [21, 8], [20, 9], [21, 10], [22, 11], [23, 12], [24, 13], [25, 14], [26, 15]]
[[19, 5], [20, 6], [20, 7], [21, 8], [20, 9], [21, 10], [22, 11], [23, 12], [24, 13], [25, 14], [26, 15]]
[[19, 5], [19, 6], [20, 7], [19, 8], [20, 9], [21, 10], [22, 11], [23, 12], [24, 13], [25, 14], [26, 15]]
[[19, 5], [19, 6], [20, 7], [21, 8], [22, 9], [23, 10], [24, 11], [25, 12], [26, 13], [27, 14], [26, 15]]
[[19, 5], [18, 6], [18, 7], [19, 8], [20, 9], [21, 10], [22, 11], [23, 12], [24, 13], [25, 14], [26, 15]]
[[19, 5], [19, 6], [20, 7], [21, 8], [22, 9], [23, 10], [24, 11], [25, 12], [26, 13], [27, 14], [26, 15]]
[[19, 5], [19, 6], [20, 7], [21, 8], [22, 9], [23, 10], [23, 11], [24, 12], [24, 13], [25, 14], [26, 15]]
[[19, 5], [19, 6], [18, 7], [19, 8], [20, 9], [21, 10], [22, 11], [23, 12], [24, 13], [25, 14], [26, 15]]
[[19, 5], [19, 6], [20, 7], [21, 8], [20, 9], [21, 10], [22, 11], [23, 12], [24, 13], [25, 14], [26, 15]]
[[19, 5], [19, 6], [20, 7], [20, 8], [20, 9], [21, 10], [22, 11], [22, 12], [23, 13], [24, 14], [25, 15], [26, 15]]
[[19, 5], [18, 6], [18, 7], [19, 8], [20, 9], [21, 10], [21, 11], [22, 12], [23, 13], [24, 13], [25, 14], [26, 15]]
[[19, 5], [20, 5], [21, 6], [22, 7], [22, 8], [23, 9], [24, 9], [24, 10], [24, 11], [23, 11], [23, 12], [24, 13], [25, 14], [26, 15]]
[[19, 5], [18, 6], [18, 7], [18, 8], [19, 9], [19, 10], [20, 11], [21, 10], [22, 11], [23, 12], [24, 13], [24, 14], [25, 14], [26, 15]]
[[19, 5], [18, 4], [19, 5], [19, 6], [18, 6], [18, 7], [19, 8], [20, 9], [21, 10], [22, 11], [23, 12], [24, 13], [24, 12], [23, 12], [24, 12], [24, 13], [25, 14], [26, 15]]
[[19, 5], [20, 6], [19, 6], [20, 7], [21, 6], [22, 7], [23, 8], [23, 7], [22, 8], [23, 9], [23, 10], [24, 11], [24, 12], [24, 13], [25, 13], [24, 14], [25, 15], [26, 15]]
[[19, 5], [20, 5], [19, 6], [20, 7], [19, 8], [20, 9], [21, 10], [22, 11], [23, 12], [22, 12], [23, 13], [22, 14], [21, 15], [22, 16], [23, 17], [23, 16], [24, 15], [25, 15], [26, 16], [27, 15], [26, 15]]
[[19, 5], [20, 6], [21, 6], [21, 5], [21, 6], [22, 7], [23, 6], [23, 7], [22, 7], [23, 7], [23, 8], [22, 9], [23, 10], [23, 11], [23, 12], [24, 13], [24, 14], [24, 15], [24, 14], [23, 14], [24, 15], [25, 15], [26, 15]]
[[19, 5], [18, 6], [17, 5], [16, 5], [17, 6], [18, 7], [19, 8], [20, 9], [20, 10], [20, 11], [19, 10], [18, 11], [19, 11], [18, 12], [19, 13], [20, 13], [21, 13], [22, 12], [22, 11], [23, 11], [24, 12], [24, 11], [23, 10], [24, 9], [25, 9], [24, 10], [25, 10], [26, 10], [27, 9], [28, 9], [29, 8], [29, 7], [28, 6], [29, 6], [29, 5], [28, 4], [27, 4], [26, 5], [26, 4], [26, 3], [27, 2], [28, 2], [28, 3], [29, 4], [28, 5], [27, 5], [27, 6], [26, 7], [26, 8], [27, 7], [27, 8], [28, 8], [29, 9], [29, 10], [29, 11], [28, 11], [27, 12], [26, 11], [27, 10], [27, 11], [26, 12], [25, 11], [25, 12], [26, 13], [27, 13], [28, 12], [29, 13], [28, 13], [28, 14], [27, 15], [27, 16], [28, 17], [28, 16], [28, 15], [27, 14], [26, 15]]
[[19, 5], [20, 6], [20, 5], [20, 4], [19, 4], [18, 4], [18, 3], [18, 2], [19, 3], [20, 2], [19, 2], [20, 1], [19, 1], [20, 0], [21, 1], [22, 1], [21, 2], [21, 3], [22, 3], [23, 2], [23, 3], [23, 4], [24, 4], [24, 5], [25, 5], [26, 5], [27, 5], [27, 6], [27, 7], [28, 6], [29, 7], [29, 6], [28, 7], [29, 8], [29, 9], [28, 8], [27, 8], [26, 8], [27, 9], [26, 10], [25, 10], [25, 9], [24, 10], [23, 9], [23, 8], [22, 8], [23, 7], [22, 7], [21, 8], [20, 8], [20, 9], [19, 9], [20, 10], [21, 10], [20, 11], [21, 11], [22, 12], [22, 13], [21, 13], [20, 13], [20, 12], [21, 12], [22, 11], [23, 11], [24, 11], [23, 12], [24, 13], [25, 12], [26, 11], [25, 10], [26, 10], [27, 10], [28, 11], [29, 12], [28, 13], [28, 12], [29, 11], [29, 10], [28, 9], [27, 8], [26, 7], [27, 6], [28, 5], [28, 4], [29, 3], [28, 3], [27, 4], [26, 3], [27, 2], [28, 1], [27, 1], [26, 1], [26, 2], [25, 2], [25, 1], [24, 0], [23, 0], [24, 1], [23, 2], [22, 2], [22, 3], [23, 3], [24, 2], [24, 3], [25, 3], [24, 4], [25, 5], [25, 6], [24, 6], [25, 7], [26, 8], [25, 8], [24, 9], [24, 8], [23, 8], [22, 7], [23, 7], [22, 8], [23, 9], [22, 9], [23, 10], [24, 10], [25, 11], [24, 12], [23, 13], [24, 14], [24, 15], [24, 16], [25, 15], [26, 15]]
