[[24, 15], [23, 14], [22, 13], [21, 13], [20, 13], [19, 12]]
[[24, 15], [23, 14], [22, 14], [21, 14], [20, 13], [19, 12]]
[[24, 15], [23, 14], [22, 13], [21, 12], [20, 11], [19, 12]]
[[24, 15], [23, 14], [22, 13], [21, 13], [20, 13], [19, 12]]
[[24, 15], [23, 15], [22, 14], [21, 13], [20, 13], [19, 12]]
[[24, 15], [23, 15], [22, 14], [21, 13], [20, 13], [19, 12]]
[[24, 15], [23, 15], [22, 14], [21, 13], [20, 13], [19, 12]]
[[24, 15], [23, 14], [22, 13], [21, 13], [20, 13], [19, 12]]
[[24, 15], [23, 14], [22, 13], [22, 14], [21, 13], [20, 12], [19, 12]]
[[24, 15], [25, 14], [24, 13], [24, 12], [23, 13], [22, 13], [21, 12], [20, 11], [19, 10], [19, 11], [19, 12]]
