[[23, 18], [23, 17], [24, 16], [23, 15], [22, 14], [22, 13], [21, 12], [20, 11]]
[[23, 18], [22, 17], [21, 16], [20, 15], [19, 14], [19, 13], [19, 12], [20, 11]]
[[23, 18], [22, 17], [21, 16], [20, 15], [19, 14], [20, 13], [19, 12], [20, 11]]
[[23, 18], [22, 17], [22, 16], [21, 15], [20, 14], [19, 13], [19, 12], [20, 11]]
[[23, 18], [24, 17], [23, 16], [22, 15], [21, 14], [22, 13], [21, 12], [20, 11]]
[[23, 18], [24, 17], [23, 16], [22, 15], [21, 14], [20, 13], [21, 12], [20, 11]]
[[23, 18], [23, 17], [23, 16], [23, 15], [23, 14], [22, 13], [21, 12], [20, 11]]
[[23, 18], [23, 17], [23, 16], [23, 15], [23, 14], [22, 13], [21, 12], [20, 11]]
[[23, 18], [22, 17], [21, 16], [22, 15], [22, 14], [22, 13], [21, 12], [20, 11]]
[[23, 18], [23, 17], [22, 16], [22, 15], [21, 14], [20, 13], [21, 12], [20, 11]]
[[23, 18], [23, 17], [24, 16], [23, 15], [22, 14], [22, 13], [21, 12], [20, 11]]
[[23, 18], [22, 17], [22, 16], [22, 15], [21, 14], [20, 13], [21, 12], [20, 11]]
[[23, 18], [22, 17], [22, 16], [22, 15], [22, 14], [22, 13], [21, 12], [20, 13], [21, 12], [20, 11]]
[[23, 18], [24, 17], [24, 16], [23, 15], [24, 14], [23, 13], [23, 12], [22, 11], [21, 10], [20, 11]]
[[23, 18], [22, 17], [22, 16], [23, 17], [24, 16], [25, 15], [24, 14], [23, 13], [22, 12], [21, 11], [21, 10], [20, 11]]
[[23, 18], [24, 19], [25, 19], [26, 18], [26, 19], [26, 18], [27, 18], [28, 18], [29, 19], [28, 18], [28, 17], [29, 17], [28, 16], [27, 17], [26, 18], [26, 17], [26, 16], [27, 15], [28, 14], [29, 13], [28, 12], [27, 12], [26, 11], [25, 10], [25, 11], [24, 12], [23, 13], [22, 12], [23, 12], [23, 13], [22, 14], [21, 15], [20, 14], [20, 15], [21, 14], [22, 13], [21, 12], [21, 11], [22, 10], [23, 10], [22, 9], [21, 9], [20, 9], [20, 8], [19, 7], [18, 8], [19, 9], [20, 10], [19, 10], [20, 11]]
[[23, 18], [22, 17], [21, 16], [20, 16], [21, 15], [21, 14], [22, 15], [22, 14], [23, 13], [24, 12], [25, 13], [24, 14], [23, 14], [22, 13], [21, 12], [22, 13], [21, 14], [22, 14], [23, 14], [24, 15], [24, 14], [25, 15], [26, 15], [26, 14], [27, 13], [28, 12], [29, 11], [29, 10], [28, 9], [28, 8], [28, 7], [29, 6], [29, 5], [28, 6], [27, 7], [26, 8], [26, 7], [26, 6], [25, 5], [24, 5], [23, 6], [22, 7], [21, 7], [20, 8], [19, 8], [18, 8], [18, 9], [17, 8], [16, 8], [15, 9], [16, 9], [16, 10], [17, 11], [18, 10], [18, 11], [17, 12], [16, 13], [17, 13], [16, 14], [16, 15], [17, 14], [18, 14], [18, 13], [19, 12], [20, 11]]
