[[19, 4], [20, 5], [21, 6], [20, 7], [21, 8], [20, 9], [21, 10], [22, 11], [23, 12], [23, 13], [23, 14], [22, 15], [23, 16], [22, 17], [22, 18], [21, 19]]
[[19, 4], [19, 5], [20, 6], [19, 7], [20, 8], [20, 9], [21, 10], [22, 11], [23, 12], [23, 13], [23, 14], [22, 15], [22, 16], [21, 17], [20, 18], [21, 19]]
[[19, 4], [20, 5], [21, 6], [20, 7], [21, 8], [21, 9], [22, 10], [22, 11], [21, 12], [21, 13], [20, 14], [21, 15], [22, 16], [21, 17], [21, 18], [21, 19]]
[[19, 4], [20, 5], [20, 6], [20, 7], [20, 8], [21, 9], [21, 10], [21, 11], [21, 12], [20, 13], [19, 14], [19, 15], [19, 16], [20, 17], [21, 18], [21, 19]]
[[19, 4], [20, 5], [20, 6], [21, 7], [21, 8], [21, 9], [22, 10], [21, 11], [22, 12], [21, 13], [22, 14], [21, 15], [21, 16], [21, 17], [20, 18], [21, 19]]
[[19, 4], [20, 5], [21, 6], [20, 7], [21, 8], [20, 9], [21, 10], [22, 11], [23, 12], [23, 13], [23, 14], [22, 15], [23, 16], [22, 17], [22, 18], [21, 19]]
[[19, 4], [20, 5], [21, 6], [21, 7], [22, 8], [23, 9], [22, 10], [21, 11], [20, 12], [21, 13], [20, 14], [21, 15], [21, 16], [22, 17], [21, 18], [21, 19]]
[[19, 4], [19, 5], [20, 6], [21, 7], [21, 8], [22, 9], [22, 10], [22, 11], [21, 12], [20, 13], [19, 14], [19, 15], [19, 16], [20, 17], [20, 18], [21, 19]]
[[19, 4], [19, 5], [20, 6], [20, 7], [19, 8], [20, 9], [21, 10], [22, 11], [21, 12], [21, 13], [22, 14], [22, 15], [22, 16], [22, 17], [22, 18], [21, 19]]
[[19, 4], [20, 5], [20, 6], [20, 7], [21, 8], [22, 9], [21, 10], [21, 11], [20, 12], [19, 13], [20, 14], [20, 15], [19, 16], [19, 17], [20, 18], [21, 19]]
[[19, 4], [19, 5], [20, 6], [20, 7], [21, 8], [21, 9], [22, 10], [22, 11], [21, 12], [21, 13], [20, 14], [21, 15], [22, 16], [21, 17], [21, 18], [21, 19]]
[[19, 4], [19, 5], [20, 6], [21, 7], [22, 8], [23, 9], [23, 10], [22, 11], [22, 12], [21, 13], [22, 14], [23, 15], [22, 16], [21, 17], [22, 18], [21, 19]]
[[19, 4], [20, 5], [20, 6], [21, 7], [22, 8], [21, 9], [22, 10], [22, 11], [21, 12], [21, 13], [20, 14], [21, 15], [21, 16], [20, 17], [20, 18], [21, 19]]
[[19, 4], [20, 5], [20, 6], [19, 7], [20, 8], [21, 9], [21, 10], [22, 11], [21, 12], [21, 13], [20, 14], [20, 15], [19, 16], [20, 17], [20, 18], [21, 19]]
[[19, 4], [20, 5], [21, 6], [21, 7], [22, 8], [21, 9], [20, 10], [21, 11], [22, 12], [21, 13], [22, 14], [22, 15], [21, 16], [22, 16], [21, 17], [22, 18], [21, 19]]
[[19, 4], [20, 5], [20, 6], [19, 7], [20, 8], [21, 9], [21, 10], [22, 11], [22, 12], [23, 13], [22, 13], [23, 14], [22, 15], [21, 16], [20, 17], [21, 17], [21, 18], [21, 19]]
[[19, 4], [20, 5], [21, 6], [21, 7], [22, 8], [21, 9], [22, 10], [22, 11], [21, 11], [21, 12], [20, 13], [19, 14], [20, 14], [19, 15], [19, 16], [19, 17], [20, 18], [21, 19]]
[[19, 4], [20, 5], [21, 6], [21, 7], [22, 8], [21, 9], [22, 10], [22, 11], [21, 11], [21, 12], [20, 13], [19, 14], [19, 15], [19, 16], [20, 17], [19, 17], [20, 18], [21, 19]]
[[19, 4], [20, 5], [20, 6], [21, 6], [20, 7], [20, 8], [21, 7], [22, 8], [23, 9], [22, 8], [23, 9], [24, 9], [23, 10], [24, 11], [25, 12], [24, 13], [23, 13], [22, 14], [21, 13], [20, 12], [20, 13], [19, 14], [20, 15], [19, 16], [20, 17], [21, 18], [22, 19], [21, 19]]
[[19, 4], [18, 4], [19, 5], [20, 5], [21, 6], [20, 7], [20, 8], [21, 9], [22, 10], [22, 9], [22, 10], [23, 11], [23, 10], [24, 11], [24, 12], [23, 13], [22, 13], [22, 12], [21, 13], [20, 14], [19, 14], [18, 14], [19, 15], [18, 15], [19, 15], [20, 15], [21, 16], [21, 17], [20, 18], [19, 19], [20, 18], [21, 18], [21, 19]]
