[[13, 4], [13, 5], [14, 6], [15, 7], [15, 8], [15, 9], [16, 10], [17, 11], [18, 12], [18, 13]]
[[13, 4], [14, 5], [15, 6], [16, 7], [15, 8], [16, 9], [16, 10], [16, 11], [17, 12], [18, 13]]
[[13, 4], [13, 5], [14, 6], [14, 7], [14, 8], [14, 9], [15, 10], [16, 11], [17, 12], [18, 13]]
[[13, 4], [13, 5], [14, 6], [15, 7], [15, 8], [15, 9], [16, 10], [17, 11], [18, 12], [18, 13]]
[[13, 4], [13, 5], [14, 6], [15, 7], [15, 8], [15, 9], [16, 10], [17, 11], [18, 12], [18, 13]]
[[13, 4], [14, 5], [14, 6], [14, 7], [14, 8], [15, 9], [16, 10], [17, 11], [18, 12], [18, 13]]
[[13, 4], [14, 5], [14, 6], [15, 7], [15, 8], [16, 9], [16, 10], [17, 11], [17, 12], [18, 13]]
[[13, 4], [13, 5], [13, 6], [14, 7], [15, 7], [16, 8], [16, 9], [17, 9], [17, 10], [17, 11], [17, 12], [18, 13]]
[[13, 4], [14, 5], [14, 6], [15, 5], [16, 6], [17, 6], [18, 7], [19, 8], [19, 9], [20, 10], [20, 11], [19, 12], [18, 12], [18, 13]]
[[13, 4], [14, 4], [15, 5], [16, 6], [17, 7], [16, 8], [16, 9], [15, 8], [16, 9], [17, 10], [16, 11], [17, 12], [16, 12], [17, 11], [17, 12], [18, 13]]
[[13, 4], [14, 5], [15, 5], [16, 6], [17, 7], [18, 6], [19, 7], [18, 7], [19, 7], [20, 8], [20, 9], [20, 10], [20, 11], [19, 11], [18, 12], [19, 12], [18, 13]]
[[13, 4], [13, 3], [13, 4], [14, 5], [14, 6], [15, 6], [16, 6], [15, 7], [16, 6], [15, 7], [15, 8], [15, 9], [14, 8], [15, 8], [15, 9], [14, 10], [14, 11], [15, 12], [15, 13], [15, 14], [15, 15], [16, 16], [17, 15], [17, 14], [18, 13]]
[[13, 4], [14, 4], [13, 5], [12, 5], [12, 4], [11, 5], [10, 6], [11, 7], [10, 8], [10, 7], [11, 8], [10, 9], [11, 9], [10, 10], [9, 11], [8, 11], [7, 11], [8, 12], [8, 13], [9, 14], [10, 14], [9, 15], [8, 14], [7, 13], [7, 14], [7, 15], [6, 16], [7, 17], [6, 17], [5, 17], [5, 18], [6, 19], [7, 18], [7, 19], [8, 18], [8, 19], [9, 18], [10, 19], [10, 18], [11, 19], [12, 19], [12, 18], [11, 17], [11, 16], [12, 15], [12, 14], [11, 13], [11, 14], [12, 13], [12, 12], [12, 11], [13, 11], [14, 11], [14, 10], [14, 9], [15, 8], [15, 9], [16, 10], [16, 11], [17, 11], [18, 12], [18, 13]]
[[13, 4], [13, 5], [14, 5], [14, 6], [15, 5], [16, 4], [17, 3], [16, 3], [15, 4], [14, 4], [13, 3], [12, 4], [12, 3], [12, 2], [13, 1], [13, 2], [14, 1], [14, 0], [15, 1], [16, 1], [16, 2], [17, 1], [16, 0], [17, 0], [18, 1], [18, 0], [19, 0], [20, 0], [21, 1], [21, 2], [22, 2], [23, 1], [22, 1], [23, 2], [24, 3], [23, 4], [22, 3], [23, 3], [22, 4], [22, 5], [21, 5], [20, 6], [21, 6], [22, 6], [21, 7], [20, 7], [20, 8], [21, 8], [22, 7], [23, 7], [22, 8], [22, 9], [23, 8], [23, 9], [24, 9], [25, 8], [24, 8], [25, 9], [26, 8], [27, 7], [27, 6], [26, 5], [25, 5], [25, 6], [25, 7], [24, 7], [24, 6], [24, 5], [23, 5], [24, 4], [25, 4], [26, 3], [25, 2], [24, 1], [23, 0], [24, 0], [25, 0], [26, 0], [25, 1], [26, 2], [26, 1], [27, 1], [28, 0], [29, 1], [29, 2], [28, 1], [27, 2], [27, 3], [26, 4], [27, 4], [28, 3], [29, 4], [29, 5], [28, 5], [27, 5], [28, 6], [29, 7], [29, 8], [28, 9], [27, 10], [28, 10], [27, 11], [28, 12], [28, 13], [27, 13], [28, 14], [29, 15], [28, 15], [27, 16], [26, 15], [25, 16], [25, 17], [26, 18], [26, 19], [25, 19], [24, 19], [24, 18], [23, 19], [22, 19], [21, 19], [22, 18], [23, 17], [23, 16], [24, 16], [23, 15], [22, 16], [21, 17], [22, 17], [21, 18], [20, 18], [19, 17], [20, 16], [19, 15], [20, 14], [21, 14], [20, 15], [19, 14], [18, 15], [17, 16], [17, 17], [16, 16], [15, 17], [16, 18], [15, 19], [14, 18], [13, 19], [12, 19], [11, 19], [10, 19], [9, 19], [8, 18], [8, 17], [7, 16], [6, 17], [6, 18], [6, 19], [7, 18], [7, 17], [6, 16], [7, 15], [6, 14], [6, 13], [5, 13], [4, 12], [3, 11], [2, 12], [2, 13], [3, 14], [4, 13], [5, 12], [6, 12], [7, 12], [7, 13], [7, 14], [8, 14], [9, 13], [10, 13], [11, 14], [12, 13], [11, 13], [10, 12], [11, 11], [12, 11], [11, 10], [12, 9], [11, 9], [10, 9], [11, 8], [12, 7], [13, 6], [13, 5], [14, 5], [14, 6], [15, 7], [15, 8], [15, 9], [14, 9], [15, 10], [14, 10], [13, 9], [12, 8], [13, 8], [14, 7], [15, 6], [16, 7], [16, 6], [17, 5], [17, 6], [18, 6], [18, 7], [18, 8], [17, 7], [16, 8], [17, 9], [16, 9], [17, 10], [18, 9], [19, 8], [19, 7], [20, 7], [21, 7], [20, 8], [19, 9], [20, 9], [21, 8], [22, 7], [22, 6], [23, 7], [23, 8], [22, 9], [21, 10], [20, 10], [21, 11], [22, 12], [21, 13], [21, 12], [20, 11], [19, 11], [18, 12], [17, 12], [16, 13], [16, 12], [15, 11], [14, 11], [13, 11], [12, 12], [13, 13], [12, 14], [13, 14], [12, 15], [12, 16], [13, 15], [14, 15], [15, 14], [14, 14], [14, 13], [15, 12], [15, 13], [16, 14], [16, 15], [17, 15], [17, 14], [18, 14], [18, 13]]
