[[25, 10], [24, 10], [23, 9], [22, 9]]
[[25, 10], [24, 11], [23, 10], [22, 9]]
[[25, 10], [24, 9], [23, 9], [22, 9]]
[[25, 10], [24, 11], [23, 10], [22, 9]]
[[25, 10], [24, 10], [23, 9], [22, 9]]
[[25, 10], [24, 11], [23, 10], [22, 9]]
[[25, 10], [24, 10], [23, 10], [22, 9]]
[[25, 10], [24, 11], [23, 10], [22, 9]]
[[25, 10], [24, 9], [23, 10], [22, 9]]
[[25, 10], [24, 11], [23, 10], [22, 9]]
[[25, 10], [24, 11], [23, 10], [22, 9]]
[[25, 10], [24, 10], [23, 10], [22, 9]]
[[25, 10], [26, 9], [25, 9], [25, 8], [24, 8], [23, 9], [22, 9]]
[[25, 10], [24, 11], [23, 12], [22, 11], [22, 12], [23, 13], [23, 14], [23, 15], [23, 16], [24, 16], [25, 15], [26, 15], [27, 14], [28, 13], [28, 12], [27, 12], [26, 13], [25, 12], [24, 12], [24, 11], [25, 11], [26, 11], [27, 11], [27, 10], [26, 10], [26, 9], [26, 8], [27, 8], [28, 8], [28, 9], [28, 10], [29, 11], [28, 11], [29, 12], [29, 13], [28, 14], [27, 13], [26, 14], [27, 15], [28, 15], [27, 16], [27, 17], [28, 16], [28, 17], [28, 18], [29, 19], [28, 19], [27, 19], [27, 18], [26, 19], [25, 18], [25, 17], [24, 17], [23, 17], [22, 16], [21, 16], [22, 15], [22, 14], [23, 13], [23, 12], [22, 11], [21, 12], [22, 13], [21, 13], [20, 13], [19, 14], [20, 14], [20, 15], [19, 16], [19, 15], [18, 16], [18, 15], [17, 15], [16, 14], [16, 15], [17, 14], [17, 13], [18, 12], [18, 13], [19, 13], [20, 12], [21, 11], [22, 10], [23, 10], [22, 9]]
