[[21, 4], [20, 5], [19, 6], [18, 6], [17, 7], [16, 6], [15, 5], [14, 6], [13, 7], [12, 8], [11, 9], [10, 9], [9, 9], [8, 10], [7, 10], [6, 11]]
[[21, 4], [20, 5], [19, 6], [18, 5], [17, 6], [16, 7], [15, 8], [14, 9], [13, 10], [12, 11], [11, 10], [10, 9], [9, 9], [8, 9], [7, 10], [6, 11]]
[[21, 4], [20, 5], [19, 6], [18, 6], [17, 5], [16, 4], [15, 5], [14, 6], [13, 7], [12, 8], [11, 9], [10, 9], [9, 8], [8, 9], [7, 10], [6, 11]]
[[21, 4], [20, 5], [19, 6], [18, 6], [17, 5], [16, 4], [15, 5], [14, 6], [13, 6], [12, 6], [11, 7], [10, 8], [9, 8], [8, 9], [7, 10], [6, 11]]
[[21, 4], [20, 5], [19, 6], [18, 6], [17, 6], [16, 5], [15, 5], [14, 6], [13, 6], [12, 6], [11, 7], [10, 8], [9, 8], [8, 9], [7, 10], [6, 11]]
[[21, 4], [20, 5], [19, 6], [18, 5], [17, 6], [16, 7], [15, 8], [14, 8], [13, 7], [12, 8], [11, 9], [10, 9], [9, 9], [8, 10], [7, 11], [6, 11]]
[[21, 4], [20, 5], [19, 6], [18, 6], [17, 7], [16, 6], [15, 5], [14, 6], [13, 7], [12, 8], [11, 9], [10, 9], [9, 9], [8, 10], [7, 10], [6, 11]]
[[21, 4], [20, 5], [19, 6], [18, 6], [17, 5], [16, 5], [15, 6], [14, 5], [13, 5], [12, 6], [11, 7], [10, 8], [9, 9], [8, 9], [7, 10], [6, 11]]
[[21, 4], [20, 5], [19, 6], [18, 5], [17, 5], [16, 6], [15, 6], [14, 6], [13, 7], [12, 8], [11, 9], [10, 10], [9, 9], [8, 10], [7, 11], [6, 11]]
[[21, 4], [20, 5], [19, 6], [18, 6], [17, 5], [16, 5], [15, 6], [14, 7], [13, 7], [12, 8], [11, 9], [10, 8], [9, 9], [8, 10], [7, 10], [6, 11]]
[[21, 4], [20, 5], [19, 6], [18, 6], [17, 5], [16, 6], [15, 6], [14, 7], [13, 8], [12, 9], [11, 9], [10, 9], [9, 9], [8, 10], [7, 11], [6, 11]]
[[21, 4], [20, 5], [19, 6], [18, 6], [17, 6], [16, 6], [15, 6], [14, 7], [13, 6], [12, 6], [11, 7], [10, 8], [9, 9], [8, 10], [7, 10], [6, 11]]
[[21, 4], [20, 5], [19, 6], [18, 6], [17, 6], [16, 5], [15, 6], [14, 7], [13, 8], [12, 9], [11, 9], [10, 9], [9, 8], [8, 9], [7, 10], [6, 11]]
[[21, 4], [20, 5], [19, 6], [18, 6], [17, 5], [16, 5], [15, 6], [14, 7], [13, 8], [12, 8], [11, 9], [10, 8], [9, 9], [8, 9], [7, 10], [6, 11]]
[[21, 4], [20, 5], [20, 6], [19, 6], [18, 5], [17, 5], [16, 5], [15, 5], [14, 6], [13, 7], [12, 6], [11, 7], [10, 8], [9, 8], [8, 9], [7, 10], [6, 11]]
[[21, 4], [20, 5], [19, 6], [19, 7], [18, 8], [18, 9], [17, 10], [16, 11], [16, 12], [15, 13], [14, 12], [13, 11], [13, 12], [13, 11], [12, 11], [11, 11], [10, 12], [9, 12], [8, 11], [8, 10], [7, 10], [6, 11]]
[[21, 4], [20, 5], [20, 6], [19, 7], [18, 8], [18, 9], [18, 10], [17, 11], [16, 11], [15, 12], [16, 11], [15, 12], [14, 12], [13, 13], [12, 12], [11, 11], [11, 10], [10, 9], [9, 9], [8, 10], [7, 11], [6, 11]]
[[21, 4], [20, 5], [19, 6], [19, 7], [18, 8], [17, 9], [18, 8], [17, 9], [17, 10], [16, 11], [15, 12], [14, 12], [13, 12], [12, 13], [11, 13], [10, 12], [11, 11], [12, 12], [11, 11], [10, 10], [9, 9], [10, 8], [9, 9], [8, 9], [7, 10], [6, 11]]
[[21, 4], [20, 5], [21, 4], [20, 5], [19, 6], [18, 5], [17, 6], [18, 6], [17, 6], [16, 7], [15, 6], [14, 7], [13, 6], [12, 6], [11, 6], [10, 6], [9, 5], [8, 6], [7, 7], [7, 8], [6, 8], [5, 7], [4, 8], [5, 9], [4, 9], [3, 10], [4, 10], [4, 11], [3, 12], [4, 12], [5, 12], [6, 12], [5, 11], [6, 11]]
[[21, 4], [22, 5], [23, 6], [23, 7], [22, 8], [21, 7], [20, 6], [20, 7], [21, 8], [20, 9], [20, 8], [19, 7], [18, 6], [17, 5], [16, 4], [15, 5], [16, 6], [17, 7], [16, 6], [16, 5], [15, 6], [14, 6], [14, 5], [15, 6], [14, 7], [13, 8], [13, 7], [14, 7], [13, 8], [14, 8], [14, 9], [13, 9], [14, 10], [13, 11], [12, 12], [11, 12], [11, 11], [11, 12], [10, 12], [9, 11], [8, 11], [7, 11], [6, 11]]
