[[17, 10], [16, 9], [15, 9], [14, 8], [13, 7], [12, 6], [11, 5]]
[[17, 10], [16, 9], [15, 8], [14, 8], [13, 7], [12, 6], [11, 5]]
[[17, 10], [16, 9], [15, 8], [14, 8], [13, 7], [12, 6], [11, 5]]
[[17, 10], [16, 10], [15, 9], [14, 8], [13, 7], [12, 6], [11, 5]]
[[17, 10], [16, 9], [15, 8], [14, 7], [13, 6], [12, 6], [11, 5]]
[[17, 10], [16, 9], [15, 9], [14, 8], [13, 7], [12, 6], [11, 5]]
[[17, 10], [16, 9], [15, 9], [14, 8], [13, 7], [12, 6], [11, 5]]
[[17, 10], [16, 9], [15, 9], [14, 8], [13, 7], [12, 6], [11, 5]]
[[17, 10], [16, 10], [15, 9], [14, 8], [13, 7], [12, 6], [11, 5]]
[[17, 10], [16, 9], [15, 8], [14, 7], [13, 6], [12, 6], [11, 5]]
[[17, 10], [16, 9], [15, 8], [14, 7], [13, 7], [12, 6], [11, 5]]
[[17, 10], [16, 9], [15, 8], [14, 7], [13, 6], [12, 6], [11, 5]]
[[17, 10], [16, 9], [15, 8], [14, 7], [13, 7], [12, 6], [11, 5]]
[[17, 10], [16, 9], [15, 9], [14, 8], [13, 7], [12, 6], [11, 5]]
[[17, 10], [16, 9], [15, 8], [14, 7], [13, 7], [12, 6], [11, 5]]
[[17, 10], [16, 9], [15, 9], [14, 8], [13, 7], [12, 6], [11, 5]]
[[17, 10], [17, 9], [16, 8], [15, 7], [14, 6], [13, 7], [12, 6], [11, 5]]
[[17, 10], [16, 9], [15, 9], [15, 8], [14, 7], [13, 6], [12, 6], [11, 5]]
[[17, 10], [16, 10], [15, 9], [14, 8], [14, 7], [13, 7], [12, 6], [11, 5]]
[[17, 10], [17, 9], [16, 8], [15, 8], [14, 8], [13, 7], [12, 6], [11, 5]]
