[[13, 1], [14, 1], [15, 0], [16, 0], [17, 1], [18, 2], [19, 1], [20, 2], [21, 2], [22, 3], [23, 3], [24, 3], [25, 2], [26, 2]]
[[13, 1], [14, 2], [15, 1], [16, 2], [17, 3], [18, 3], [19, 2], [20, 2], [21, 2], [22, 3], [23, 3], [24, 3], [25, 3], [26, 2]]
[[13, 1], [14, 1], [15, 1], [16, 1], [17, 2], [18, 3], [19, 4], [20, 3], [21, 2], [22, 2], [23, 1], [24, 2], [25, 1], [26, 2]]
[[13, 1], [14, 1], [15, 0], [16, 0], [17, 1], [18, 2], [19, 1], [20, 2], [21, 2], [22, 3], [23, 3], [24, 3], [25, 2], [26, 2]]
[[13, 1], [14, 1], [15, 1], [16, 2], [17, 2], [18, 2], [19, 2], [20, 2], [21, 1], [22, 2], [23, 2], [24, 3], [25, 2], [26, 2]]
[[13, 1], [14, 2], [15, 1], [16, 2], [17, 2], [18, 2], [19, 2], [20, 3], [21, 2], [22, 1], [23, 0], [24, 1], [25, 2], [26, 2]]
[[13, 1], [14, 0], [15, 0], [16, 1], [17, 0], [18, 1], [19, 2], [20, 2], [21, 3], [22, 2], [23, 2], [24, 3], [25, 3], [26, 2]]
[[13, 1], [14, 2], [15, 3], [16, 3], [17, 3], [18, 3], [19, 2], [20, 2], [21, 3], [22, 3], [23, 3], [24, 4], [25, 3], [26, 2]]
[[13, 1], [14, 2], [15, 2], [16, 3], [17, 3], [18, 3], [19, 2], [20, 3], [21, 2], [22, 2], [23, 2], [24, 3], [25, 3], [26, 2]]
[[13, 1], [14, 0], [15, 0], [16, 1], [17, 1], [18, 0], [19, 1], [20, 2], [21, 2], [22, 2], [23, 2], [24, 2], [25, 3], [26, 2]]
[[13, 1], [14, 2], [15, 2], [16, 3], [17, 2], [18, 1], [19, 2], [20, 3], [21, 3], [22, 3], [23, 2], [24, 3], [25, 2], [26, 2]]
[[13, 1], [14, 0], [15, 0], [16, 0], [17, 1], [18, 2], [19, 3], [20, 3], [20, 2], [21, 3], [22, 2], [23, 3], [24, 2], [25, 1], [26, 2]]
[[13, 1], [14, 0], [15, 0], [16, 1], [17, 2], [17, 1], [18, 0], [18, 1], [19, 2], [20, 2], [21, 3], [22, 3], [23, 2], [24, 2], [25, 2], [26, 2]]
[[13, 1], [14, 2], [15, 1], [15, 2], [16, 2], [16, 3], [17, 3], [18, 3], [19, 4], [20, 4], [21, 3], [22, 2], [23, 1], [24, 2], [25, 2], [26, 2]]
[[13, 1], [13, 2], [14, 1], [15, 0], [16, 0], [17, 0], [18, 0], [19, 1], [20, 2], [21, 1], [22, 0], [23, 0], [23, 1], [23, 2], [24, 1], [25, 1], [26, 2]]
[[13, 1], [14, 2], [15, 2], [16, 1], [17, 0], [18, 1], [18, 2], [19, 1], [19, 2], [20, 2], [20, 3], [21, 3], [22, 3], [23, 3], [24, 2], [25, 2], [26, 2]]
[[13, 1], [12, 0], [13, 1], [14, 1], [15, 1], [15, 0], [16, 1], [17, 0], [17, 1], [18, 1], [18, 2], [19, 3], [20, 3], [21, 3], [21, 2], [22, 2], [23, 1], [24, 0], [24, 1], [25, 2], [24, 1], [25, 1], [26, 2], [27, 1], [27, 2], [26, 2], [25, 1], [26, 2]]
[[13, 1], [13, 0], [14, 0], [13, 0], [12, 1], [12, 2], [13, 2], [13, 3], [13, 4], [14, 5], [15, 4], [14, 3], [15, 3], [16, 2], [17, 3], [16, 3], [16, 2], [17, 2], [18, 2], [18, 1], [19, 1], [20, 2], [21, 1], [22, 2], [21, 1], [22, 2], [23, 2], [24, 3], [23, 2], [22, 1], [23, 1], [22, 0], [23, 0], [24, 0], [24, 1], [25, 2], [26, 2]]
[[13, 1], [14, 2], [15, 2], [16, 1], [17, 0], [17, 1], [18, 0], [19, 1], [18, 2], [19, 3], [19, 2], [18, 1], [17, 1], [17, 2], [17, 3], [18, 2], [19, 2], [18, 3], [19, 4], [19, 5], [20, 6], [21, 6], [21, 5], [21, 4], [22, 3], [23, 3], [24, 2], [23, 2], [24, 3], [25, 2], [25, 3], [24, 3], [25, 4], [24, 5], [24, 6], [25, 7], [26, 7], [26, 8], [27, 7], [28, 6], [27, 5], [26, 6], [26, 5], [27, 6], [28, 5], [29, 4], [28, 3], [28, 4], [27, 3], [27, 2], [26, 3], [26, 2]]
[[13, 1], [13, 0], [14, 1], [15, 1], [15, 2], [14, 3], [15, 3], [14, 4], [13, 5], [13, 6], [14, 6], [15, 5], [14, 5], [13, 4], [12, 3], [13, 3], [14, 2], [13, 2], [12, 2], [11, 2], [10, 2], [11, 1], [10, 1], [9, 2], [8, 2], [9, 3], [9, 4], [10, 3], [11, 2], [11, 3], [12, 2], [11, 2], [11, 3], [12, 4], [13, 5], [12, 6], [12, 7], [13, 7], [13, 6], [14, 7], [14, 8], [13, 9], [12, 9], [11, 10], [10, 10], [11, 11], [12, 11], [12, 12], [13, 11], [12, 11], [12, 12], [11, 11], [10, 10], [11, 9], [10, 8], [9, 9], [8, 9], [7, 8], [8, 7], [9, 8], [9, 9], [9, 10], [10, 9], [9, 10], [10, 11], [9, 11], [8, 12], [9, 13], [10, 14], [10, 15], [10, 14], [11, 13], [11, 14], [12, 15], [13, 15], [12, 15], [12, 16], [12, 17], [13, 17], [14, 17], [15, 17], [16, 17], [17, 17], [17, 16], [16, 15], [15, 14], [14, 15], [15, 15], [14, 14], [14, 13], [14, 14], [15, 14], [16, 14], [17, 13], [18, 13], [19, 14], [20, 14], [21, 13], [20, 14], [21, 15], [22, 14], [22, 13], [23, 13], [24, 13], [25, 14], [26, 14], [26, 15], [25, 16], [26, 15], [25, 14], [26, 14], [26, 13], [26, 12], [27, 11], [28, 12], [27, 11], [26, 10], [27, 10], [27, 9], [27, 8], [26, 8], [26, 7], [27, 7], [27, 6], [26, 5], [27, 4], [28, 4], [28, 3], [27, 3], [26, 4], [26, 5], [27, 4], [27, 3], [26, 2]]
