[[14, 14], [15, 13], [16, 14], [17, 13], [18, 12], [19, 12], [20, 11], [21, 10], [22, 9], [23, 8], [24, 7], [25, 6], [26, 5], [27, 5], [28, 6], [29, 6]]
[[14, 14], [15, 15], [16, 15], [17, 14], [18, 13], [19, 12], [20, 11], [21, 10], [22, 9], [23, 8], [24, 7], [25, 6], [26, 7], [27, 6], [28, 7], [29, 6]]
[[14, 14], [15, 13], [16, 14], [17, 13], [18, 12], [19, 12], [20, 11], [21, 10], [22, 9], [23, 8], [24, 8], [25, 7], [26, 6], [27, 6], [28, 6], [29, 6]]
[[14, 14], [15, 14], [16, 14], [17, 13], [18, 12], [19, 12], [20, 11], [21, 10], [22, 9], [23, 8], [24, 7], [25, 7], [26, 7], [27, 7], [28, 6], [29, 6]]
[[14, 14], [15, 13], [16, 14], [17, 13], [18, 12], [19, 12], [20, 11], [21, 10], [22, 9], [23, 8], [24, 7], [25, 6], [26, 5], [27, 5], [28, 6], [29, 6]]
[[14, 14], [15, 13], [16, 12], [17, 11], [18, 11], [19, 12], [20, 11], [21, 10], [22, 9], [23, 8], [24, 8], [25, 7], [26, 7], [27, 8], [28, 7], [29, 6]]
[[14, 14], [15, 14], [16, 13], [17, 12], [18, 11], [19, 12], [20, 11], [21, 10], [22, 9], [23, 8], [24, 7], [25, 6], [26, 6], [27, 7], [28, 6], [29, 6]]
[[14, 14], [15, 14], [16, 15], [17, 14], [18, 13], [19, 12], [20, 11], [21, 10], [22, 9], [23, 8], [24, 8], [25, 7], [26, 6], [27, 5], [28, 6], [29, 6]]
[[14, 14], [15, 15], [16, 15], [17, 14], [18, 13], [19, 12], [20, 11], [21, 10], [22, 9], [23, 8], [24, 8], [25, 7], [26, 7], [27, 6], [28, 7], [29, 6]]
[[14, 14], [15, 13], [16, 14], [17, 14], [18, 13], [19, 12], [20, 11], [21, 10], [22, 9], [23, 8], [24, 8], [25, 7], [26, 7], [27, 8], [28, 7], [29, 6]]
[[14, 14], [15, 13], [16, 12], [17, 11], [18, 11], [19, 12], [20, 11], [21, 10], [22, 9], [23, 8], [24, 7], [25, 6], [26, 6], [27, 5], [28, 6], [29, 6]]
[[14, 14], [15, 15], [16, 14], [17, 13], [18, 12], [19, 12], [20, 11], [21, 10], [22, 9], [23, 8], [24, 7], [25, 6], [26, 5], [27, 6], [28, 7], [29, 6]]
[[14, 14], [15, 14], [16, 13], [17, 14], [18, 13], [19, 12], [20, 11], [21, 10], [22, 9], [23, 8], [24, 7], [25, 6], [26, 7], [27, 7], [28, 7], [29, 6]]
[[14, 14], [15, 15], [16, 14], [17, 13], [18, 12], [19, 12], [20, 11], [21, 10], [22, 9], [23, 8], [24, 7], [25, 7], [26, 6], [27, 6], [28, 5], [29, 6]]
[[14, 14], [15, 13], [16, 12], [17, 12], [18, 11], [19, 12], [20, 11], [20, 10], [21, 9], [22, 8], [23, 8], [24, 7], [25, 6], [26, 6], [27, 6], [28, 5], [29, 6]]
[[14, 14], [15, 15], [16, 14], [17, 13], [18, 13], [19, 12], [20, 11], [20, 10], [21, 9], [22, 8], [23, 8], [24, 8], [25, 7], [26, 7], [27, 6], [28, 6], [29, 6]]
[[14, 14], [15, 13], [16, 14], [17, 13], [18, 12], [19, 12], [20, 11], [21, 10], [22, 9], [23, 8], [24, 7], [25, 7], [26, 7], [27, 6], [28, 6], [28, 5], [29, 6]]
[[14, 14], [15, 13], [16, 13], [17, 14], [18, 13], [19, 12], [20, 11], [21, 10], [21, 9], [22, 9], [23, 8], [24, 7], [25, 6], [26, 5], [27, 5], [28, 5], [29, 6]]
[[14, 14], [15, 13], [16, 12], [17, 13], [18, 13], [19, 13], [19, 12], [20, 11], [21, 10], [21, 9], [22, 9], [23, 8], [24, 7], [25, 6], [26, 5], [27, 4], [28, 5], [29, 6]]
[[14, 14], [15, 14], [16, 14], [17, 13], [18, 12], [19, 12], [20, 13], [21, 12], [21, 11], [22, 11], [23, 11], [24, 10], [25, 10], [25, 11], [26, 11], [27, 11], [28, 10], [29, 9], [29, 8], [28, 7], [29, 6]]
