[[6, 4], [7, 5], [7, 6], [7, 7], [6, 8], [5, 9], [4, 10], [3, 11], [3, 12], [2, 13], [3, 14], [2, 15]]
[[6, 4], [6, 5], [6, 6], [5, 7], [6, 8], [5, 9], [4, 10], [3, 11], [2, 12], [2, 13], [3, 14], [2, 15]]
[[6, 4], [7, 5], [6, 6], [6, 7], [5, 8], [5, 9], [4, 10], [3, 11], [3, 12], [4, 13], [3, 14], [2, 15]]
[[6, 4], [6, 5], [5, 6], [4, 7], [4, 8], [5, 9], [6, 10], [5, 11], [4, 12], [3, 13], [2, 14], [2, 15]]
[[6, 4], [7, 5], [7, 6], [7, 7], [6, 8], [5, 9], [4, 10], [3, 11], [3, 12], [2, 13], [3, 14], [2, 15]]
[[6, 4], [7, 5], [6, 6], [5, 7], [4, 8], [3, 9], [2, 10], [2, 11], [2, 12], [2, 13], [1, 14], [2, 15]]
[[6, 4], [7, 5], [6, 6], [6, 7], [6, 8], [5, 9], [4, 10], [3, 11], [2, 12], [3, 13], [3, 14], [2, 15]]
[[6, 4], [6, 5], [6, 6], [6, 7], [6, 8], [5, 9], [4, 10], [3, 11], [4, 12], [3, 13], [2, 14], [2, 15]]
[[6, 4], [7, 5], [6, 6], [5, 7], [4, 8], [3, 9], [3, 10], [2, 11], [1, 12], [1, 13], [1, 14], [2, 15]]
[[6, 4], [6, 5], [5, 6], [5, 7], [6, 8], [5, 9], [4, 10], [5, 11], [4, 12], [3, 13], [3, 14], [2, 15]]
[[6, 4], [7, 5], [6, 6], [5, 7], [5, 8], [5, 9], [4, 10], [3, 11], [2, 12], [2, 13], [2, 14], [2, 15]]
[[6, 4], [6, 5], [6, 6], [7, 7], [6, 8], [5, 9], [4, 10], [3, 11], [2, 12], [1, 13], [1, 14], [2, 15]]
[[6, 4], [6, 5], [7, 6], [7, 7], [6, 8], [5, 9], [4, 10], [3, 11], [4, 12], [3, 13], [2, 14], [2, 15]]
[[6, 4], [7, 5], [8, 6], [7, 7], [7, 8], [6, 9], [5, 9], [4, 10], [3, 11], [2, 12], [1, 13], [1, 14], [2, 15]]
[[6, 4], [7, 5], [6, 6], [5, 7], [5, 8], [6, 8], [5, 9], [4, 10], [3, 11], [2, 12], [2, 13], [1, 14], [2, 15]]
[[6, 4], [6, 5], [7, 6], [7, 7], [6, 8], [6, 9], [5, 9], [4, 10], [3, 11], [4, 12], [3, 13], [2, 14], [2, 15]]
[[6, 4], [7, 5], [8, 6], [7, 7], [6, 8], [5, 8], [5, 9], [4, 10], [5, 11], [4, 12], [4, 13], [3, 14], [2, 15]]
[[6, 4], [7, 5], [6, 6], [5, 7], [5, 8], [6, 8], [5, 9], [4, 10], [3, 11], [2, 12], [1, 13], [1, 14], [2, 15]]
[[6, 4], [6, 5], [7, 6], [7, 7], [6, 8], [6, 9], [5, 9], [4, 10], [3, 11], [2, 12], [2, 13], [1, 14], [0, 14], [1, 13], [2, 14], [3, 15], [2, 15]]
[[6, 4], [5, 3], [5, 4], [4, 5], [4, 6], [3, 6], [3, 5], [2, 4], [2, 5], [1, 4], [1, 5], [0, 5], [0, 6], [1, 6], [1, 7], [0, 6], [0, 7], [0, 8], [1, 9], [1, 8], [0, 9], [0, 10], [1, 11], [0, 12], [0, 11], [1, 12], [0, 13], [0, 14], [1, 13], [1, 14], [2, 15]]
