[[1, 5], [2, 5], [3, 6], [4, 6], [5, 7], [6, 8], [7, 9], [8, 10], [9, 11], [10, 12], [11, 13], [12, 14], [13, 15], [14, 15], [15, 16], [16, 16]]
[[1, 5], [2, 6], [3, 6], [4, 7], [5, 8], [6, 9], [7, 9], [8, 10], [9, 11], [10, 12], [11, 13], [12, 14], [13, 15], [14, 15], [15, 15], [16, 16]]
[[1, 5], [2, 5], [3, 6], [4, 6], [5, 7], [6, 8], [7, 9], [8, 10], [9, 11], [10, 12], [11, 13], [12, 14], [13, 15], [14, 15], [15, 16], [16, 16]]
[[1, 5], [2, 5], [3, 6], [4, 6], [5, 7], [6, 8], [7, 9], [8, 10], [9, 11], [10, 12], [11, 13], [12, 14], [13, 15], [14, 15], [15, 16], [16, 16]]
[[1, 5], [2, 5], [3, 6], [4, 6], [5, 7], [6, 8], [7, 9], [8, 10], [9, 11], [10, 12], [11, 13], [12, 14], [13, 14], [14, 15], [15, 15], [16, 16]]
[[1, 5], [2, 5], [3, 6], [4, 7], [5, 7], [6, 8], [7, 9], [8, 10], [9, 11], [10, 12], [11, 12], [12, 13], [13, 14], [14, 15], [15, 16], [16, 16]]
[[1, 5], [2, 6], [3, 6], [4, 7], [5, 8], [6, 9], [7, 10], [8, 10], [9, 11], [10, 11], [11, 12], [12, 13], [13, 14], [14, 15], [15, 15], [16, 16]]
[[1, 5], [2, 6], [3, 6], [4, 7], [5, 7], [6, 8], [7, 9], [8, 10], [9, 11], [10, 12], [11, 13], [12, 14], [13, 15], [14, 16], [15, 16], [16, 16]]
[[1, 5], [2, 5], [3, 6], [4, 7], [5, 8], [6, 8], [7, 9], [8, 10], [9, 11], [10, 12], [11, 13], [12, 14], [13, 15], [14, 16], [15, 17], [16, 16]]
[[1, 5], [2, 5], [3, 6], [4, 7], [5, 8], [6, 8], [7, 9], [8, 10], [9, 11], [10, 12], [11, 13], [12, 14], [13, 14], [14, 15], [15, 16], [16, 16]]
[[1, 5], [2, 5], [3, 6], [4, 7], [5, 8], [6, 8], [7, 9], [8, 10], [9, 11], [10, 12], [11, 12], [12, 13], [13, 14], [14, 15], [15, 15], [16, 16]]
[[1, 5], [2, 6], [3, 6], [4, 7], [5, 8], [6, 9], [7, 10], [8, 10], [9, 11], [10, 11], [11, 12], [12, 13], [13, 14], [14, 15], [15, 16], [16, 16]]
[[1, 5], [2, 6], [3, 6], [4, 7], [5, 8], [6, 8], [7, 9], [8, 10], [9, 11], [10, 12], [11, 13], [12, 14], [13, 15], [14, 16], [15, 17], [16, 16]]
[[1, 5], [2, 6], [2, 7], [3, 8], [4, 8], [5, 9], [6, 10], [7, 11], [8, 12], [9, 12], [10, 13], [11, 12], [12, 13], [13, 14], [14, 15], [15, 16], [16, 16]]
[[1, 5], [2, 6], [2, 7], [3, 6], [4, 7], [5, 8], [6, 8], [7, 9], [8, 10], [9, 11], [10, 12], [11, 13], [12, 14], [13, 15], [14, 16], [15, 15], [16, 16]]
[[1, 5], [2, 6], [2, 7], [3, 8], [4, 9], [5, 10], [6, 10], [7, 11], [8, 12], [9, 13], [10, 13], [11, 13], [12, 14], [13, 15], [14, 15], [15, 16], [16, 16]]
[[1, 5], [2, 6], [2, 7], [3, 8], [4, 9], [5, 10], [6, 11], [7, 11], [8, 12], [9, 13], [10, 12], [11, 12], [12, 13], [13, 14], [14, 15], [15, 16], [16, 16]]
[[1, 5], [2, 6], [2, 7], [3, 8], [4, 9], [5, 10], [6, 9], [7, 9], [8, 10], [9, 11], [10, 12], [11, 13], [12, 14], [13, 14], [14, 15], [15, 15], [16, 16]]
[[1, 5], [2, 6], [1, 7], [2, 8], [3, 9], [4, 9], [5, 10], [6, 10], [7, 11], [8, 10], [9, 11], [10, 12], [11, 13], [12, 14], [13, 15], [14, 16], [15, 15], [16, 16]]
[[1, 5], [2, 6], [2, 7], [3, 8], [4, 9], [5, 10], [6, 10], [7, 11], [8, 12], [9, 13], [10, 13], [11, 12], [12, 13], [13, 14], [14, 15], [15, 16], [16, 17], [16, 16]]
