[[18, 11], [17, 12], [16, 13], [17, 14], [17, 15], [17, 16], [16, 17]]
[[18, 11], [18, 12], [18, 13], [18, 14], [17, 15], [16, 16], [16, 17]]
[[18, 11], [19, 12], [18, 13], [19, 14], [18, 15], [17, 16], [16, 17]]
[[18, 11], [18, 12], [18, 13], [17, 14], [17, 15], [16, 16], [16, 17]]
[[18, 11], [17, 12], [16, 13], [17, 14], [17, 15], [17, 16], [16, 17]]
[[18, 11], [19, 12], [19, 13], [18, 14], [17, 15], [16, 16], [16, 17]]
[[18, 11], [19, 12], [18, 13], [18, 14], [18, 15], [17, 16], [16, 17]]
[[18, 11], [17, 12], [18, 13], [18, 14], [17, 15], [17, 16], [16, 17]]
[[18, 11], [17, 12], [16, 13], [16, 14], [17, 15], [17, 16], [16, 17]]
[[18, 11], [17, 12], [16, 13], [17, 14], [17, 15], [17, 16], [16, 17]]
[[18, 11], [19, 12], [18, 13], [18, 14], [17, 15], [16, 16], [16, 17]]
[[18, 11], [17, 12], [16, 13], [17, 14], [16, 15], [17, 16], [16, 17]]
[[18, 11], [18, 12], [18, 13], [19, 14], [18, 15], [17, 16], [16, 17]]
[[18, 11], [19, 12], [19, 13], [19, 14], [18, 15], [17, 16], [17, 17], [16, 17]]
[[18, 11], [18, 12], [19, 12], [18, 13], [18, 14], [18, 15], [17, 15], [17, 16], [17, 17], [16, 17]]
[[18, 11], [18, 12], [19, 13], [18, 13], [17, 14], [16, 13], [17, 14], [17, 15], [17, 16], [16, 17]]
[[18, 11], [17, 11], [18, 11], [18, 12], [19, 13], [20, 14], [20, 13], [19, 12], [18, 13], [17, 14], [16, 15], [15, 14], [16, 14], [17, 15], [16, 16], [17, 16], [17, 17], [18, 18], [17, 19], [17, 18], [16, 17]]
[[18, 11], [19, 11], [18, 12], [19, 11], [19, 12], [20, 13], [19, 14], [18, 15], [18, 14], [17, 14], [18, 15], [19, 16], [19, 17], [20, 16], [20, 17], [21, 16], [21, 17], [22, 18], [21, 19], [22, 19], [23, 19], [24, 18], [25, 19], [26, 18], [26, 19], [27, 18], [27, 17], [26, 16], [25, 15], [24, 15], [23, 16], [24, 17], [25, 17], [26, 17], [25, 18], [24, 19], [25, 19], [24, 18], [23, 18], [22, 18], [23, 19], [22, 19], [21, 18], [20, 17], [19, 18], [20, 19], [19, 19], [18, 18], [19, 17], [19, 16], [18, 17], [17, 17], [16, 17]]
[[18, 11], [18, 10], [17, 9], [17, 10], [16, 10], [15, 10], [16, 10], [17, 11], [18, 10], [18, 11], [18, 10], [19, 9], [20, 9], [21, 10], [22, 9], [23, 10], [23, 11], [23, 12], [24, 11], [25, 12], [25, 11], [26, 10], [26, 9], [25, 10], [25, 9], [25, 8], [25, 7], [26, 8], [25, 9], [26, 8], [27, 8], [28, 9], [29, 9], [29, 10], [28, 9], [29, 8], [28, 8], [28, 9], [28, 10], [29, 11], [28, 12], [27, 13], [28, 12], [28, 11], [28, 12], [29, 13], [28, 14], [27, 15], [26, 16], [27, 17], [27, 18], [28, 17], [29, 17], [29, 18], [29, 19], [28, 19], [27, 18], [26, 18], [25, 18], [24, 17], [23, 18], [22, 18], [22, 17], [21, 17], [22, 17], [21, 16], [22, 15], [21, 15], [21, 14], [21, 15], [20, 16], [20, 17], [19, 17], [18, 18], [18, 19], [19, 19], [20, 18], [19, 18], [18, 17], [19, 17], [20, 18], [21, 18], [22, 19], [23, 18], [24, 17], [25, 17], [26, 16], [25, 15], [25, 14], [24, 14], [23, 14], [23, 13], [22, 12], [22, 11], [23, 11], [24, 10], [24, 9], [23, 8], [22, 7], [21, 7], [22, 7], [23, 6], [22, 6], [22, 5], [22, 4], [21, 4], [20, 3], [19, 4], [18, 4], [17, 4], [18, 4], [17, 5], [16, 4], [15, 3], [14, 4], [15, 5], [14, 4], [13, 4], [12, 5], [11, 5], [10, 5], [10, 6], [11, 7], [11, 6], [10, 5], [11, 4], [11, 3], [12, 4], [13, 3], [14, 3], [13, 2], [12, 1], [13, 1], [14, 0], [15, 0], [16, 0], [17, 1], [17, 2], [18, 2], [19, 3], [20, 4], [20, 3], [19, 2], [20, 1], [20, 0], [19, 1], [20, 1], [20, 0], [19, 0], [18, 1], [17, 0], [16, 1], [15, 1], [16, 2], [15, 1], [16, 1], [17, 2], [17, 3], [16, 4], [17, 5], [16, 6], [15, 6], [15, 7], [16, 7], [16, 8], [15, 8], [14, 8], [13, 8], [13, 9], [13, 10], [12, 11], [12, 12], [13, 12], [12, 11], [13, 12], [14, 13], [15, 12], [16, 13], [15, 13], [16, 14], [16, 15], [16, 16], [16, 17]]
