[[19, 6], [18, 6], [17, 7], [16, 6], [15, 7], [14, 7], [13, 6], [12, 6], [11, 5], [10, 5], [9, 6], [8, 5], [7, 5], [6, 4], [5, 3], [4, 2], [3, 1], [2, 1]]
[[19, 6], [18, 5], [17, 5], [16, 4], [15, 5], [14, 6], [13, 7], [12, 6], [11, 5], [10, 6], [9, 5], [8, 5], [7, 5], [6, 4], [5, 3], [4, 2], [3, 2], [2, 1]]
[[19, 6], [18, 6], [17, 5], [16, 5], [15, 4], [14, 5], [13, 5], [12, 6], [11, 5], [10, 5], [9, 4], [8, 3], [7, 4], [6, 3], [5, 3], [4, 2], [3, 1], [2, 1]]
[[19, 6], [18, 5], [17, 5], [16, 6], [15, 5], [14, 5], [13, 6], [12, 7], [11, 8], [10, 7], [9, 6], [8, 5], [7, 4], [6, 3], [5, 3], [4, 2], [3, 2], [2, 1]]
[[19, 6], [18, 6], [17, 7], [16, 6], [15, 7], [14, 7], [13, 6], [12, 6], [11, 5], [10, 5], [9, 6], [8, 5], [7, 5], [6, 4], [5, 3], [4, 2], [3, 1], [2, 1]]
[[19, 6], [18, 6], [17, 7], [16, 8], [15, 7], [14, 7], [13, 8], [12, 7], [11, 7], [10, 7], [9, 6], [8, 5], [7, 5], [6, 4], [5, 3], [4, 2], [3, 2], [2, 1]]
[[19, 6], [18, 7], [17, 7], [16, 6], [15, 6], [14, 7], [13, 7], [12, 6], [11, 5], [10, 5], [9, 4], [8, 5], [7, 4], [6, 4], [5, 3], [4, 2], [3, 1], [2, 1]]
[[19, 6], [18, 5], [17, 5], [16, 6], [15, 7], [14, 8], [13, 9], [12, 9], [11, 8], [10, 7], [9, 6], [8, 5], [7, 5], [6, 4], [5, 3], [4, 2], [3, 2], [2, 1]]
[[19, 6], [18, 5], [17, 4], [16, 5], [15, 6], [14, 6], [13, 5], [12, 5], [11, 4], [10, 5], [9, 6], [8, 5], [7, 5], [6, 4], [5, 3], [4, 2], [3, 1], [2, 1]]
[[19, 6], [18, 5], [17, 5], [16, 5], [15, 4], [14, 5], [13, 5], [12, 5], [11, 5], [10, 4], [9, 4], [8, 3], [7, 4], [6, 3], [5, 2], [4, 2], [3, 1], [2, 1]]
[[19, 6], [18, 5], [17, 5], [16, 5], [15, 6], [14, 7], [13, 8], [12, 7], [11, 7], [10, 7], [9, 6], [8, 5], [7, 4], [6, 4], [5, 3], [4, 2], [3, 1], [2, 1]]
[[19, 6], [18, 5], [17, 4], [16, 5], [15, 4], [14, 5], [13, 6], [12, 7], [11, 7], [10, 7], [9, 6], [8, 5], [7, 4], [6, 3], [5, 3], [4, 2], [3, 1], [2, 1]]
[[19, 6], [18, 6], [17, 5], [16, 6], [15, 6], [14, 6], [13, 7], [12, 7], [11, 8], [10, 7], [9, 6], [8, 5], [7, 4], [6, 3], [5, 3], [4, 2], [3, 2], [2, 1]]
[[19, 6], [18, 6], [17, 5], [16, 4], [15, 5], [14, 6], [13, 5], [12, 4], [11, 4], [10, 5], [9, 4], [8, 5], [7, 5], [6, 4], [5, 3], [4, 2], [3, 1], [2, 1]]
[[19, 6], [18, 5], [17, 5], [16, 5], [15, 5], [14, 6], [13, 6], [12, 6], [11, 7], [10, 6], [9, 6], [8, 5], [7, 4], [6, 3], [5, 2], [4, 1], [3, 0], [2, 1]]
[[19, 6], [18, 7], [17, 7], [16, 8], [15, 8], [14, 7], [13, 6], [12, 6], [11, 7], [10, 6], [9, 5], [8, 5], [7, 4], [6, 4], [5, 4], [4, 4], [3, 3], [3, 2], [2, 1]]
[[19, 6], [18, 5], [17, 5], [16, 6], [15, 7], [14, 8], [13, 8], [12, 8], [11, 8], [10, 8], [9, 9], [8, 8], [7, 7], [6, 7], [5, 6], [4, 5], [3, 4], [2, 3], [2, 2], [2, 1]]
[[19, 6], [18, 5], [17, 5], [16, 5], [15, 5], [15, 4], [14, 3], [15, 3], [14, 2], [13, 1], [12, 1], [11, 2], [12, 3], [12, 2], [11, 3], [10, 4], [10, 3], [9, 2], [8, 1], [7, 2], [6, 1], [5, 2], [5, 1], [4, 1], [3, 2], [2, 1]]
[[19, 6], [18, 7], [17, 7], [16, 6], [15, 6], [14, 6], [13, 6], [12, 6], [11, 5], [10, 4], [9, 5], [8, 5], [7, 5], [8, 5], [7, 4], [6, 4], [6, 3], [6, 2], [5, 1], [4, 2], [3, 1], [2, 2], [2, 3], [2, 2], [3, 2], [2, 1], [3, 1], [2, 1]]
[[19, 6], [18, 7], [17, 7], [16, 8], [15, 8], [14, 7], [13, 6], [12, 7], [11, 8], [10, 7], [11, 7], [12, 7], [13, 7], [13, 6], [14, 5], [13, 4], [13, 3], [13, 2], [12, 1], [11, 1], [12, 2], [12, 1], [11, 0], [10, 1], [11, 2], [10, 3], [10, 4], [10, 5], [11, 5], [10, 6], [9, 7], [8, 8], [8, 7], [7, 8], [7, 9], [7, 8], [7, 7], [6, 7], [5, 6], [4, 5], [3, 5], [2, 4], [2, 5], [1, 4], [2, 5], [2, 4], [2, 3], [3, 2], [2, 1]]
