[[22, 9], [21, 8], [21, 7], [20, 6], [19, 5], [18, 4], [17, 3], [16, 2], [16, 1]]
[[22, 9], [22, 8], [21, 7], [21, 6], [20, 5], [19, 4], [18, 3], [17, 2], [16, 1]]
[[22, 9], [21, 8], [20, 7], [20, 6], [19, 5], [18, 4], [17, 3], [16, 2], [16, 1]]
[[22, 9], [21, 8], [21, 7], [20, 6], [19, 5], [18, 4], [17, 3], [17, 2], [16, 1]]
[[22, 9], [22, 8], [21, 7], [20, 6], [19, 5], [18, 4], [17, 3], [17, 2], [16, 1]]
[[22, 9], [21, 8], [20, 7], [19, 6], [19, 5], [18, 4], [17, 3], [17, 2], [16, 1]]
[[22, 9], [21, 8], [20, 7], [19, 6], [18, 5], [17, 4], [16, 3], [17, 2], [16, 1]]
[[22, 9], [21, 8], [21, 7], [20, 6], [19, 5], [18, 4], [17, 3], [16, 2], [16, 1]]
[[22, 9], [21, 8], [20, 7], [19, 6], [18, 5], [17, 4], [16, 3], [16, 2], [16, 1]]
[[22, 9], [21, 8], [20, 7], [19, 6], [18, 5], [17, 4], [17, 3], [16, 2], [16, 1]]
[[22, 9], [21, 8], [20, 7], [20, 6], [20, 5], [19, 4], [18, 4], [17, 3], [18, 3], [17, 2], [16, 1]]
[[22, 9], [21, 8], [20, 8], [19, 8], [18, 7], [19, 6], [18, 5], [18, 4], [17, 3], [17, 2], [16, 1]]
[[22, 9], [23, 8], [22, 7], [21, 7], [20, 6], [19, 5], [18, 4], [19, 3], [18, 2], [17, 2], [16, 1]]
[[22, 9], [21, 9], [20, 8], [19, 7], [20, 6], [19, 5], [19, 4], [19, 5], [18, 4], [17, 3], [16, 2], [16, 1]]
[[22, 9], [22, 8], [21, 7], [20, 7], [19, 7], [20, 8], [20, 7], [19, 6], [19, 5], [18, 4], [17, 4], [18, 3], [17, 3], [17, 2], [16, 1]]
[[22, 9], [21, 8], [20, 8], [21, 8], [20, 7], [20, 6], [19, 6], [18, 7], [19, 7], [19, 6], [19, 7], [19, 6], [18, 5], [17, 5], [17, 4], [16, 3], [15, 2], [16, 1]]
[[22, 9], [23, 9], [22, 9], [21, 8], [20, 8], [20, 7], [19, 6], [18, 5], [19, 5], [20, 5], [21, 4], [21, 3], [20, 2], [20, 3], [20, 2], [21, 2], [22, 2], [23, 1], [22, 1], [21, 0], [20, 0], [21, 0], [20, 0], [20, 1], [21, 2], [20, 2], [19, 1], [18, 2], [17, 2], [17, 1], [16, 0], [16, 1]]
[[22, 9], [23, 8], [22, 7], [23, 7], [23, 6], [23, 5], [24, 5], [24, 4], [24, 3], [23, 3], [22, 4], [21, 4], [20, 4], [21, 4], [20, 5], [19, 5], [20, 6], [19, 5], [18, 4], [17, 4], [16, 5], [15, 5], [14, 5], [15, 4], [15, 3], [14, 2], [14, 3], [15, 3], [14, 2], [14, 1], [15, 0], [16, 1], [16, 2], [17, 2], [17, 1], [16, 1]]
[[22, 9], [21, 8], [22, 8], [22, 7], [23, 6], [24, 7], [25, 6], [25, 5], [24, 5], [24, 4], [24, 3], [24, 2], [24, 1], [24, 0], [23, 0], [23, 1], [22, 2], [23, 2], [23, 3], [22, 2], [21, 3], [21, 4], [22, 4], [22, 3], [21, 2], [22, 1], [23, 1], [22, 0], [21, 0], [20, 0], [20, 1], [21, 1], [20, 2], [19, 3], [20, 4], [20, 5], [19, 4], [20, 3], [19, 2], [18, 1], [17, 2], [18, 2], [18, 3], [18, 4], [17, 4], [16, 4], [15, 4], [14, 3], [13, 4], [14, 5], [15, 6], [16, 5], [15, 5], [14, 6], [13, 6], [13, 5], [12, 5], [11, 4], [12, 4], [12, 3], [12, 2], [12, 1], [13, 0], [14, 0], [14, 1], [13, 2], [14, 2], [15, 1], [15, 2], [15, 3], [16, 3], [17, 3], [16, 2], [17, 1], [16, 1]]
