[[29, 9], [28, 10], [27, 9], [26, 9], [25, 8], [24, 7], [23, 6], [22, 7], [21, 6], [20, 6], [19, 6], [18, 6], [17, 6], [16, 7], [15, 8], [14, 8], [13, 8], [12, 7], [11, 7], [10, 8], [9, 8]]
[[29, 9], [28, 10], [27, 9], [26, 9], [25, 8], [24, 8], [23, 7], [22, 7], [21, 7], [20, 6], [19, 7], [18, 7], [17, 8], [16, 9], [15, 9], [14, 10], [13, 9], [12, 8], [11, 8], [10, 9], [9, 8]]
[[29, 9], [28, 9], [27, 9], [26, 9], [25, 8], [24, 7], [23, 6], [22, 7], [21, 6], [20, 6], [19, 5], [18, 6], [17, 7], [16, 7], [15, 7], [14, 7], [13, 6], [12, 7], [11, 7], [10, 7], [9, 8]]
[[29, 9], [28, 10], [27, 9], [26, 9], [25, 8], [24, 7], [23, 6], [22, 7], [21, 6], [20, 6], [19, 6], [18, 6], [17, 6], [16, 7], [15, 8], [14, 8], [13, 8], [12, 7], [11, 7], [10, 8], [9, 8]]
[[29, 9], [28, 10], [27, 11], [26, 10], [25, 9], [24, 8], [23, 7], [22, 6], [21, 7], [20, 6], [19, 5], [18, 5], [17, 6], [16, 7], [15, 8], [14, 8], [13, 8], [12, 9], [11, 8], [10, 9], [9, 8]]
[[29, 9], [28, 8], [27, 9], [26, 8], [25, 7], [24, 8], [23, 7], [22, 7], [21, 6], [20, 5], [19, 4], [18, 5], [17, 6], [16, 7], [15, 8], [14, 8], [13, 9], [12, 9], [11, 8], [10, 7], [9, 8]]
[[29, 9], [28, 8], [27, 9], [26, 8], [25, 7], [24, 6], [23, 5], [22, 6], [21, 5], [20, 6], [19, 5], [18, 6], [17, 7], [16, 8], [15, 8], [14, 8], [13, 8], [12, 9], [11, 10], [10, 9], [9, 8]]
[[29, 9], [28, 9], [27, 8], [26, 8], [25, 8], [24, 8], [23, 7], [22, 6], [21, 7], [20, 8], [19, 9], [18, 8], [17, 7], [16, 7], [15, 6], [14, 7], [13, 8], [12, 9], [11, 9], [10, 8], [9, 8]]
[[29, 9], [28, 8], [27, 8], [26, 8], [25, 7], [24, 6], [23, 7], [22, 6], [21, 7], [20, 7], [19, 7], [18, 7], [17, 8], [16, 9], [15, 8], [14, 9], [13, 8], [12, 8], [11, 7], [10, 8], [9, 8]]
[[29, 9], [28, 8], [27, 9], [26, 8], [25, 8], [24, 7], [23, 7], [22, 6], [21, 7], [20, 6], [19, 6], [18, 7], [17, 8], [16, 8], [15, 7], [14, 7], [13, 8], [12, 8], [11, 8], [10, 9], [9, 8]]
[[29, 9], [28, 9], [27, 10], [26, 9], [25, 9], [24, 8], [23, 7], [22, 7], [21, 8], [20, 7], [19, 6], [18, 5], [17, 6], [16, 7], [15, 8], [14, 9], [13, 9], [12, 8], [11, 9], [10, 9], [9, 8]]
[[29, 9], [28, 8], [27, 8], [26, 8], [25, 7], [24, 6], [23, 6], [22, 7], [21, 6], [20, 7], [19, 6], [18, 6], [17, 6], [16, 7], [15, 8], [14, 9], [13, 8], [12, 8], [11, 7], [10, 7], [9, 8]]
[[29, 9], [28, 8], [27, 8], [26, 9], [25, 8], [24, 7], [23, 7], [22, 6], [21, 7], [20, 7], [19, 7], [18, 7], [17, 6], [16, 7], [15, 8], [15, 9], [14, 9], [13, 9], [12, 8], [11, 9], [10, 8], [9, 8]]
[[29, 9], [28, 9], [27, 9], [26, 8], [25, 8], [24, 7], [23, 6], [22, 7], [21, 6], [20, 7], [19, 7], [18, 6], [18, 7], [17, 6], [16, 7], [15, 6], [14, 7], [13, 8], [12, 9], [11, 8], [10, 7], [9, 8]]
[[29, 9], [28, 8], [27, 8], [26, 8], [25, 7], [24, 8], [23, 8], [22, 7], [21, 6], [20, 5], [19, 5], [18, 6], [17, 7], [16, 7], [15, 6], [14, 7], [13, 8], [12, 8], [12, 7], [11, 7], [10, 7], [9, 8]]
[[29, 9], [28, 10], [27, 9], [26, 9], [25, 8], [24, 8], [23, 7], [22, 6], [21, 7], [20, 7], [19, 6], [18, 5], [17, 6], [16, 7], [15, 8], [15, 7], [14, 7], [13, 8], [12, 9], [11, 9], [10, 9], [9, 8]]
[[29, 9], [28, 9], [27, 10], [26, 9], [25, 8], [24, 7], [23, 7], [22, 7], [21, 6], [20, 6], [19, 7], [18, 8], [17, 7], [16, 7], [15, 7], [15, 8], [14, 8], [13, 9], [12, 9], [11, 8], [10, 7], [9, 8]]
[[29, 9], [28, 8], [28, 9], [27, 9], [26, 8], [25, 8], [24, 7], [23, 8], [22, 7], [21, 6], [20, 5], [19, 6], [18, 7], [18, 6], [17, 6], [17, 7], [16, 7], [15, 8], [14, 9], [13, 8], [12, 8], [11, 8], [10, 7], [9, 8]]
[[29, 9], [28, 9], [27, 8], [27, 9], [26, 8], [25, 8], [25, 7], [25, 6], [24, 6], [23, 7], [22, 7], [21, 7], [20, 6], [19, 7], [18, 6], [19, 7], [18, 8], [17, 8], [16, 8], [15, 9], [15, 8], [14, 9], [13, 9], [13, 10], [12, 9], [11, 9], [10, 8], [9, 8]]
[[29, 9], [28, 9], [29, 8], [28, 7], [28, 6], [27, 5], [26, 6], [25, 6], [24, 7], [23, 8], [22, 7], [21, 7], [20, 6], [19, 5], [19, 4], [18, 5], [17, 6], [18, 7], [17, 7], [16, 6], [15, 7], [14, 7], [14, 8], [13, 8], [12, 9], [11, 10], [10, 9], [11, 10], [10, 9], [9, 8]]
