[[25, 11], [24, 12], [23, 12], [22, 13], [21, 12], [20, 11], [19, 12], [18, 13], [17, 14], [16, 15], [15, 16], [14, 17], [13, 18], [12, 19]]
[[25, 11], [24, 11], [23, 11], [22, 10], [21, 11], [20, 12], [19, 13], [18, 13], [17, 14], [16, 15], [15, 16], [14, 17], [13, 18], [12, 19]]
[[25, 11], [24, 12], [23, 13], [22, 12], [21, 12], [20, 13], [19, 12], [18, 13], [17, 14], [16, 15], [15, 16], [14, 17], [13, 18], [12, 19]]
[[25, 11], [24, 12], [23, 13], [22, 13], [21, 14], [20, 13], [19, 14], [18, 13], [17, 14], [16, 15], [15, 16], [14, 17], [13, 18], [12, 19]]
[[25, 11], [24, 12], [23, 12], [22, 13], [21, 12], [20, 11], [19, 12], [18, 13], [17, 14], [16, 15], [15, 16], [14, 17], [13, 18], [12, 19]]
[[25, 11], [24, 10], [23, 10], [22, 11], [21, 12], [20, 12], [19, 13], [18, 13], [17, 14], [16, 15], [15, 16], [14, 17], [13, 18], [12, 19]]
[[25, 11], [24, 10], [23, 10], [22, 11], [21, 12], [20, 13], [19, 12], [18, 13], [17, 14], [16, 15], [15, 16], [14, 17], [13, 18], [12, 19]]
[[25, 11], [24, 11], [23, 10], [22, 11], [21, 12], [20, 11], [19, 12], [18, 13], [17, 14], [16, 15], [15, 16], [14, 17], [13, 18], [12, 19]]
[[25, 11], [24, 10], [23, 9], [22, 9], [21, 10], [20, 11], [19, 12], [18, 13], [17, 14], [16, 15], [15, 16], [14, 17], [13, 18], [12, 19]]
[[25, 11], [24, 11], [23, 12], [22, 13], [21, 13], [20, 14], [19, 14], [18, 13], [17, 14], [16, 15], [15, 16], [14, 17], [13, 18], [12, 19]]
[[25, 11], [24, 12], [23, 11], [22, 12], [21, 12], [20, 12], [19, 12], [18, 13], [17, 14], [16, 15], [15, 16], [14, 17], [13, 18], [12, 19]]
[[25, 11], [24, 10], [23, 10], [22, 10], [21, 11], [20, 12], [19, 13], [18, 13], [17, 14], [16, 15], [15, 16], [14, 17], [13, 18], [12, 19]]
[[25, 11], [24, 12], [23, 13], [22, 13], [21, 12], [20, 13], [19, 14], [18, 13], [17, 14], [16, 15], [15, 16], [14, 17], [13, 18], [12, 19]]
[[25, 11], [24, 10], [24, 9], [23, 8], [22, 9], [21, 9], [20, 10], [20, 11], [20, 12], [19, 13], [18, 13], [17, 14], [16, 15], [15, 16], [14, 17], [13, 18], [12, 19]]
[[25, 11], [24, 11], [23, 12], [22, 12], [21, 12], [20, 13], [19, 12], [18, 12], [18, 11], [17, 12], [16, 13], [15, 14], [14, 15], [15, 16], [15, 17], [16, 18], [15, 17], [14, 18], [13, 18], [12, 19]]
[[25, 11], [24, 12], [23, 12], [23, 13], [23, 14], [22, 14], [21, 13], [20, 12], [19, 12], [18, 13], [17, 14], [16, 14], [15, 14], [15, 15], [16, 16], [15, 16], [14, 16], [14, 17], [15, 17], [14, 18], [13, 17], [12, 18], [12, 19], [11, 19], [12, 19]]
[[25, 11], [24, 11], [23, 12], [22, 12], [21, 13], [20, 14], [19, 13], [20, 12], [19, 11], [18, 12], [17, 12], [16, 13], [15, 14], [15, 15], [16, 15], [16, 16], [16, 15], [17, 15], [16, 16], [16, 17], [15, 18], [14, 17], [13, 17], [12, 17], [13, 18], [12, 19]]
[[25, 11], [25, 12], [24, 12], [24, 13], [23, 14], [22, 13], [21, 14], [20, 13], [21, 14], [22, 15], [21, 15], [21, 16], [20, 17], [19, 16], [18, 16], [18, 17], [17, 16], [16, 17], [17, 18], [16, 18], [15, 17], [15, 16], [15, 15], [16, 16], [15, 16], [15, 15], [14, 15], [13, 16], [12, 16], [11, 16], [12, 17], [11, 18], [10, 19], [11, 18], [12, 19]]
[[25, 11], [24, 10], [23, 9], [23, 8], [22, 8], [21, 9], [20, 10], [19, 11], [18, 11], [18, 12], [18, 13], [17, 14], [16, 15], [16, 14], [16, 13], [17, 14], [16, 15], [16, 14], [15, 14], [16, 15], [15, 16], [16, 17], [15, 17], [14, 17], [14, 16], [13, 17], [12, 17], [11, 18], [11, 19], [11, 18], [10, 17], [11, 16], [11, 15], [11, 16], [11, 15], [11, 16], [12, 16], [13, 17], [13, 18], [12, 19]]
[[25, 11], [24, 12], [23, 12], [22, 12], [21, 13], [20, 13], [19, 14], [20, 13], [20, 14], [19, 15], [19, 14], [18, 13], [17, 14], [16, 13], [15, 12], [14, 12], [15, 12], [15, 11], [16, 11], [17, 11], [17, 12], [18, 13], [17, 14], [16, 15], [15, 16], [16, 15], [15, 16], [14, 16], [13, 15], [13, 16], [13, 15], [13, 16], [12, 15], [11, 15], [10, 15], [11, 16], [12, 15], [12, 16], [12, 17], [12, 18], [11, 17], [12, 18], [11, 18], [12, 19]]
