[[24, 2], [24, 3], [23, 4], [24, 5], [24, 6], [25, 7], [26, 8], [26, 9], [25, 10], [24, 11], [24, 12], [25, 13]]
[[24, 2], [25, 3], [24, 4], [24, 5], [24, 6], [24, 7], [25, 8], [24, 9], [25, 10], [25, 11], [24, 12], [25, 13]]
[[24, 2], [25, 3], [25, 4], [25, 5], [26, 6], [26, 7], [25, 8], [26, 9], [25, 10], [26, 11], [26, 12], [25, 13]]
[[24, 2], [25, 3], [26, 4], [27, 5], [26, 6], [26, 7], [25, 8], [25, 9], [24, 10], [25, 11], [26, 12], [25, 13]]
[[24, 2], [25, 3], [26, 4], [26, 5], [27, 6], [27, 7], [27, 8], [28, 9], [27, 10], [27, 11], [26, 12], [25, 13]]
[[24, 2], [25, 3], [26, 4], [27, 5], [28, 6], [28, 7], [27, 8], [27, 9], [26, 10], [25, 11], [26, 12], [25, 13]]
[[24, 2], [25, 3], [26, 4], [27, 5], [28, 6], [28, 7], [27, 8], [27, 9], [26, 10], [26, 11], [26, 12], [25, 13]]
[[24, 2], [25, 3], [26, 4], [25, 5], [24, 6], [25, 7], [26, 8], [25, 9], [25, 10], [26, 11], [26, 12], [25, 13]]
[[24, 2], [24, 3], [23, 4], [24, 5], [24, 6], [25, 7], [26, 8], [26, 9], [25, 10], [24, 11], [24, 12], [25, 13]]
[[24, 2], [25, 3], [25, 4], [24, 5], [23, 6], [24, 7], [25, 8], [26, 9], [25, 10], [24, 11], [24, 12], [24, 13], [25, 13]]
[[24, 2], [24, 3], [25, 4], [26, 4], [27, 5], [28, 5], [27, 6], [28, 7], [28, 8], [27, 9], [26, 10], [25, 11], [24, 12], [25, 13]]
[[24, 2], [24, 3], [25, 4], [26, 5], [26, 6], [26, 7], [27, 8], [26, 7], [26, 8], [27, 9], [26, 10], [25, 11], [24, 12], [25, 13]]
[[24, 2], [25, 1], [26, 2], [27, 1], [28, 1], [29, 2], [28, 3], [29, 4], [29, 3], [28, 4], [27, 3], [26, 3], [26, 4], [25, 4], [24, 5], [25, 5], [26, 5], [27, 5], [26, 6], [27, 6], [28, 7], [27, 8], [28, 8], [29, 7], [28, 6], [27, 7], [26, 8], [25, 9], [26, 10], [25, 10], [25, 11], [24, 12], [24, 13], [25, 13]]
[[24, 2], [24, 1], [25, 2], [24, 1], [23, 1], [24, 1], [25, 1], [26, 1], [26, 0], [27, 0], [26, 1], [27, 2], [26, 2], [27, 2], [27, 3], [28, 4], [29, 5], [29, 6], [28, 6], [29, 7], [28, 8], [27, 9], [27, 10], [28, 9], [29, 9], [28, 10], [29, 11], [29, 10], [28, 11], [29, 12], [28, 12], [27, 13], [26, 14], [26, 13], [25, 13]]
[[24, 2], [24, 3], [23, 4], [22, 4], [21, 4], [21, 5], [22, 5], [23, 6], [24, 6], [23, 7], [22, 8], [21, 9], [22, 10], [23, 9], [24, 10], [23, 11], [23, 10], [24, 11], [25, 11], [25, 10], [25, 9], [26, 9], [27, 10], [28, 9], [27, 9], [28, 10], [28, 11], [29, 10], [29, 11], [29, 12], [29, 13], [28, 12], [27, 12], [28, 13], [27, 13], [26, 13], [25, 13]]
[[24, 2], [25, 3], [25, 2], [25, 1], [24, 0], [23, 0], [22, 1], [21, 0], [22, 0], [21, 1], [21, 2], [22, 3], [23, 4], [24, 3], [25, 4], [26, 3], [26, 4], [27, 3], [27, 2], [28, 1], [27, 1], [26, 0], [26, 1], [25, 1], [25, 2], [24, 1], [23, 2], [24, 3], [24, 4], [24, 5], [25, 5], [24, 6], [23, 6], [23, 7], [23, 8], [23, 9], [22, 9], [22, 8], [21, 8], [20, 8], [19, 9], [18, 9], [19, 10], [20, 10], [21, 9], [21, 10], [21, 11], [22, 10], [23, 10], [23, 11], [24, 10], [24, 11], [24, 12], [24, 13], [23, 14], [22, 14], [21, 13], [22, 13], [21, 12], [20, 12], [20, 13], [20, 14], [19, 15], [18, 16], [17, 17], [17, 18], [16, 18], [15, 18], [16, 19], [17, 19], [18, 18], [18, 19], [19, 18], [20, 19], [21, 18], [21, 17], [20, 18], [21, 19], [22, 18], [22, 17], [23, 17], [24, 18], [24, 19], [23, 18], [24, 17], [24, 16], [25, 15], [26, 15], [27, 15], [28, 15], [29, 14], [28, 13], [28, 14], [27, 13], [27, 14], [26, 13], [25, 13]]
