[[26, 19], [25, 19], [24, 19], [23, 19], [22, 18], [21, 19], [20, 18], [19, 17], [18, 16]]
[[26, 19], [25, 18], [24, 18], [23, 19], [22, 19], [21, 18], [20, 17], [19, 16], [18, 16]]
[[26, 19], [25, 19], [24, 18], [23, 17], [22, 18], [21, 18], [20, 17], [19, 16], [18, 16]]
[[26, 19], [25, 18], [24, 19], [23, 18], [22, 19], [21, 19], [20, 18], [19, 17], [18, 16]]
[[26, 19], [25, 18], [24, 18], [23, 18], [22, 17], [21, 16], [20, 17], [19, 16], [18, 16]]
[[26, 19], [25, 19], [24, 18], [23, 18], [22, 17], [21, 18], [20, 17], [19, 17], [18, 16]]
[[26, 19], [25, 19], [24, 19], [23, 19], [22, 18], [21, 19], [20, 18], [19, 17], [18, 16]]
[[26, 19], [25, 19], [24, 18], [23, 19], [22, 19], [21, 18], [20, 17], [19, 17], [18, 16]]
[[26, 19], [25, 18], [24, 19], [23, 18], [22, 17], [21, 17], [20, 16], [19, 15], [18, 16]]
[[26, 19], [25, 18], [24, 18], [23, 19], [22, 19], [21, 18], [20, 17], [19, 16], [18, 16]]
[[26, 19], [25, 19], [24, 19], [23, 19], [22, 18], [21, 19], [20, 18], [19, 17], [18, 16]]
[[26, 19], [25, 19], [24, 19], [23, 18], [22, 17], [21, 16], [21, 15], [20, 16], [19, 16], [18, 16]]
[[26, 19], [25, 19], [24, 18], [23, 17], [22, 17], [21, 16], [20, 15], [19, 16], [18, 17], [18, 16]]
[[26, 19], [25, 19], [25, 18], [24, 18], [23, 19], [22, 18], [21, 17], [20, 17], [19, 16], [18, 16]]
[[26, 19], [25, 19], [24, 18], [24, 19], [23, 18], [23, 17], [22, 18], [21, 18], [20, 18], [19, 17], [18, 16]]
[[26, 19], [25, 18], [24, 18], [24, 19], [23, 19], [22, 18], [21, 17], [20, 17], [19, 17], [18, 18], [17, 17], [18, 16]]
[[26, 19], [25, 19], [24, 18], [23, 17], [22, 17], [22, 18], [21, 17], [20, 17], [21, 18], [21, 17], [20, 16], [19, 15], [18, 14], [19, 15], [19, 16], [18, 16]]
[[26, 19], [25, 18], [24, 18], [23, 18], [23, 17], [22, 17], [22, 18], [21, 19], [20, 19], [20, 18], [19, 17], [18, 18], [17, 19], [16, 18], [16, 19], [17, 18], [18, 17], [17, 17], [18, 16]]
[[26, 19], [25, 19], [26, 19], [27, 19], [26, 18], [26, 17], [27, 16], [28, 17], [29, 17], [28, 16], [29, 15], [28, 15], [27, 14], [26, 14], [27, 14], [27, 15], [26, 16], [25, 15], [24, 16], [24, 15], [23, 16], [22, 15], [22, 16], [22, 17], [21, 17], [20, 18], [19, 17], [18, 16], [17, 17], [18, 18], [18, 19], [17, 19], [17, 18], [18, 17], [18, 16]]
[[26, 19], [27, 19], [26, 18], [25, 17], [25, 16], [25, 15], [24, 15], [23, 14], [24, 13], [24, 14], [25, 14], [26, 15], [26, 16], [27, 15], [26, 14], [26, 13], [27, 12], [28, 11], [27, 10], [26, 11], [25, 11], [25, 12], [24, 11], [23, 10], [22, 9], [21, 9], [20, 8], [20, 7], [19, 6], [20, 6], [19, 7], [18, 8], [19, 9], [18, 9], [18, 10], [19, 11], [18, 12], [19, 13], [18, 14], [17, 13], [16, 13], [17, 12], [18, 11], [19, 12], [18, 13], [19, 14], [20, 13], [21, 14], [22, 15], [23, 16], [22, 17], [21, 16], [20, 17], [21, 18], [21, 17], [20, 16], [19, 16], [20, 15], [19, 15], [18, 14], [17, 14], [18, 15], [19, 16], [20, 15], [20, 16], [20, 15], [21, 16], [22, 15], [23, 15], [24, 15], [24, 16], [23, 17], [24, 16], [23, 16], [22, 15], [22, 16], [22, 17], [23, 17], [22, 18], [21, 18], [20, 19], [19, 18], [20, 19], [19, 18], [18, 18], [18, 19], [17, 18], [16, 18], [17, 17], [18, 17], [17, 17], [18, 16]]
