[[26, 10], [26, 9], [26, 8], [26, 7], [27, 6], [26, 5], [26, 4], [25, 3], [24, 2], [23, 1], [22, 0]]
[[26, 10], [25, 9], [25, 8], [24, 7], [25, 6], [25, 5], [24, 4], [25, 3], [24, 2], [23, 1], [22, 0]]
[[26, 10], [25, 9], [24, 8], [24, 7], [24, 6], [24, 5], [23, 4], [24, 3], [23, 2], [22, 1], [22, 0]]
[[26, 10], [27, 9], [27, 8], [27, 7], [26, 6], [26, 5], [25, 4], [25, 3], [24, 2], [23, 1], [22, 0]]
[[26, 10], [25, 9], [24, 8], [23, 7], [24, 6], [25, 5], [25, 4], [25, 3], [24, 2], [23, 1], [22, 0]]
[[26, 10], [25, 9], [26, 8], [27, 7], [27, 6], [26, 5], [25, 4], [24, 3], [24, 2], [23, 1], [22, 0]]
[[26, 10], [25, 9], [26, 8], [26, 7], [27, 6], [26, 5], [25, 4], [24, 3], [23, 2], [23, 1], [22, 0]]
[[26, 10], [26, 9], [26, 8], [26, 7], [25, 6], [24, 5], [24, 4], [25, 3], [24, 2], [23, 1], [22, 0]]
[[26, 10], [25, 9], [25, 8], [24, 7], [25, 6], [25, 5], [24, 4], [25, 3], [24, 2], [23, 1], [22, 0]]
[[26, 10], [26, 9], [26, 8], [26, 7], [27, 6], [26, 5], [26, 4], [25, 3], [24, 2], [23, 1], [22, 0]]
[[26, 10], [26, 9], [25, 8], [25, 7], [25, 6], [24, 5], [24, 4], [25, 3], [24, 2], [23, 1], [22, 0]]
[[26, 10], [27, 9], [27, 8], [27, 7], [26, 6], [25, 5], [25, 4], [24, 3], [23, 2], [23, 1], [22, 0]]
[[26, 10], [27, 9], [27, 8], [28, 7], [27, 6], [26, 5], [25, 4], [24, 3], [23, 2], [22, 1], [22, 0]]
[[26, 10], [25, 9], [24, 8], [23, 7], [24, 7], [25, 7], [24, 6], [24, 5], [24, 4], [23, 4], [23, 3], [22, 3], [22, 2], [22, 1], [22, 0]]
[[26, 10], [25, 9], [25, 8], [24, 8], [23, 8], [22, 7], [23, 6], [23, 5], [23, 4], [22, 4], [23, 3], [22, 2], [21, 2], [22, 1], [21, 1], [22, 0]]
[[26, 10], [27, 10], [27, 9], [28, 10], [29, 9], [28, 8], [28, 7], [27, 6], [27, 5], [26, 4], [26, 3], [26, 2], [27, 2], [28, 3], [29, 4], [29, 5], [28, 5], [27, 4], [28, 4], [29, 3], [28, 2], [28, 1], [29, 1], [29, 0], [28, 0], [27, 1], [26, 0], [27, 0], [26, 1], [25, 0], [24, 1], [24, 2], [23, 2], [22, 3], [22, 4], [21, 3], [22, 2], [21, 2], [20, 2], [21, 1], [22, 1], [21, 0], [22, 0]]
[[26, 10], [27, 9], [28, 10], [29, 10], [29, 9], [29, 8], [28, 7], [28, 6], [29, 5], [28, 4], [28, 5], [27, 4], [26, 5], [25, 6], [24, 6], [23, 6], [23, 5], [22, 4], [23, 3], [24, 4], [25, 4], [25, 3], [26, 3], [27, 2], [26, 1], [25, 1], [24, 1], [23, 2], [24, 3], [25, 2], [24, 3], [23, 3], [22, 2], [21, 1], [20, 1], [19, 2], [18, 1], [19, 1], [20, 1], [20, 2], [20, 1], [21, 1], [21, 0], [22, 0]]
[[26, 10], [25, 9], [26, 8], [27, 9], [26, 9], [25, 8], [25, 7], [25, 6], [24, 6], [23, 6], [23, 5], [23, 4], [22, 4], [21, 4], [20, 5], [19, 5], [18, 5], [17, 5], [18, 4], [19, 3], [18, 2], [19, 2], [19, 3], [18, 4], [17, 4], [17, 5], [16, 6], [15, 6], [15, 5], [14, 4], [14, 5], [13, 4], [13, 5], [13, 4], [13, 3], [12, 2], [13, 1], [13, 0], [14, 0], [13, 1], [12, 2], [13, 2], [13, 3], [12, 4], [11, 4], [10, 5], [10, 6], [9, 6], [8, 5], [8, 6], [8, 7], [9, 7], [10, 8], [10, 7], [11, 7], [12, 8], [13, 8], [13, 9], [13, 10], [14, 10], [15, 11], [14, 11], [15, 12], [16, 12], [16, 11], [16, 10], [16, 9], [17, 10], [16, 9], [15, 8], [16, 8], [17, 8], [17, 7], [18, 7], [19, 7], [19, 6], [19, 5], [20, 4], [21, 3], [21, 2], [21, 1], [21, 0], [21, 1], [22, 0], [21, 1], [22, 0]]
[[26, 10], [25, 10], [24, 9], [24, 10], [24, 11], [23, 12], [24, 13], [25, 13], [24, 12], [23, 11], [22, 10], [23, 9], [22, 8], [23, 7], [22, 6], [21, 6], [21, 5], [20, 4], [21, 4], [22, 4], [22, 3], [23, 2], [22, 1], [21, 0], [20, 0], [20, 1], [20, 2], [21, 2], [21, 3], [22, 2], [23, 3], [23, 4], [22, 5], [23, 6], [23, 5], [24, 5], [24, 6], [25, 7], [24, 8], [23, 8], [22, 9], [21, 9], [21, 10], [20, 9], [20, 10], [19, 9], [19, 10], [19, 11], [18, 11], [18, 10], [17, 9], [16, 10], [16, 9], [15, 8], [14, 8], [13, 9], [13, 10], [14, 9], [14, 10], [15, 11], [15, 12], [16, 13], [17, 14], [18, 14], [19, 14], [19, 13], [20, 14], [21, 13], [22, 13], [23, 13], [22, 14], [21, 14], [20, 15], [21, 15], [21, 16], [20, 17], [20, 16], [21, 17], [21, 18], [22, 18], [22, 17], [22, 16], [23, 16], [24, 17], [24, 18], [25, 17], [25, 16], [26, 15], [26, 16], [25, 15], [25, 14], [26, 13], [26, 12], [27, 13], [28, 14], [29, 14], [28, 13], [29, 13], [29, 12], [29, 11], [28, 10], [29, 10], [29, 9], [28, 8], [27, 8], [26, 8], [27, 9], [27, 10], [26, 9], [25, 8], [24, 7], [25, 6], [25, 5], [25, 4], [24, 3], [24, 4], [25, 3], [26, 2], [27, 1], [28, 2], [29, 1], [28, 1], [27, 2], [28, 3], [29, 4], [29, 5], [28, 6], [28, 7], [27, 7], [27, 6], [26, 5], [26, 6], [27, 5], [27, 4], [28, 3], [27, 2], [26, 2], [25, 3], [25, 2], [24, 1], [23, 1], [22, 2], [22, 1], [21, 0], [20, 0], [19, 0], [20, 1], [19, 2], [18, 1], [18, 0], [19, 1], [20, 2], [21, 3], [21, 2], [21, 1], [22, 0]]
