[[26, 14], [27, 13], [27, 12], [27, 11], [26, 10], [26, 9], [26, 8], [26, 7], [27, 6], [27, 5], [26, 4], [27, 3], [28, 2], [28, 1], [29, 0]]
[[26, 14], [26, 13], [27, 12], [28, 11], [27, 10], [27, 9], [27, 8], [27, 7], [27, 6], [28, 5], [28, 4], [28, 3], [29, 2], [28, 1], [29, 0]]
[[26, 14], [26, 13], [27, 12], [27, 11], [28, 10], [28, 9], [29, 8], [28, 7], [28, 6], [29, 5], [29, 4], [28, 3], [28, 2], [29, 1], [29, 0]]
[[26, 14], [27, 13], [28, 12], [27, 11], [27, 10], [28, 9], [29, 8], [29, 7], [28, 6], [28, 5], [29, 4], [28, 3], [29, 2], [28, 1], [29, 0]]
[[26, 14], [27, 13], [27, 12], [27, 11], [26, 10], [26, 9], [26, 8], [26, 7], [27, 6], [27, 5], [26, 4], [27, 3], [28, 2], [28, 1], [29, 0]]
[[26, 14], [26, 13], [27, 12], [27, 11], [27, 10], [27, 9], [27, 8], [28, 7], [27, 6], [28, 5], [28, 4], [27, 3], [27, 2], [28, 1], [29, 0]]
[[26, 14], [27, 13], [28, 12], [29, 11], [29, 10], [28, 9], [29, 8], [28, 7], [28, 6], [29, 5], [28, 4], [28, 3], [28, 2], [29, 1], [29, 0]]
[[26, 14], [27, 13], [27, 12], [27, 11], [28, 10], [29, 9], [29, 8], [29, 7], [28, 6], [29, 5], [28, 4], [27, 3], [27, 2], [28, 1], [29, 0]]
[[26, 14], [26, 13], [27, 12], [27, 11], [28, 10], [27, 9], [27, 8], [28, 7], [27, 6], [28, 5], [29, 4], [29, 3], [29, 2], [28, 1], [29, 0]]
[[26, 14], [27, 13], [28, 12], [27, 11], [27, 10], [28, 9], [28, 8], [29, 7], [28, 6], [28, 5], [27, 4], [28, 3], [27, 2], [28, 1], [29, 0]]
[[26, 14], [27, 13], [27, 12], [27, 11], [26, 10], [26, 9], [27, 8], [27, 7], [26, 6], [25, 5], [26, 4], [27, 3], [28, 2], [29, 1], [29, 0]]
[[26, 14], [27, 13], [28, 12], [28, 11], [29, 10], [29, 9], [28, 8], [27, 7], [27, 6], [28, 5], [27, 4], [28, 3], [27, 2], [28, 1], [29, 0]]
[[26, 14], [26, 13], [27, 12], [27, 11], [27, 10], [26, 9], [27, 8], [26, 7], [26, 6], [27, 5], [27, 4], [28, 3], [28, 2], [28, 1], [29, 0]]
[[26, 14], [27, 13], [28, 12], [28, 11], [28, 10], [28, 9], [28, 8], [29, 7], [28, 6], [27, 5], [28, 4], [27, 3], [28, 2], [29, 1], [29, 0]]
[[26, 14], [27, 13], [27, 12], [28, 11], [29, 10], [29, 9], [28, 8], [29, 7], [28, 6], [27, 5], [28, 4], [29, 3], [29, 2], [28, 1], [29, 0]]
[[26, 14], [27, 13], [27, 12], [27, 11], [26, 10], [26, 9], [27, 8], [26, 7], [27, 6], [27, 5], [26, 4], [27, 3], [27, 2], [28, 1], [29, 0]]
[[26, 14], [27, 13], [28, 12], [27, 12], [28, 11], [27, 10], [27, 9], [26, 8], [27, 7], [28, 6], [28, 5], [27, 4], [27, 3], [28, 2], [28, 1], [29, 0]]
[[26, 14], [26, 13], [27, 12], [27, 11], [27, 10], [27, 9], [27, 8], [28, 7], [28, 6], [28, 5], [29, 4], [29, 3], [28, 2], [27, 1], [28, 1], [29, 0]]
[[26, 14], [27, 14], [28, 13], [28, 12], [27, 12], [27, 13], [27, 12], [28, 12], [27, 11], [28, 10], [27, 9], [28, 8], [29, 7], [28, 6], [29, 5], [29, 4], [28, 3], [29, 2], [28, 1], [29, 0]]
[[26, 14], [26, 13], [27, 13], [28, 12], [27, 11], [27, 12], [28, 11], [27, 10], [27, 9], [27, 8], [28, 8], [27, 7], [28, 6], [28, 5], [27, 6], [28, 5], [29, 4], [29, 3], [29, 2], [28, 1], [29, 0]]
