[[8, 19], [7, 18], [7, 17], [7, 16], [8, 15], [8, 14], [8, 13], [8, 12], [7, 11], [6, 10], [5, 9], [6, 8], [5, 7], [6, 6], [5, 5], [6, 4], [5, 3], [4, 2], [5, 1], [6, 0]]
[[8, 19], [8, 18], [7, 17], [7, 16], [6, 15], [6, 14], [7, 13], [7, 12], [7, 11], [6, 10], [5, 9], [4, 8], [4, 7], [4, 6], [3, 5], [4, 4], [5, 3], [6, 2], [7, 1], [6, 0]]
[[8, 19], [9, 18], [8, 17], [7, 16], [8, 15], [8, 14], [7, 13], [7, 12], [7, 11], [6, 10], [7, 9], [6, 8], [5, 7], [6, 6], [7, 5], [6, 4], [6, 3], [6, 2], [6, 1], [6, 0]]
[[8, 19], [7, 18], [7, 17], [7, 16], [8, 15], [8, 14], [8, 13], [8, 12], [7, 11], [6, 10], [5, 9], [6, 8], [5, 7], [6, 6], [5, 5], [6, 4], [5, 3], [4, 2], [5, 1], [6, 0]]
[[8, 19], [8, 18], [7, 17], [7, 16], [7, 15], [6, 14], [7, 13], [7, 12], [7, 11], [7, 10], [6, 9], [6, 8], [5, 7], [4, 6], [3, 5], [4, 4], [5, 3], [5, 2], [5, 1], [6, 0]]
[[8, 19], [9, 18], [8, 17], [7, 16], [8, 15], [8, 14], [7, 13], [7, 12], [7, 11], [6, 10], [5, 9], [4, 8], [3, 7], [3, 6], [3, 5], [3, 4], [4, 3], [4, 2], [5, 1], [6, 0]]
[[8, 19], [8, 18], [7, 17], [8, 16], [7, 15], [8, 14], [8, 13], [7, 12], [7, 11], [6, 10], [5, 9], [5, 8], [6, 7], [5, 6], [4, 5], [4, 4], [5, 3], [5, 2], [5, 1], [6, 0]]
[[8, 19], [9, 18], [10, 17], [9, 16], [8, 15], [8, 14], [8, 13], [7, 12], [7, 11], [7, 10], [6, 9], [5, 8], [4, 7], [5, 6], [4, 5], [4, 4], [5, 3], [6, 2], [6, 1], [6, 0]]
[[8, 19], [8, 18], [8, 17], [7, 16], [8, 15], [7, 14], [7, 13], [7, 12], [7, 11], [7, 10], [6, 9], [6, 8], [5, 7], [5, 6], [4, 5], [4, 4], [4, 3], [5, 2], [6, 1], [6, 0]]
[[8, 19], [8, 18], [7, 17], [8, 16], [9, 15], [8, 14], [8, 13], [8, 12], [7, 11], [6, 10], [7, 9], [6, 8], [5, 7], [4, 6], [5, 5], [6, 4], [7, 3], [7, 2], [6, 1], [6, 0]]
[[8, 19], [7, 18], [7, 17], [8, 16], [8, 15], [8, 14], [7, 13], [7, 12], [7, 11], [7, 10], [6, 9], [5, 8], [4, 7], [5, 6], [5, 5], [6, 4], [5, 3], [4, 2], [5, 1], [6, 0]]
[[8, 19], [7, 18], [8, 17], [7, 16], [6, 15], [6, 14], [7, 13], [7, 12], [7, 11], [6, 10], [6, 9], [6, 8], [5, 7], [5, 6], [4, 5], [4, 4], [4, 3], [4, 2], [5, 1], [6, 0]]
[[8, 19], [9, 18], [8, 17], [7, 16], [8, 15], [8, 14], [7, 13], [7, 12], [7, 11], [6, 10], [5, 9], [6, 8], [5, 7], [4, 7], [3, 6], [4, 5], [3, 5], [4, 4], [5, 3], [4, 2], [5, 1], [6, 0]]
[[8, 19], [8, 18], [8, 17], [8, 16], [9, 15], [8, 14], [7, 13], [7, 12], [7, 11], [7, 10], [6, 9], [5, 9], [6, 9], [7, 8], [8, 7], [7, 6], [8, 5], [8, 4], [7, 3], [6, 2], [6, 1], [6, 0]]
[[8, 19], [8, 18], [8, 17], [8, 16], [7, 16], [7, 15], [6, 14], [7, 13], [8, 12], [9, 11], [9, 10], [8, 9], [9, 8], [8, 7], [8, 6], [7, 6], [8, 6], [7, 5], [6, 4], [5, 3], [4, 2], [5, 1], [5, 0], [6, 0]]
[[8, 19], [7, 18], [7, 17], [6, 17], [5, 16], [6, 15], [5, 14], [6, 13], [7, 12], [8, 11], [7, 10], [6, 9], [5, 8], [4, 7], [3, 6], [4, 5], [4, 4], [5, 3], [5, 2], [4, 2], [5, 2], [6, 2], [5, 1], [6, 0]]
[[8, 19], [8, 18], [8, 17], [8, 16], [7, 15], [7, 14], [8, 13], [7, 12], [7, 11], [7, 10], [6, 9], [5, 8], [4, 7], [3, 7], [3, 6], [4, 5], [3, 5], [4, 5], [3, 5], [3, 4], [4, 3], [5, 2], [5, 1], [6, 0]]
[[8, 19], [8, 18], [8, 17], [8, 16], [7, 16], [7, 15], [6, 14], [7, 13], [8, 12], [7, 12], [7, 11], [7, 10], [7, 9], [6, 8], [5, 8], [5, 7], [4, 6], [4, 5], [4, 6], [5, 5], [6, 4], [5, 3], [6, 2], [7, 1], [6, 0]]
[[8, 19], [9, 18], [8, 17], [7, 16], [6, 15], [7, 15], [8, 14], [7, 13], [8, 12], [8, 11], [9, 11], [10, 10], [10, 9], [9, 9], [9, 8], [8, 7], [9, 6], [10, 6], [9, 5], [8, 6], [7, 5], [6, 4], [7, 3], [7, 2], [6, 1], [5, 0], [6, 0]]
[[8, 19], [7, 18], [6, 18], [7, 17], [8, 16], [7, 15], [6, 14], [7, 14], [8, 13], [8, 12], [9, 11], [10, 10], [9, 10], [8, 9], [9, 9], [8, 8], [7, 9], [6, 8], [7, 8], [8, 7], [7, 6], [8, 6], [8, 5], [7, 4], [8, 3], [7, 2], [7, 1], [6, 0]]
