[[14, 19], [14, 18], [14, 17], [15, 16], [15, 15], [16, 14], [15, 13], [15, 12]]
[[14, 19], [14, 18], [14, 17], [15, 16], [15, 15], [14, 14], [15, 13], [15, 12]]
[[14, 19], [14, 18], [14, 17], [15, 16], [16, 15], [16, 14], [15, 13], [15, 12]]
[[14, 19], [14, 18], [14, 17], [15, 16], [16, 15], [16, 14], [15, 13], [15, 12]]
[[14, 19], [14, 18], [14, 17], [14, 16], [14, 15], [13, 14], [14, 13], [15, 12]]
[[14, 19], [14, 18], [14, 17], [15, 16], [15, 15], [14, 14], [15, 13], [15, 12]]
[[14, 19], [14, 18], [14, 17], [15, 16], [15, 15], [14, 14], [14, 13], [15, 12]]
[[14, 19], [14, 18], [14, 17], [15, 16], [15, 15], [14, 14], [15, 13], [15, 12]]
[[14, 19], [14, 18], [14, 17], [14, 16], [13, 15], [14, 14], [14, 13], [15, 12]]
[[14, 19], [14, 18], [14, 17], [14, 16], [13, 15], [14, 14], [15, 13], [15, 12]]
[[14, 19], [14, 18], [14, 17], [15, 16], [16, 15], [16, 14], [15, 13], [15, 12]]
[[14, 19], [14, 18], [14, 17], [15, 16], [15, 15], [16, 14], [15, 13], [15, 12]]
[[14, 19], [14, 18], [14, 17], [15, 16], [15, 15], [16, 14], [16, 13], [15, 12]]
[[14, 19], [15, 19], [16, 18], [17, 17], [16, 16], [16, 15], [16, 14], [16, 13], [15, 12]]
[[14, 19], [13, 19], [14, 18], [14, 17], [14, 16], [14, 15], [13, 15], [12, 14], [13, 13], [14, 13], [15, 12]]
[[14, 19], [15, 19], [16, 18], [17, 17], [18, 16], [17, 15], [18, 14], [17, 13], [17, 14], [18, 13], [19, 13], [20, 13], [19, 12], [19, 11], [18, 11], [18, 10], [17, 9], [18, 9], [18, 8], [17, 8], [17, 7], [16, 7], [15, 6], [15, 7], [16, 8], [15, 9], [14, 10], [13, 10], [12, 10], [13, 9], [14, 9], [13, 8], [12, 9], [12, 8], [13, 7], [14, 7], [14, 8], [15, 8], [16, 9], [17, 10], [16, 10], [15, 10], [16, 11], [15, 12]]
[[14, 19], [13, 19], [14, 18], [15, 19], [16, 19], [17, 18], [17, 17], [16, 18], [17, 19], [18, 19], [19, 19], [18, 18], [19, 17], [18, 16], [17, 15], [16, 16], [15, 16], [14, 17], [14, 16], [15, 15], [16, 16], [17, 16], [16, 15], [16, 14], [17, 13], [18, 14], [19, 15], [19, 14], [19, 13], [18, 13], [17, 12], [18, 12], [19, 11], [18, 11], [17, 10], [17, 9], [18, 8], [19, 8], [20, 8], [21, 7], [21, 6], [20, 5], [19, 5], [18, 5], [19, 4], [19, 3], [19, 2], [19, 1], [19, 0], [20, 1], [21, 0], [21, 1], [20, 2], [20, 3], [21, 2], [22, 1], [23, 0], [24, 0], [25, 0], [25, 1], [24, 1], [24, 2], [25, 2], [25, 3], [24, 3], [23, 3], [22, 3], [21, 3], [21, 4], [20, 4], [21, 5], [20, 6], [20, 7], [21, 8], [22, 7], [23, 6], [24, 7], [25, 8], [24, 9], [25, 9], [26, 9], [25, 10], [24, 10], [23, 10], [22, 10], [23, 11], [22, 11], [22, 12], [23, 13], [24, 13], [23, 12], [22, 13], [21, 14], [21, 15], [20, 14], [21, 13], [20, 13], [21, 12], [20, 11], [19, 10], [18, 9], [19, 9], [20, 9], [21, 10], [22, 9], [23, 8], [23, 7], [22, 6], [23, 5], [22, 5], [22, 4], [23, 4], [24, 5], [24, 6], [25, 7], [26, 8], [27, 7], [28, 7], [28, 6], [28, 5], [27, 6], [26, 7], [26, 6], [27, 5], [26, 4], [25, 4], [26, 3], [27, 2], [28, 2], [29, 2], [29, 1], [29, 0], [28, 0], [27, 0], [26, 0], [26, 1], [27, 1], [26, 2], [27, 3], [28, 3], [29, 3], [29, 4], [29, 5], [29, 6], [29, 7], [28, 8], [29, 8], [28, 9], [29, 9], [29, 10], [29, 11], [28, 10], [28, 11], [27, 11], [26, 10], [25, 11], [24, 12], [25, 12], [26, 13], [25, 13], [25, 14], [25, 15], [24, 15], [25, 16], [26, 17], [27, 18], [28, 19], [29, 18], [28, 18], [29, 17], [28, 17], [27, 16], [26, 15], [26, 16], [25, 17], [25, 18], [26, 19], [25, 19], [24, 18], [24, 19], [23, 18], [24, 17], [23, 17], [22, 18], [22, 17], [22, 16], [21, 16], [20, 17], [21, 18], [20, 19], [19, 19], [20, 18], [19, 17], [18, 17], [18, 18], [17, 18], [16, 17], [17, 17], [18, 16], [17, 15], [18, 15], [17, 14], [16, 13], [15, 12]]
