[[27, 7], [26, 8], [25, 9], [24, 10], [23, 11], [22, 12], [21, 13], [20, 12], [19, 11], [18, 11], [17, 11], [16, 10], [15, 9], [14, 9], [13, 10], [12, 9], [11, 8], [10, 8], [9, 7], [8, 6], [7, 5], [6, 5], [5, 6], [4, 7], [3, 6], [2, 5], [1, 5]]
[[27, 7], [26, 8], [25, 9], [24, 10], [23, 11], [22, 12], [21, 13], [20, 12], [19, 12], [18, 11], [17, 10], [16, 9], [15, 10], [14, 9], [13, 8], [12, 7], [11, 7], [10, 7], [9, 7], [8, 8], [7, 9], [6, 8], [5, 8], [4, 7], [3, 6], [2, 6], [1, 5]]
[[27, 7], [26, 8], [25, 9], [24, 10], [23, 11], [22, 12], [21, 12], [20, 11], [19, 11], [18, 12], [17, 11], [16, 10], [15, 9], [14, 8], [13, 8], [12, 7], [11, 6], [10, 7], [9, 8], [8, 7], [7, 7], [6, 8], [5, 8], [4, 7], [3, 7], [2, 6], [1, 5]]
[[27, 7], [26, 8], [25, 9], [24, 10], [23, 11], [22, 12], [21, 13], [20, 12], [19, 11], [18, 11], [17, 11], [16, 10], [15, 9], [14, 9], [13, 10], [12, 9], [11, 8], [10, 8], [9, 7], [8, 6], [7, 5], [6, 5], [5, 6], [4, 7], [3, 6], [2, 5], [1, 5]]
[[27, 7], [26, 8], [25, 9], [24, 10], [23, 11], [22, 12], [21, 12], [20, 11], [19, 10], [18, 9], [17, 8], [16, 9], [15, 8], [14, 8], [13, 8], [12, 7], [11, 7], [10, 8], [9, 7], [8, 6], [7, 7], [6, 8], [5, 8], [4, 7], [3, 6], [2, 6], [1, 5]]
[[27, 7], [26, 8], [25, 9], [24, 10], [23, 11], [22, 12], [21, 12], [20, 11], [19, 10], [18, 10], [17, 10], [16, 9], [15, 8], [14, 7], [13, 6], [12, 7], [11, 6], [10, 7], [9, 8], [8, 9], [7, 8], [6, 9], [5, 8], [4, 7], [3, 6], [2, 5], [1, 5]]
[[27, 7], [26, 8], [25, 9], [24, 10], [23, 11], [22, 12], [21, 12], [20, 12], [19, 11], [18, 10], [17, 9], [16, 9], [15, 8], [14, 8], [13, 7], [12, 6], [11, 6], [10, 7], [9, 7], [8, 8], [7, 9], [6, 8], [5, 8], [4, 8], [3, 7], [2, 6], [1, 5]]
[[27, 7], [26, 8], [25, 9], [24, 10], [23, 11], [22, 12], [21, 12], [20, 11], [19, 12], [18, 11], [17, 10], [16, 9], [15, 10], [14, 9], [13, 10], [12, 9], [11, 9], [10, 8], [9, 8], [8, 8], [7, 9], [6, 9], [5, 8], [4, 7], [3, 6], [2, 5], [1, 5]]
[[27, 7], [26, 8], [25, 9], [24, 10], [23, 11], [22, 12], [21, 13], [20, 12], [19, 11], [18, 12], [17, 11], [16, 10], [15, 9], [14, 8], [13, 8], [12, 7], [11, 8], [10, 7], [9, 8], [8, 8], [7, 9], [6, 9], [5, 8], [4, 8], [3, 7], [2, 6], [1, 5]]
[[27, 7], [26, 8], [25, 9], [24, 10], [23, 11], [22, 12], [21, 12], [20, 11], [19, 11], [18, 12], [17, 11], [16, 10], [15, 9], [14, 8], [13, 8], [12, 7], [11, 6], [10, 7], [9, 8], [8, 7], [7, 7], [6, 8], [5, 8], [4, 7], [3, 7], [2, 6], [1, 5]]
[[27, 7], [26, 8], [25, 9], [24, 10], [23, 11], [22, 12], [21, 13], [20, 13], [19, 12], [18, 11], [17, 10], [16, 9], [15, 10], [14, 9], [13, 8], [12, 9], [11, 8], [10, 8], [9, 9], [8, 10], [7, 9], [6, 8], [5, 8], [4, 8], [3, 7], [2, 6], [1, 5]]
[[27, 7], [26, 8], [25, 9], [24, 10], [23, 11], [22, 12], [21, 12], [20, 13], [19, 12], [18, 11], [17, 10], [16, 9], [15, 9], [14, 8], [13, 7], [12, 7], [11, 6], [10, 5], [9, 6], [8, 7], [7, 7], [6, 7], [5, 8], [4, 7], [3, 7], [2, 6], [1, 5]]
[[27, 7], [26, 8], [25, 9], [24, 10], [23, 11], [22, 12], [21, 12], [20, 11], [19, 11], [18, 11], [17, 10], [16, 9], [15, 9], [14, 8], [13, 7], [12, 7], [11, 7], [10, 6], [9, 7], [8, 8], [7, 9], [6, 9], [5, 8], [4, 7], [3, 7], [2, 6], [1, 5]]
[[27, 7], [26, 8], [25, 9], [24, 10], [23, 11], [22, 12], [21, 12], [20, 12], [19, 11], [18, 10], [17, 11], [16, 10], [15, 10], [14, 9], [13, 8], [12, 7], [11, 7], [10, 6], [9, 7], [8, 8], [7, 8], [6, 8], [5, 8], [4, 7], [3, 6], [2, 6], [1, 5]]
[[27, 7], [26, 8], [25, 9], [24, 10], [23, 11], [22, 12], [21, 12], [20, 12], [19, 11], [18, 12], [17, 12], [16, 11], [15, 10], [14, 9], [13, 8], [12, 7], [11, 6], [10, 6], [9, 5], [8, 6], [7, 7], [6, 8], [5, 8], [4, 7], [3, 6], [2, 6], [1, 5]]
[[27, 7], [26, 8], [25, 9], [24, 10], [23, 11], [22, 12], [21, 12], [20, 13], [19, 12], [18, 11], [17, 10], [16, 9], [15, 9], [14, 8], [13, 7], [12, 6], [11, 7], [10, 8], [9, 9], [8, 9], [7, 10], [6, 9], [5, 8], [4, 8], [3, 7], [2, 6], [1, 5]]
[[27, 7], [26, 8], [25, 9], [24, 10], [24, 11], [23, 12], [22, 13], [21, 12], [21, 13], [20, 12], [20, 13], [20, 12], [19, 11], [18, 11], [17, 11], [16, 10], [15, 9], [14, 8], [13, 7], [12, 7], [11, 6], [10, 7], [9, 8], [8, 7], [7, 7], [6, 7], [5, 8], [6, 8], [6, 9], [5, 8], [4, 7], [3, 6], [2, 6], [1, 5]]
[[27, 7], [26, 7], [25, 8], [25, 9], [25, 10], [24, 11], [23, 12], [22, 12], [21, 13], [20, 12], [19, 11], [18, 11], [17, 11], [16, 11], [17, 10], [16, 9], [15, 8], [14, 9], [13, 9], [12, 9], [11, 8], [11, 9], [10, 8], [9, 8], [8, 8], [8, 7], [8, 6], [7, 5], [8, 6], [7, 7], [7, 8], [6, 8], [5, 8], [5, 9], [4, 8], [3, 7], [2, 6], [1, 5]]
[[27, 7], [26, 7], [25, 7], [25, 8], [26, 9], [25, 9], [24, 10], [24, 11], [23, 12], [22, 12], [21, 13], [20, 12], [19, 11], [18, 11], [17, 11], [16, 11], [17, 10], [16, 9], [15, 8], [14, 9], [13, 9], [12, 9], [11, 8], [11, 9], [10, 8], [9, 8], [8, 8], [8, 7], [8, 6], [7, 5], [8, 6], [7, 7], [7, 8], [6, 8], [5, 8], [5, 9], [4, 8], [3, 7], [2, 6], [1, 5]]
[[27, 7], [26, 8], [26, 9], [26, 8], [25, 9], [24, 10], [23, 11], [22, 12], [21, 12], [21, 13], [21, 12], [20, 13], [19, 14], [20, 13], [19, 12], [19, 11], [18, 11], [17, 10], [16, 10], [15, 10], [14, 9], [13, 8], [12, 7], [11, 8], [10, 7], [10, 6], [9, 6], [8, 7], [9, 8], [8, 7], [7, 7], [6, 8], [6, 7], [7, 8], [7, 9], [6, 10], [5, 9], [4, 8], [4, 7], [3, 6], [2, 5], [1, 4], [2, 5], [3, 6], [2, 5], [1, 5]]
