[[18, 4], [17, 5], [18, 6], [19, 7], [18, 8], [19, 9], [19, 10], [18, 11], [18, 12], [18, 13], [17, 14], [16, 15], [17, 16], [17, 17], [16, 18]]
[[18, 4], [18, 5], [18, 6], [18, 7], [18, 8], [18, 9], [18, 10], [18, 11], [18, 12], [18, 13], [17, 14], [16, 15], [15, 16], [15, 17], [16, 18]]
[[18, 4], [18, 5], [19, 6], [20, 7], [19, 8], [18, 9], [17, 10], [17, 11], [17, 12], [18, 13], [17, 14], [16, 15], [15, 16], [16, 17], [16, 18]]
[[18, 4], [17, 5], [18, 6], [19, 7], [19, 8], [18, 9], [17, 10], [17, 11], [17, 12], [16, 13], [15, 14], [15, 15], [15, 16], [16, 17], [16, 18]]
[[18, 4], [17, 5], [18, 6], [19, 7], [18, 8], [19, 9], [19, 10], [18, 11], [18, 12], [18, 13], [17, 14], [16, 15], [17, 16], [17, 17], [16, 18]]
[[18, 4], [17, 5], [18, 6], [19, 7], [18, 8], [18, 9], [17, 10], [18, 11], [18, 12], [18, 13], [18, 14], [18, 15], [17, 16], [17, 17], [16, 18]]
[[18, 4], [19, 5], [18, 6], [19, 7], [20, 8], [21, 9], [21, 10], [20, 11], [19, 12], [18, 13], [17, 14], [16, 15], [17, 16], [16, 17], [16, 18]]
[[18, 4], [17, 5], [17, 6], [18, 7], [19, 8], [18, 9], [18, 10], [17, 11], [16, 12], [16, 13], [15, 14], [15, 15], [15, 16], [15, 17], [16, 18]]
[[18, 4], [18, 5], [19, 6], [18, 7], [17, 8], [18, 9], [18, 10], [17, 11], [16, 12], [15, 13], [16, 14], [15, 15], [15, 16], [16, 17], [16, 18]]
[[18, 4], [19, 5], [20, 6], [21, 7], [20, 8], [19, 9], [18, 10], [18, 11], [17, 12], [18, 13], [18, 14], [18, 15], [18, 16], [17, 17], [16, 18]]
[[18, 4], [18, 5], [18, 6], [18, 7], [19, 8], [19, 9], [18, 10], [17, 11], [17, 12], [18, 13], [17, 14], [18, 15], [17, 16], [17, 17], [16, 18]]
[[18, 4], [18, 5], [19, 6], [20, 7], [20, 8], [19, 9], [19, 10], [18, 11], [18, 12], [18, 13], [17, 14], [16, 15], [15, 16], [16, 17], [16, 18]]
[[18, 4], [18, 5], [19, 6], [19, 7], [19, 8], [18, 9], [19, 10], [18, 11], [18, 12], [18, 13], [18, 14], [18, 15], [17, 16], [16, 17], [16, 18]]
[[18, 4], [17, 5], [18, 6], [18, 7], [19, 8], [19, 9], [19, 10], [20, 11], [19, 12], [19, 13], [19, 14], [18, 15], [18, 16], [17, 17], [16, 18]]
[[18, 4], [17, 5], [17, 6], [18, 7], [18, 8], [19, 9], [18, 10], [17, 11], [16, 12], [16, 13], [15, 14], [14, 15], [15, 16], [15, 17], [16, 18]]
[[18, 4], [18, 5], [19, 6], [19, 7], [19, 8], [19, 9], [19, 10], [18, 11], [17, 12], [16, 13], [17, 14], [18, 15], [17, 16], [16, 17], [16, 18]]
[[18, 4], [19, 5], [18, 6], [18, 7], [17, 8], [16, 9], [17, 10], [17, 11], [17, 12], [18, 13], [17, 14], [16, 15], [15, 16], [16, 17], [16, 18]]
[[18, 4], [17, 4], [18, 5], [18, 6], [18, 7], [18, 8], [18, 9], [17, 10], [17, 11], [17, 12], [18, 13], [17, 14], [16, 15], [17, 16], [17, 17], [16, 18]]
[[18, 4], [17, 5], [18, 5], [19, 5], [19, 6], [18, 7], [19, 8], [18, 9], [19, 10], [19, 11], [19, 12], [18, 13], [17, 14], [16, 15], [17, 16], [17, 17], [16, 18]]
[[18, 4], [17, 4], [18, 5], [17, 6], [18, 7], [19, 7], [18, 8], [18, 9], [17, 10], [18, 11], [18, 10], [19, 11], [20, 12], [21, 12], [22, 11], [21, 11], [20, 12], [21, 13], [21, 14], [20, 15], [19, 16], [20, 16], [21, 17], [22, 16], [21, 17], [20, 17], [19, 18], [19, 19], [18, 19], [17, 18], [17, 17], [16, 18]]
