[[17, 1], [17, 2], [17, 3], [18, 4], [19, 5], [20, 6], [21, 7], [22, 8], [23, 9], [24, 10], [25, 11], [26, 12], [27, 12], [28, 13]]
[[17, 1], [17, 2], [17, 3], [18, 4], [19, 5], [20, 6], [21, 7], [22, 8], [23, 9], [24, 10], [25, 11], [26, 12], [27, 13], [28, 13]]
[[17, 1], [17, 2], [17, 3], [18, 4], [19, 5], [20, 6], [21, 7], [22, 8], [23, 9], [24, 10], [25, 11], [26, 12], [27, 12], [28, 13]]
[[17, 1], [16, 2], [17, 3], [18, 4], [19, 5], [20, 6], [21, 7], [22, 8], [23, 9], [24, 10], [25, 11], [26, 12], [27, 12], [28, 13]]
[[17, 1], [16, 2], [17, 3], [18, 4], [19, 5], [20, 6], [21, 7], [22, 8], [23, 9], [24, 10], [25, 11], [26, 11], [27, 12], [28, 13]]
[[17, 1], [16, 2], [17, 3], [18, 4], [19, 5], [20, 6], [21, 7], [22, 8], [23, 9], [24, 10], [25, 11], [26, 12], [27, 12], [28, 13]]
[[17, 1], [16, 2], [17, 3], [18, 4], [19, 5], [20, 6], [21, 7], [22, 8], [23, 9], [24, 10], [25, 10], [26, 11], [27, 12], [28, 13]]
[[17, 1], [16, 2], [17, 3], [18, 4], [19, 5], [20, 6], [21, 7], [22, 8], [23, 9], [24, 10], [25, 10], [26, 11], [27, 12], [28, 13]]
[[17, 1], [16, 2], [17, 3], [18, 4], [19, 5], [20, 6], [21, 7], [22, 8], [23, 9], [24, 9], [25, 10], [26, 11], [27, 12], [28, 13]]
[[17, 1], [17, 2], [17, 3], [18, 4], [19, 5], [20, 6], [21, 7], [22, 8], [23, 9], [24, 10], [25, 11], [26, 12], [27, 13], [28, 13]]
[[17, 1], [16, 2], [17, 3], [18, 4], [19, 5], [20, 6], [21, 7], [22, 8], [22, 9], [23, 10], [24, 11], [25, 12], [26, 13], [27, 12], [28, 13]]
[[17, 1], [17, 2], [17, 3], [18, 4], [18, 5], [19, 6], [20, 7], [21, 8], [22, 9], [23, 10], [24, 10], [25, 11], [26, 11], [27, 12], [28, 13]]
[[17, 1], [16, 2], [17, 3], [18, 4], [19, 5], [19, 6], [20, 7], [20, 8], [21, 8], [22, 9], [23, 10], [24, 10], [25, 11], [26, 12], [27, 12], [28, 13]]
[[17, 1], [17, 2], [17, 3], [18, 4], [19, 5], [19, 6], [20, 7], [21, 8], [22, 9], [23, 10], [24, 11], [25, 11], [26, 10], [26, 11], [27, 12], [28, 13]]
[[17, 1], [16, 2], [17, 3], [18, 4], [18, 5], [18, 6], [19, 7], [20, 8], [21, 8], [22, 8], [23, 9], [24, 10], [25, 11], [26, 12], [27, 12], [28, 13]]
[[17, 1], [16, 2], [17, 3], [18, 4], [19, 5], [19, 4], [18, 5], [19, 6], [20, 7], [21, 8], [22, 9], [23, 10], [24, 11], [25, 12], [26, 12], [27, 12], [28, 13]]
[[17, 1], [16, 2], [17, 3], [18, 4], [19, 5], [19, 6], [18, 7], [19, 7], [20, 8], [21, 9], [22, 9], [23, 10], [24, 10], [25, 11], [26, 12], [27, 12], [28, 13]]
[[17, 1], [17, 2], [17, 3], [18, 4], [18, 5], [19, 4], [18, 5], [19, 6], [18, 7], [19, 7], [20, 8], [20, 9], [21, 8], [21, 9], [22, 10], [23, 10], [24, 10], [24, 11], [25, 11], [26, 12], [27, 13], [28, 12], [28, 13]]
[[17, 1], [18, 1], [19, 0], [20, 1], [21, 2], [22, 3], [23, 3], [23, 4], [24, 3], [25, 4], [25, 3], [26, 2], [25, 1], [24, 0], [23, 1], [23, 0], [24, 1], [23, 1], [22, 0], [23, 1], [23, 2], [22, 3], [23, 3], [23, 4], [24, 5], [24, 6], [25, 7], [25, 8], [25, 9], [26, 10], [26, 11], [27, 12], [28, 13]]
[[17, 1], [16, 1], [15, 2], [16, 2], [17, 3], [18, 4], [19, 4], [19, 5], [20, 5], [19, 6], [19, 7], [19, 6], [20, 7], [19, 6], [19, 7], [20, 8], [21, 8], [22, 9], [23, 10], [24, 10], [25, 11], [24, 12], [23, 13], [24, 14], [23, 14], [23, 15], [24, 14], [25, 15], [26, 15], [26, 14], [27, 13], [26, 13], [27, 14], [27, 13], [26, 13], [27, 14], [28, 15], [29, 15], [29, 14], [29, 15], [29, 14], [29, 13], [28, 13]]
