[[2, 16], [2, 15], [3, 14], [3, 13], [4, 12], [5, 11], [5, 10], [6, 9], [7, 8], [8, 7], [9, 6]]
[[2, 16], [2, 15], [3, 14], [4, 13], [4, 12], [5, 11], [6, 10], [6, 9], [7, 8], [8, 7], [9, 6]]
[[2, 16], [3, 15], [3, 14], [3, 13], [4, 12], [5, 11], [5, 10], [6, 9], [7, 8], [8, 7], [9, 6]]
[[2, 16], [3, 15], [3, 14], [4, 13], [5, 12], [6, 11], [6, 10], [7, 9], [8, 8], [8, 7], [9, 6]]
[[2, 16], [2, 15], [3, 14], [3, 13], [4, 12], [5, 11], [5, 10], [6, 9], [7, 8], [8, 7], [9, 6]]
[[2, 16], [3, 15], [3, 14], [4, 13], [5, 12], [6, 11], [7, 10], [7, 9], [8, 8], [8, 7], [9, 6]]
[[2, 16], [3, 15], [4, 14], [4, 13], [5, 12], [6, 11], [7, 10], [8, 9], [9, 8], [9, 7], [9, 6]]
[[2, 16], [2, 15], [1, 14], [2, 13], [3, 12], [4, 11], [5, 10], [6, 9], [7, 8], [8, 7], [9, 6]]
[[2, 16], [3, 15], [4, 14], [5, 13], [5, 12], [6, 11], [7, 10], [8, 9], [9, 8], [10, 7], [9, 6]]
[[2, 16], [2, 15], [3, 14], [4, 13], [4, 12], [5, 11], [6, 10], [6, 9], [7, 8], [8, 7], [9, 6]]
[[2, 16], [3, 15], [4, 14], [5, 13], [6, 12], [5, 11], [6, 10], [7, 9], [7, 8], [8, 7], [9, 6]]
[[2, 16], [3, 15], [3, 14], [4, 13], [5, 12], [6, 11], [7, 10], [7, 9], [7, 8], [8, 7], [9, 6]]
[[2, 16], [3, 15], [4, 14], [5, 13], [5, 12], [6, 11], [6, 10], [6, 9], [7, 8], [8, 7], [9, 6]]
[[2, 16], [2, 15], [3, 14], [3, 13], [4, 12], [5, 11], [6, 10], [7, 9], [8, 8], [9, 7], [9, 6]]
[[2, 16], [3, 15], [4, 14], [5, 13], [6, 12], [7, 11], [8, 10], [7, 9], [7, 8], [8, 7], [9, 6]]
[[2, 16], [2, 15], [1, 14], [2, 13], [3, 12], [4, 11], [5, 10], [6, 9], [7, 8], [8, 7], [9, 6]]
[[2, 16], [1, 15], [2, 15], [2, 14], [3, 13], [4, 12], [5, 11], [5, 10], [6, 9], [7, 8], [8, 8], [8, 7], [9, 6]]
[[2, 16], [3, 15], [4, 14], [3, 13], [4, 12], [4, 11], [3, 10], [4, 10], [5, 9], [5, 8], [6, 8], [7, 7], [8, 6], [9, 7], [8, 7], [9, 6]]
[[2, 16], [2, 15], [2, 14], [3, 13], [4, 12], [3, 13], [2, 12], [3, 11], [4, 11], [5, 10], [6, 9], [7, 8], [6, 7], [7, 8], [8, 7], [9, 6]]
[[2, 16], [1, 15], [2, 15], [1, 14], [2, 13], [2, 12], [3, 11], [3, 10], [4, 9], [3, 9], [3, 8], [4, 8], [4, 7], [4, 8], [5, 9], [6, 8], [7, 7], [8, 7], [9, 6]]
