[[0, 7], [1, 8], [2, 9], [3, 10], [4, 11], [4, 12], [5, 13], [6, 14], [6, 15], [7, 16], [8, 17], [9, 18], [10, 19]]
[[0, 7], [1, 8], [2, 9], [2, 10], [3, 11], [4, 12], [5, 13], [5, 14], [6, 15], [7, 16], [8, 17], [9, 18], [10, 19]]
[[0, 7], [1, 8], [2, 9], [3, 10], [4, 11], [4, 12], [5, 13], [6, 14], [7, 15], [7, 16], [8, 17], [9, 18], [10, 19]]
[[0, 7], [1, 8], [2, 9], [3, 10], [4, 11], [4, 12], [5, 13], [6, 14], [6, 15], [7, 16], [8, 17], [9, 18], [10, 19]]
[[0, 7], [1, 8], [2, 9], [3, 10], [3, 11], [4, 12], [5, 13], [6, 14], [7, 15], [7, 16], [8, 17], [9, 18], [10, 19]]
[[0, 7], [1, 8], [2, 9], [3, 10], [3, 11], [4, 12], [5, 13], [6, 14], [7, 15], [8, 16], [8, 17], [9, 18], [10, 19]]
[[0, 7], [1, 8], [2, 9], [3, 10], [3, 11], [4, 12], [5, 13], [6, 14], [7, 15], [8, 16], [8, 17], [9, 18], [10, 19]]
[[0, 7], [1, 8], [2, 9], [3, 10], [4, 11], [4, 12], [5, 13], [5, 14], [6, 15], [7, 16], [8, 17], [9, 18], [10, 19]]
[[0, 7], [0, 8], [1, 9], [2, 10], [3, 11], [4, 12], [5, 13], [6, 14], [7, 15], [7, 16], [8, 17], [9, 18], [10, 19]]
[[0, 7], [1, 8], [2, 9], [3, 10], [4, 11], [5, 12], [6, 13], [7, 14], [6, 15], [7, 16], [8, 17], [9, 18], [10, 19]]
[[0, 7], [1, 8], [2, 9], [3, 10], [3, 11], [4, 12], [5, 13], [5, 14], [6, 15], [7, 16], [8, 17], [9, 18], [10, 19]]
[[0, 7], [1, 8], [2, 9], [3, 10], [4, 11], [5, 12], [5, 13], [6, 14], [7, 15], [8, 16], [7, 17], [8, 18], [9, 19], [10, 19]]
[[0, 7], [1, 8], [2, 9], [3, 10], [4, 11], [5, 12], [5, 13], [6, 14], [7, 15], [6, 16], [7, 17], [8, 18], [9, 19], [10, 19]]
[[0, 7], [0, 8], [1, 9], [2, 10], [3, 11], [4, 12], [5, 13], [6, 14], [7, 15], [6, 16], [7, 16], [8, 17], [9, 18], [10, 19]]
[[0, 7], [1, 8], [2, 9], [3, 10], [3, 11], [3, 12], [3, 13], [4, 14], [5, 14], [6, 15], [7, 16], [8, 17], [9, 18], [10, 19]]
[[0, 7], [1, 8], [0, 9], [1, 10], [2, 11], [2, 12], [3, 13], [4, 14], [5, 15], [6, 15], [7, 16], [8, 17], [9, 18], [10, 19]]
[[0, 7], [1, 8], [0, 9], [1, 10], [1, 11], [2, 12], [3, 13], [4, 14], [5, 15], [6, 16], [7, 17], [8, 18], [9, 18], [10, 19]]
[[0, 7], [1, 8], [1, 9], [2, 10], [2, 11], [3, 12], [3, 13], [4, 14], [5, 15], [6, 16], [7, 16], [8, 17], [9, 18], [10, 19]]
[[0, 7], [1, 8], [2, 9], [3, 10], [4, 11], [5, 12], [5, 13], [5, 14], [6, 15], [7, 16], [7, 17], [8, 17], [9, 18], [10, 19]]
[[0, 7], [1, 8], [2, 9], [1, 10], [1, 11], [2, 12], [3, 13], [4, 14], [3, 13], [4, 14], [5, 15], [6, 16], [7, 17], [8, 18], [9, 18], [10, 19]]
