[[24, 9], [23, 8], [22, 8], [21, 7], [20, 6], [19, 6]]
[[24, 9], [23, 8], [22, 7], [21, 6], [20, 5], [19, 6]]
[[24, 9], [23, 8], [22, 7], [21, 6], [20, 6], [19, 6]]
[[24, 9], [23, 8], [22, 9], [21, 8], [20, 7], [19, 6]]
[[24, 9], [23, 8], [22, 7], [21, 6], [20, 6], [19, 6]]
[[24, 9], [23, 8], [22, 8], [21, 8], [20, 7], [19, 6]]
[[24, 9], [23, 9], [22, 8], [21, 7], [20, 6], [19, 6]]
[[24, 9], [23, 8], [22, 8], [21, 7], [20, 7], [19, 6]]
[[24, 9], [23, 8], [22, 8], [21, 7], [20, 6], [19, 6]]
[[24, 9], [23, 8], [23, 9], [22, 9], [21, 8], [20, 7], [19, 6]]
[[24, 9], [23, 10], [22, 9], [21, 10], [20, 9], [19, 8], [19, 7], [19, 6]]
[[24, 9], [23, 10], [22, 9], [21, 10], [20, 9], [19, 8], [19, 7], [19, 6]]
[[24, 9], [23, 8], [23, 7], [23, 6], [22, 6], [21, 6], [20, 7], [19, 6], [19, 7], [19, 6]]
[[24, 9], [23, 8], [23, 7], [22, 8], [23, 8], [22, 7], [21, 6], [21, 7], [21, 6], [20, 6], [19, 6]]
[[24, 9], [25, 8], [25, 7], [24, 8], [23, 7], [24, 6], [23, 5], [23, 4], [24, 4], [25, 5], [25, 6], [26, 5], [26, 4], [27, 5], [26, 6], [27, 7], [26, 8], [27, 9], [26, 10], [27, 11], [28, 11], [28, 12], [29, 13], [29, 12], [29, 11], [29, 10], [29, 9], [28, 9], [27, 8], [28, 8], [29, 7], [29, 8], [28, 7], [29, 6], [29, 5], [29, 4], [29, 3], [28, 3], [28, 4], [27, 4], [26, 3], [25, 3], [26, 2], [27, 1], [27, 0], [26, 1], [25, 0], [24, 1], [23, 1], [22, 1], [21, 2], [22, 3], [21, 4], [22, 4], [21, 5], [20, 5], [21, 6], [22, 6], [23, 6], [22, 7], [23, 8], [23, 9], [22, 10], [23, 11], [22, 12], [22, 13], [23, 12], [24, 13], [23, 14], [23, 13], [22, 14], [21, 15], [21, 14], [21, 13], [20, 14], [20, 15], [19, 16], [19, 17], [20, 16], [21, 16], [22, 15], [23, 15], [22, 16], [22, 17], [23, 18], [23, 19], [22, 18], [21, 19], [20, 19], [21, 18], [21, 17], [20, 17], [19, 18], [20, 18], [19, 19], [18, 18], [17, 18], [16, 17], [16, 16], [15, 17], [14, 17], [14, 16], [13, 16], [13, 15], [13, 14], [14, 14], [15, 14], [14, 15], [15, 15], [15, 16], [16, 15], [16, 14], [15, 13], [14, 12], [13, 13], [14, 13], [13, 12], [14, 11], [15, 10], [15, 11], [16, 11], [16, 12], [16, 13], [17, 14], [18, 13], [19, 12], [19, 11], [18, 10], [19, 9], [19, 8], [20, 8], [19, 7], [18, 8], [17, 9], [16, 9], [17, 8], [16, 7], [17, 7], [17, 6], [18, 7], [17, 7], [16, 8], [16, 9], [15, 10], [16, 10], [15, 11], [16, 11], [17, 12], [16, 13], [17, 13], [18, 12], [17, 11], [16, 12], [15, 13], [14, 12], [13, 11], [12, 10], [12, 9], [11, 9], [10, 8], [9, 9], [8, 10], [7, 11], [6, 10], [5, 9], [5, 10], [6, 11], [6, 12], [5, 12], [5, 11], [4, 10], [3, 9], [2, 10], [3, 11], [2, 12], [2, 11], [1, 12], [1, 11], [0, 12], [0, 11], [1, 10], [1, 9], [2, 8], [2, 7], [3, 7], [2, 6], [1, 5], [2, 5], [3, 5], [4, 6], [4, 5], [5, 5], [6, 4], [5, 3], [6, 2], [5, 1], [4, 1], [4, 2], [5, 2], [6, 1], [7, 0], [7, 1], [7, 2], [8, 2], [9, 1], [9, 2], [10, 1], [11, 0], [11, 1], [10, 2], [10, 3], [9, 4], [10, 4], [9, 5], [8, 4], [7, 4], [8, 5], [9, 6], [9, 7], [10, 7], [10, 6], [11, 5], [11, 4], [12, 5], [11, 6], [12, 7], [13, 6], [14, 7], [14, 8], [15, 9], [15, 8], [15, 7], [16, 6], [16, 7], [17, 8], [17, 9], [18, 9], [18, 8], [19, 7], [20, 8], [21, 8], [21, 7], [20, 7], [20, 6], [19, 5], [18, 6], [19, 6]]
