[[20, 19], [19, 19], [18, 18], [17, 18], [16, 18], [15, 17], [14, 17], [13, 18], [12, 19], [11, 18], [10, 19], [9, 18], [8, 19], [7, 18], [6, 18], [5, 17]]
[[20, 19], [19, 19], [18, 18], [17, 18], [16, 17], [15, 17], [14, 16], [13, 16], [12, 17], [11, 16], [10, 17], [9, 17], [8, 18], [7, 18], [6, 18], [5, 17]]
[[20, 19], [19, 19], [18, 18], [17, 17], [16, 17], [15, 17], [14, 18], [13, 17], [12, 16], [11, 17], [10, 16], [9, 17], [8, 16], [7, 16], [6, 17], [5, 17]]
[[20, 19], [19, 19], [18, 18], [17, 18], [16, 17], [15, 16], [14, 15], [13, 14], [12, 15], [11, 16], [10, 17], [9, 17], [8, 18], [7, 18], [6, 18], [5, 17]]
[[20, 19], [19, 19], [18, 18], [17, 18], [16, 18], [15, 17], [14, 17], [13, 18], [12, 19], [11, 18], [10, 19], [9, 18], [8, 19], [7, 18], [6, 18], [5, 17]]
[[20, 19], [19, 19], [18, 18], [17, 18], [16, 17], [15, 17], [14, 17], [13, 16], [12, 17], [11, 18], [10, 19], [9, 19], [8, 18], [7, 19], [6, 18], [5, 17]]
[[20, 19], [19, 19], [18, 19], [17, 18], [16, 17], [15, 16], [14, 15], [13, 16], [12, 15], [11, 16], [10, 17], [9, 17], [8, 16], [7, 17], [6, 17], [5, 17]]
[[20, 19], [19, 19], [18, 18], [17, 18], [16, 17], [15, 16], [14, 16], [13, 17], [12, 16], [11, 17], [10, 16], [9, 17], [8, 18], [7, 18], [6, 17], [5, 17]]
[[20, 19], [19, 19], [18, 18], [17, 17], [16, 18], [15, 17], [14, 16], [13, 16], [12, 16], [11, 17], [10, 17], [9, 17], [8, 17], [7, 18], [6, 17], [5, 17]]
[[20, 19], [19, 19], [18, 19], [17, 19], [16, 18], [15, 17], [14, 18], [13, 17], [12, 16], [11, 17], [10, 17], [9, 17], [8, 18], [7, 19], [6, 18], [5, 17]]
[[20, 19], [19, 19], [18, 18], [17, 17], [16, 17], [15, 17], [14, 17], [13, 16], [12, 17], [11, 16], [10, 16], [9, 17], [8, 18], [7, 17], [6, 17], [5, 17]]
[[20, 19], [19, 19], [18, 18], [17, 17], [16, 16], [15, 17], [14, 16], [13, 15], [12, 15], [11, 15], [10, 16], [9, 17], [8, 17], [7, 18], [6, 18], [5, 17]]
[[20, 19], [19, 19], [18, 18], [17, 17], [16, 16], [15, 16], [14, 17], [13, 17], [12, 16], [11, 17], [10, 16], [9, 17], [8, 16], [7, 17], [6, 18], [5, 17]]
[[20, 19], [19, 19], [18, 19], [17, 18], [16, 17], [15, 17], [14, 17], [13, 16], [12, 17], [11, 17], [10, 17], [9, 18], [8, 18], [7, 17], [6, 18], [5, 18], [5, 17]]
[[20, 19], [19, 19], [18, 18], [17, 18], [16, 17], [16, 16], [15, 17], [14, 18], [13, 18], [12, 19], [11, 18], [10, 17], [9, 18], [8, 18], [7, 17], [6, 18], [5, 17]]
[[20, 19], [19, 19], [18, 18], [17, 17], [17, 16], [16, 16], [15, 17], [14, 18], [13, 18], [12, 18], [11, 17], [10, 16], [9, 17], [8, 18], [7, 19], [8, 18], [7, 19], [6, 18], [5, 17]]
[[20, 19], [19, 19], [18, 18], [17, 18], [17, 17], [16, 16], [15, 15], [16, 16], [15, 16], [14, 17], [13, 16], [13, 17], [12, 18], [11, 18], [11, 19], [10, 19], [11, 19], [11, 18], [10, 17], [9, 18], [8, 17], [8, 16], [7, 16], [8, 17], [7, 16], [6, 17], [5, 18], [5, 17]]
[[20, 19], [19, 19], [18, 18], [18, 19], [17, 18], [16, 17], [16, 16], [16, 17], [17, 16], [16, 15], [15, 16], [14, 15], [13, 15], [12, 14], [11, 15], [10, 15], [11, 16], [11, 17], [12, 18], [12, 19], [11, 19], [11, 18], [10, 19], [9, 18], [9, 19], [8, 18], [8, 17], [7, 17], [7, 18], [6, 17], [5, 18], [5, 17]]
[[20, 19], [21, 19], [20, 18], [19, 17], [18, 16], [18, 17], [19, 17], [18, 16], [17, 16], [16, 15], [17, 15], [17, 14], [18, 13], [17, 12], [17, 13], [18, 12], [19, 12], [19, 13], [19, 14], [18, 15], [18, 16], [17, 17], [18, 18], [19, 19], [18, 19], [17, 18], [17, 19], [16, 19], [15, 19], [14, 19], [13, 19], [12, 18], [12, 17], [11, 17], [10, 17], [9, 18], [8, 17], [8, 18], [9, 19], [8, 19], [8, 18], [7, 17], [8, 17], [7, 16], [6, 17], [5, 17]]
[[20, 19], [19, 19], [18, 18], [17, 17], [17, 18], [16, 17], [17, 16], [16, 15], [15, 16], [14, 17], [13, 18], [12, 19], [13, 19], [13, 18], [12, 17], [13, 18], [12, 19], [13, 18], [13, 17], [14, 18], [14, 19], [15, 19], [16, 19], [17, 19], [18, 18], [19, 17], [18, 16], [19, 16], [18, 15], [17, 14], [17, 13], [16, 12], [17, 13], [18, 12], [19, 11], [20, 11], [19, 10], [20, 9], [19, 9], [18, 8], [18, 9], [17, 8], [17, 7], [18, 6], [17, 6], [17, 5], [16, 4], [16, 3], [17, 2], [16, 3], [16, 2], [16, 1], [15, 2], [14, 2], [13, 1], [12, 1], [11, 0], [12, 1], [11, 0], [11, 1], [10, 2], [9, 3], [9, 4], [8, 5], [9, 6], [8, 7], [7, 8], [8, 9], [9, 10], [10, 9], [9, 10], [8, 9], [8, 10], [8, 11], [8, 12], [9, 13], [10, 13], [9, 14], [8, 13], [8, 14], [8, 15], [8, 16], [7, 17], [6, 18], [7, 17], [6, 18], [5, 18], [4, 17], [3, 18], [4, 17], [5, 17], [5, 16], [6, 15], [7, 15], [8, 14], [7, 15], [8, 15], [7, 15], [8, 15], [7, 15], [6, 14], [6, 15], [5, 16], [4, 16], [3, 17], [2, 18], [3, 17], [3, 16], [2, 16], [2, 15], [3, 15], [4, 16], [5, 16], [5, 17]]
