[[19, 17], [20, 18], [21, 19], [22, 19], [23, 19], [24, 18]]
[[19, 17], [20, 16], [21, 16], [22, 16], [23, 17], [24, 18]]
[[19, 17], [20, 18], [21, 19], [22, 19], [23, 19], [24, 18]]
[[19, 17], [20, 18], [21, 18], [22, 19], [23, 19], [24, 18]]
[[19, 17], [20, 18], [21, 18], [22, 17], [23, 17], [24, 18]]
[[19, 17], [20, 18], [21, 17], [22, 17], [23, 17], [24, 18]]
[[19, 17], [20, 17], [21, 18], [22, 19], [23, 18], [24, 18]]
[[19, 17], [20, 18], [21, 19], [22, 19], [23, 19], [23, 18], [24, 18]]
[[19, 17], [20, 16], [20, 17], [21, 17], [20, 18], [21, 19], [22, 19], [23, 19], [24, 18]]
[[19, 17], [18, 18], [19, 18], [18, 18], [17, 17], [16, 17], [17, 17], [18, 16], [19, 16], [19, 15], [20, 14], [21, 15], [22, 14], [23, 14], [23, 15], [22, 14], [22, 15], [22, 16], [23, 17], [24, 17], [25, 18], [24, 18]]
[[19, 17], [19, 18], [18, 18], [17, 18], [17, 19], [16, 18], [16, 19], [15, 18], [15, 19], [14, 18], [13, 18], [14, 17], [14, 16], [15, 16], [16, 15], [16, 16], [17, 15], [18, 16], [19, 16], [18, 15], [19, 15], [20, 15], [21, 15], [22, 14], [23, 13], [23, 14], [22, 15], [21, 16], [20, 16], [21, 17], [22, 16], [23, 16], [23, 15], [24, 16], [25, 17], [25, 18], [26, 18], [25, 19], [24, 19], [24, 18]]
[[19, 17], [20, 18], [21, 17], [22, 18], [22, 17], [22, 18], [23, 18], [24, 17], [25, 18], [26, 17], [25, 17], [26, 16], [26, 15], [25, 14], [26, 13], [27, 13], [27, 12], [26, 13], [25, 14], [24, 13], [25, 13], [24, 14], [23, 13], [24, 14], [24, 15], [23, 16], [22, 15], [21, 14], [21, 15], [20, 14], [19, 14], [20, 14], [19, 15], [18, 16], [17, 17], [16, 18], [17, 18], [18, 19], [17, 18], [18, 17], [18, 16], [17, 15], [16, 14], [16, 13], [17, 14], [16, 13], [15, 14], [14, 14], [13, 15], [14, 16], [13, 16], [14, 17], [15, 18], [14, 18], [13, 19], [12, 19], [11, 19], [10, 18], [9, 18], [10, 18], [9, 17], [8, 18], [9, 19], [8, 18], [9, 17], [8, 18], [8, 17], [7, 16], [7, 17], [8, 17], [7, 16], [8, 15], [7, 15], [8, 16], [8, 17], [9, 17], [9, 16], [10, 15], [9, 14], [8, 13], [9, 13], [10, 14], [11, 14], [11, 13], [10, 13], [11, 12], [10, 12], [9, 13], [10, 12], [10, 13], [10, 14], [11, 13], [11, 12], [12, 11], [13, 10], [13, 11], [14, 12], [15, 11], [14, 10], [15, 10], [16, 9], [17, 10], [18, 11], [19, 12], [20, 13], [21, 14], [22, 13], [23, 13], [24, 12], [23, 12], [23, 11], [24, 11], [23, 11], [22, 10], [21, 10], [20, 9], [20, 8], [21, 8], [20, 8], [19, 7], [18, 8], [17, 8], [18, 7], [19, 8], [18, 9], [18, 10], [19, 10], [20, 9], [19, 8], [18, 7], [19, 6], [18, 6], [18, 7], [19, 6], [20, 5], [21, 4], [22, 3], [23, 2], [23, 3], [24, 2], [25, 3], [26, 3], [26, 2], [25, 3], [24, 2], [24, 1], [24, 0], [25, 1], [25, 0], [26, 1], [27, 2], [27, 1], [28, 1], [28, 0], [28, 1], [29, 2], [28, 3], [29, 3], [28, 4], [27, 3], [27, 4], [28, 4], [29, 4], [28, 5], [27, 6], [27, 7], [28, 8], [27, 7], [26, 6], [26, 7], [26, 6], [25, 7], [24, 8], [23, 8], [23, 7], [23, 8], [24, 7], [25, 8], [26, 9], [25, 9], [25, 10], [26, 11], [26, 10], [27, 10], [26, 11], [27, 11], [27, 10], [26, 10], [25, 9], [24, 8], [24, 7], [23, 6], [22, 6], [21, 5], [21, 6], [20, 6], [21, 5], [22, 5], [22, 6], [23, 6], [24, 5], [25, 4], [26, 5], [27, 6], [28, 7], [29, 8], [28, 8], [28, 9], [29, 10], [28, 11], [29, 12], [28, 13], [29, 13], [29, 14], [28, 15], [29, 15], [29, 16], [28, 15], [28, 16], [29, 17], [28, 18], [27, 18], [28, 18], [28, 17], [27, 16], [26, 17], [26, 18], [25, 18], [24, 19], [23, 18], [24, 18]]
