[[2, 18], [3, 17], [3, 16], [4, 15], [5, 14], [6, 13], [7, 12], [8, 11], [9, 11], [10, 11], [11, 10]]
[[2, 18], [2, 17], [3, 16], [4, 15], [5, 14], [6, 13], [7, 12], [8, 11], [9, 10], [10, 9], [11, 10]]
[[2, 18], [2, 17], [3, 16], [4, 15], [5, 15], [6, 14], [7, 13], [8, 12], [9, 11], [10, 11], [11, 10]]
[[2, 18], [2, 17], [3, 16], [4, 15], [5, 16], [6, 15], [7, 14], [8, 13], [9, 12], [10, 11], [11, 10]]
[[2, 18], [2, 17], [3, 16], [4, 15], [5, 16], [6, 15], [7, 14], [8, 13], [9, 12], [10, 11], [11, 10]]
[[2, 18], [2, 17], [3, 16], [4, 15], [5, 14], [6, 13], [7, 13], [8, 13], [9, 12], [10, 11], [11, 10]]
[[2, 18], [3, 17], [3, 16], [4, 15], [5, 14], [6, 13], [7, 12], [8, 12], [9, 12], [10, 11], [11, 10]]
[[2, 18], [3, 17], [3, 16], [4, 15], [5, 14], [6, 13], [7, 13], [8, 12], [9, 11], [10, 11], [11, 10]]
[[2, 18], [2, 17], [3, 16], [4, 15], [5, 14], [6, 13], [7, 12], [8, 12], [9, 11], [10, 11], [11, 10]]
[[2, 18], [3, 17], [3, 16], [4, 15], [5, 14], [6, 13], [7, 12], [8, 11], [9, 12], [10, 11], [11, 10]]
[[2, 18], [3, 17], [3, 16], [4, 15], [5, 14], [6, 13], [7, 12], [8, 11], [9, 12], [10, 11], [11, 10]]
[[2, 18], [2, 17], [3, 16], [4, 15], [5, 14], [6, 13], [7, 12], [8, 11], [9, 11], [10, 10], [11, 10]]
[[2, 18], [3, 17], [3, 16], [4, 15], [5, 15], [6, 14], [7, 13], [8, 12], [9, 11], [10, 11], [11, 10]]
[[2, 18], [3, 17], [3, 16], [4, 15], [5, 14], [6, 13], [7, 12], [8, 12], [9, 11], [10, 11], [11, 10]]
[[2, 18], [2, 17], [3, 16], [4, 15], [5, 15], [6, 14], [7, 13], [8, 13], [9, 12], [10, 11], [11, 10]]
[[2, 18], [3, 17], [3, 16], [4, 15], [5, 16], [6, 15], [7, 14], [8, 13], [9, 12], [10, 11], [11, 10]]
[[2, 18], [3, 17], [3, 16], [4, 15], [5, 14], [6, 13], [7, 12], [8, 11], [9, 11], [10, 11], [11, 10]]
[[2, 18], [3, 17], [2, 16], [3, 16], [4, 15], [5, 14], [6, 13], [7, 12], [8, 11], [9, 10], [10, 9], [11, 10]]
[[2, 18], [2, 17], [3, 16], [3, 15], [4, 14], [5, 13], [6, 13], [7, 12], [8, 11], [9, 10], [10, 11], [11, 10]]
[[2, 18], [2, 17], [3, 16], [3, 15], [4, 14], [5, 14], [6, 13], [7, 12], [8, 13], [9, 12], [10, 11], [11, 10]]
