[[5, 9], [6, 10], [7, 11], [7, 12], [8, 13], [9, 14], [10, 15], [11, 16]]
[[5, 9], [6, 10], [7, 11], [7, 12], [8, 13], [9, 14], [10, 15], [11, 16]]
[[5, 9], [6, 10], [7, 11], [7, 12], [8, 13], [9, 14], [10, 15], [11, 16]]
[[5, 9], [6, 10], [7, 11], [7, 12], [8, 13], [9, 14], [10, 15], [11, 16]]
[[5, 9], [6, 10], [7, 11], [7, 12], [8, 13], [9, 14], [10, 15], [11, 16]]
[[5, 9], [6, 10], [7, 11], [7, 12], [8, 13], [9, 14], [10, 15], [11, 16]]
[[5, 9], [6, 10], [7, 11], [7, 12], [8, 13], [9, 14], [10, 15], [11, 16]]
[[5, 9], [6, 10], [7, 11], [7, 12], [8, 13], [9, 14], [10, 15], [11, 16]]
[[5, 9], [6, 10], [7, 11], [7, 12], [8, 13], [9, 14], [10, 15], [11, 16]]
[[5, 9], [6, 9], [7, 10], [7, 11], [7, 12], [8, 13], [9, 14], [10, 15], [11, 16]]
[[5, 9], [6, 10], [7, 10], [8, 11], [9, 12], [9, 13], [9, 14], [10, 15], [11, 16]]
[[5, 9], [6, 10], [7, 11], [6, 12], [7, 13], [8, 13], [9, 14], [10, 15], [11, 16]]
[[5, 9], [6, 10], [7, 11], [8, 11], [9, 12], [10, 13], [11, 14], [12, 15], [12, 16], [11, 16]]
[[5, 9], [5, 8], [6, 9], [7, 10], [7, 11], [8, 10], [9, 11], [10, 11], [11, 12], [11, 13], [11, 14], [10, 14], [11, 15], [12, 16], [11, 17], [11, 16]]
[[5, 9], [6, 9], [5, 10], [5, 11], [6, 12], [7, 13], [7, 12], [6, 12], [7, 11], [6, 12], [7, 12], [8, 11], [9, 12], [10, 13], [10, 14], [11, 15], [11, 16]]
[[5, 9], [6, 10], [7, 11], [6, 12], [5, 12], [4, 12], [5, 13], [6, 13], [6, 14], [7, 13], [8, 14], [9, 15], [10, 14], [9, 13], [10, 12], [11, 12], [11, 13], [11, 14], [11, 15], [11, 16]]
[[5, 9], [5, 10], [6, 9], [7, 9], [8, 9], [8, 10], [8, 11], [7, 12], [8, 13], [9, 12], [9, 13], [8, 14], [7, 13], [6, 12], [5, 13], [6, 13], [6, 14], [7, 14], [7, 15], [7, 16], [6, 17], [5, 16], [4, 17], [4, 18], [5, 18], [6, 19], [7, 19], [8, 19], [8, 18], [9, 19], [10, 19], [9, 18], [10, 17], [11, 18], [12, 19], [11, 19], [12, 18], [12, 17], [13, 17], [12, 16], [11, 16]]
