[[10, 18], [10, 17], [11, 16], [12, 15], [11, 14], [11, 13], [11, 12], [11, 11], [10, 10], [11, 9], [11, 8], [10, 7]]
[[10, 18], [11, 17], [11, 16], [12, 15], [11, 14], [11, 13], [11, 12], [10, 11], [10, 10], [11, 9], [11, 8], [10, 7]]
[[10, 18], [11, 17], [12, 16], [11, 15], [12, 14], [11, 13], [11, 12], [12, 11], [11, 10], [11, 9], [10, 8], [10, 7]]
[[10, 18], [11, 17], [12, 16], [11, 15], [10, 14], [11, 13], [10, 12], [11, 11], [11, 10], [11, 9], [10, 8], [10, 7]]
[[10, 18], [10, 17], [11, 16], [12, 15], [11, 14], [11, 13], [11, 12], [11, 11], [10, 10], [11, 9], [11, 8], [10, 7]]
[[10, 18], [11, 17], [12, 16], [11, 15], [10, 14], [11, 13], [10, 12], [11, 11], [12, 10], [11, 9], [11, 8], [10, 7]]
[[10, 18], [11, 17], [11, 16], [12, 15], [11, 14], [10, 13], [11, 12], [12, 11], [12, 10], [12, 9], [11, 8], [10, 7]]
[[10, 18], [11, 17], [11, 16], [11, 15], [12, 14], [11, 13], [10, 12], [10, 11], [10, 10], [9, 9], [9, 8], [10, 7]]
[[10, 18], [11, 17], [12, 16], [11, 15], [11, 14], [11, 13], [11, 12], [12, 11], [11, 10], [11, 9], [10, 8], [10, 7]]
[[10, 18], [9, 17], [10, 16], [11, 15], [11, 14], [11, 13], [12, 12], [11, 11], [10, 10], [9, 9], [9, 8], [10, 7]]
[[10, 18], [9, 17], [10, 16], [11, 15], [11, 14], [10, 13], [10, 12], [11, 11], [10, 10], [11, 9], [11, 8], [10, 7]]
[[10, 18], [11, 17], [12, 16], [12, 15], [11, 14], [11, 13], [12, 12], [11, 11], [12, 10], [11, 9], [10, 8], [10, 7]]
[[10, 18], [9, 17], [10, 16], [11, 15], [11, 14], [10, 13], [11, 12], [10, 11], [10, 10], [11, 9], [11, 8], [10, 7]]
[[10, 18], [10, 17], [11, 16], [12, 15], [11, 14], [11, 13], [11, 12], [12, 11], [12, 10], [12, 9], [11, 8], [10, 7]]
[[10, 18], [11, 17], [11, 16], [11, 15], [11, 14], [10, 13], [11, 12], [10, 11], [11, 10], [11, 9], [10, 8], [10, 7]]
[[10, 18], [9, 17], [9, 16], [10, 16], [11, 15], [10, 14], [11, 13], [11, 12], [12, 12], [11, 11], [10, 10], [9, 9], [9, 8], [10, 7]]
[[10, 18], [11, 18], [12, 18], [13, 17], [14, 16], [13, 15], [12, 14], [11, 13], [12, 12], [11, 11], [11, 10], [11, 9], [11, 8], [10, 7]]
[[10, 18], [11, 18], [12, 17], [12, 16], [11, 15], [10, 14], [11, 13], [10, 12], [11, 12], [11, 11], [10, 10], [11, 9], [11, 8], [10, 7]]
[[10, 18], [9, 17], [10, 17], [9, 17], [10, 16], [10, 17], [11, 17], [12, 16], [11, 15], [11, 14], [11, 13], [10, 13], [11, 12], [11, 11], [10, 10], [9, 9], [10, 8], [10, 7], [11, 8], [10, 7]]
[[10, 18], [11, 17], [12, 18], [11, 19], [10, 18], [11, 18], [10, 17], [10, 18], [9, 18], [8, 18], [9, 18], [8, 18], [7, 18], [8, 18], [7, 17], [6, 16], [6, 15], [7, 14], [6, 15], [7, 15], [6, 16], [6, 17], [5, 18], [6, 18], [5, 18], [5, 19], [4, 19], [3, 18], [2, 18], [3, 17], [3, 18], [3, 17], [4, 16], [5, 15], [5, 16], [6, 15], [5, 14], [5, 13], [5, 12], [6, 11], [7, 10], [8, 10], [9, 9], [10, 8], [11, 9], [10, 10], [10, 11], [9, 12], [9, 13], [8, 12], [7, 11], [6, 10], [6, 11], [6, 10], [7, 10], [7, 9], [8, 9], [9, 9], [10, 8], [10, 7]]
