[[10, 17], [11, 18], [12, 18], [13, 19], [14, 18], [15, 19], [16, 19], [17, 18], [18, 17], [19, 16]]
[[10, 17], [11, 18], [12, 19], [13, 18], [14, 17], [15, 18], [16, 17], [17, 18], [18, 17], [19, 16]]
[[10, 17], [11, 18], [12, 19], [13, 19], [14, 19], [15, 19], [16, 19], [17, 18], [18, 17], [19, 16]]
[[10, 17], [11, 18], [12, 19], [13, 19], [14, 18], [15, 17], [16, 18], [17, 17], [18, 17], [19, 16]]
[[10, 17], [11, 18], [12, 18], [13, 19], [14, 18], [15, 19], [16, 19], [17, 18], [18, 17], [19, 16]]
[[10, 17], [11, 18], [12, 17], [13, 18], [14, 17], [15, 18], [16, 17], [17, 18], [18, 17], [19, 16]]
[[10, 17], [11, 17], [12, 18], [13, 18], [14, 18], [15, 17], [16, 17], [17, 17], [18, 16], [19, 16]]
[[10, 17], [11, 16], [12, 17], [13, 17], [14, 18], [15, 17], [16, 18], [17, 17], [18, 17], [19, 16]]
[[10, 17], [11, 18], [12, 18], [13, 19], [14, 18], [15, 19], [16, 19], [17, 18], [18, 17], [19, 16]]
[[10, 17], [11, 16], [12, 17], [13, 17], [14, 16], [15, 17], [16, 18], [17, 18], [17, 17], [18, 17], [19, 16]]
[[10, 17], [10, 18], [11, 19], [12, 18], [13, 19], [14, 18], [15, 19], [16, 19], [17, 18], [18, 17], [19, 16]]
[[10, 17], [11, 18], [12, 18], [13, 19], [14, 18], [14, 19], [15, 18], [16, 17], [17, 17], [17, 18], [18, 18], [19, 17], [19, 16]]
[[10, 17], [11, 16], [12, 17], [13, 18], [12, 18], [12, 19], [13, 19], [14, 18], [15, 18], [15, 19], [16, 18], [17, 17], [18, 17], [19, 16]]
[[10, 17], [10, 18], [11, 19], [12, 19], [13, 18], [14, 19], [13, 19], [12, 18], [11, 19], [12, 19], [13, 19], [14, 19], [14, 18], [15, 19], [15, 18], [16, 18], [15, 17], [14, 17], [15, 16], [16, 17], [17, 17], [18, 17], [19, 17], [19, 16]]
[[10, 17], [9, 18], [9, 17], [8, 18], [9, 18], [8, 18], [9, 18], [10, 19], [11, 19], [11, 18], [12, 19], [11, 18], [11, 19], [11, 18], [12, 17], [13, 16], [14, 15], [15, 15], [15, 16], [14, 15], [13, 14], [14, 13], [13, 12], [13, 11], [12, 10], [13, 9], [14, 8], [13, 7], [14, 6], [13, 6], [13, 5], [12, 4], [11, 5], [11, 4], [12, 3], [11, 2], [12, 1], [13, 0], [12, 0], [12, 1], [13, 1], [14, 2], [14, 3], [14, 2], [13, 3], [13, 4], [12, 3], [11, 4], [10, 3], [9, 3], [10, 4], [9, 5], [10, 5], [9, 6], [9, 7], [8, 7], [7, 7], [6, 8], [7, 9], [7, 10], [6, 10], [6, 9], [6, 8], [6, 9], [6, 10], [5, 10], [6, 11], [5, 12], [4, 11], [3, 11], [4, 10], [3, 11], [2, 12], [2, 11], [1, 12], [0, 13], [1, 13], [1, 14], [2, 13], [3, 12], [4, 12], [5, 12], [4, 13], [4, 14], [4, 15], [5, 16], [6, 17], [7, 18], [6, 19], [5, 19], [6, 18], [7, 18], [7, 17], [6, 16], [7, 15], [7, 14], [8, 13], [9, 12], [10, 13], [9, 14], [9, 15], [8, 14], [7, 13], [7, 12], [6, 13], [7, 13], [8, 12], [9, 11], [10, 10], [9, 9], [10, 10], [11, 10], [12, 11], [11, 12], [11, 11], [12, 11], [13, 10], [14, 11], [15, 10], [14, 9], [14, 8], [15, 8], [15, 7], [16, 8], [17, 8], [18, 9], [17, 10], [16, 9], [17, 10], [18, 11], [17, 11], [16, 10], [15, 11], [14, 11], [13, 10], [14, 11], [13, 12], [13, 13], [14, 14], [15, 14], [16, 14], [15, 13], [14, 13], [15, 13], [15, 12], [16, 13], [17, 14], [17, 15], [18, 16], [18, 17], [17, 18], [17, 19], [16, 18], [15, 18], [15, 19], [16, 18], [16, 17], [17, 18], [18, 17], [19, 16]]
[[10, 17], [11, 18], [12, 19], [11, 18], [10, 17], [9, 18], [8, 17], [9, 16], [10, 16], [10, 15], [11, 14], [12, 13], [11, 13], [12, 13], [13, 13], [14, 14], [14, 13], [15, 13], [16, 13], [15, 12], [16, 13], [17, 14], [18, 13], [19, 14], [20, 14], [21, 14], [22, 13], [23, 13], [23, 12], [22, 13], [22, 12], [23, 11], [22, 10], [21, 11], [20, 12], [19, 11], [20, 11], [21, 12], [21, 13], [20, 12], [21, 13], [22, 14], [21, 15], [22, 15], [23, 15], [24, 14], [25, 13], [26, 12], [27, 12], [28, 13], [28, 12], [29, 13], [29, 14], [28, 13], [27, 12], [27, 13], [28, 12], [27, 11], [26, 10], [25, 10], [24, 9], [23, 9], [23, 8], [23, 7], [22, 6], [21, 7], [20, 6], [19, 6], [18, 6], [18, 7], [19, 7], [18, 6], [17, 7], [16, 6], [16, 5], [15, 5], [15, 4], [16, 5], [17, 4], [18, 4], [19, 3], [20, 2], [20, 3], [21, 3], [21, 2], [20, 1], [20, 2], [19, 1], [18, 2], [17, 2], [17, 3], [17, 2], [16, 3], [16, 2], [17, 1], [18, 1], [17, 0], [16, 1], [15, 2], [15, 3], [14, 2], [13, 3], [12, 2], [11, 1], [11, 2], [10, 3], [10, 4], [9, 5], [9, 4], [10, 5], [10, 4], [11, 4], [12, 3], [11, 3], [10, 2], [11, 1], [10, 0], [9, 0], [8, 1], [8, 0], [7, 0], [6, 1], [5, 2], [6, 3], [5, 2], [5, 1], [4, 2], [3, 1], [2, 1], [2, 0], [3, 1], [4, 2], [4, 3], [3, 4], [2, 4], [1, 4], [0, 3], [1, 3], [1, 4], [1, 5], [2, 4], [1, 5], [0, 6], [1, 6], [1, 7], [0, 7], [1, 8], [2, 9], [1, 10], [0, 10], [1, 11], [0, 10], [1, 11], [1, 10], [2, 11], [1, 11], [1, 12], [2, 12], [1, 12], [1, 13], [2, 12], [3, 11], [4, 12], [4, 13], [5, 12], [5, 13], [4, 14], [4, 15], [5, 15], [4, 15], [4, 16], [3, 16], [3, 17], [4, 16], [3, 17], [3, 18], [4, 18], [5, 19], [5, 18], [6, 18], [7, 18], [8, 18], [7, 19], [6, 19], [7, 18], [8, 18], [9, 18], [10, 19], [9, 18], [8, 17], [7, 17], [6, 16], [6, 15], [7, 14], [8, 14], [9, 13], [8, 12], [9, 12], [10, 13], [11, 14], [11, 15], [12, 16], [13, 17], [13, 16], [14, 17], [14, 16], [15, 17], [16, 17], [17, 17], [18, 16], [19, 16], [18, 17], [18, 16], [17, 17], [16, 18], [15, 18], [14, 19], [15, 18], [16, 18], [17, 19], [18, 19], [18, 18], [19, 19], [19, 18], [20, 19], [21, 18], [21, 17], [22, 16], [22, 15], [21, 15], [22, 16], [23, 17], [24, 17], [25, 18], [24, 17], [25, 17], [26, 18], [27, 18], [26, 18], [25, 17], [24, 17], [25, 16], [26, 16], [25, 15], [26, 14], [27, 14], [27, 15], [27, 14], [26, 13], [25, 13], [24, 14], [24, 13], [23, 14], [22, 15], [21, 15], [20, 14], [19, 14], [20, 15], [19, 16]]
