[[18, 16], [17, 15], [16, 14], [15, 13], [14, 12], [13, 11], [13, 10], [12, 9], [11, 8], [10, 7], [9, 6], [8, 5], [7, 4], [6, 3], [5, 2]]
[[18, 16], [17, 15], [16, 14], [15, 13], [14, 12], [13, 11], [12, 10], [12, 9], [11, 8], [10, 7], [9, 6], [8, 5], [7, 4], [6, 3], [5, 2]]
[[18, 16], [17, 15], [16, 14], [15, 13], [14, 12], [13, 11], [12, 10], [11, 9], [11, 8], [10, 7], [9, 6], [8, 5], [7, 4], [6, 3], [5, 2]]
[[18, 16], [17, 15], [16, 14], [15, 13], [14, 12], [13, 11], [12, 10], [12, 9], [11, 8], [10, 7], [9, 6], [8, 5], [7, 4], [6, 3], [5, 2]]
[[18, 16], [17, 15], [16, 14], [15, 13], [15, 12], [14, 11], [13, 10], [12, 9], [11, 8], [10, 7], [9, 6], [8, 5], [7, 4], [6, 3], [5, 2]]
[[18, 16], [17, 15], [16, 14], [15, 13], [15, 12], [14, 11], [13, 10], [12, 9], [11, 8], [10, 7], [9, 6], [8, 5], [7, 4], [6, 3], [5, 2]]
[[18, 16], [17, 15], [16, 14], [15, 13], [14, 12], [13, 11], [12, 10], [11, 9], [10, 8], [10, 7], [9, 6], [8, 5], [7, 4], [6, 3], [5, 2]]
[[18, 16], [17, 15], [16, 14], [15, 13], [14, 12], [13, 11], [12, 10], [11, 9], [10, 8], [10, 7], [9, 6], [8, 5], [7, 4], [6, 3], [5, 2]]
[[18, 16], [17, 15], [16, 14], [15, 13], [14, 12], [13, 11], [13, 10], [12, 9], [11, 8], [10, 7], [9, 6], [8, 5], [7, 4], [6, 3], [5, 2]]
[[18, 16], [17, 15], [16, 14], [15, 13], [14, 12], [13, 11], [12, 10], [11, 9], [10, 8], [10, 7], [9, 6], [8, 5], [7, 4], [6, 3], [5, 2]]
[[18, 16], [17, 15], [16, 14], [15, 13], [14, 12], [14, 11], [13, 10], [12, 9], [11, 8], [10, 7], [9, 6], [8, 5], [7, 4], [6, 3], [5, 2]]
[[18, 16], [17, 15], [16, 14], [15, 13], [14, 12], [14, 11], [13, 10], [12, 9], [11, 8], [10, 7], [9, 6], [8, 5], [7, 4], [6, 3], [5, 2]]
[[18, 16], [17, 15], [16, 14], [15, 13], [14, 12], [13, 11], [13, 10], [12, 9], [11, 8], [10, 7], [9, 6], [8, 5], [7, 4], [6, 3], [5, 2]]
[[18, 16], [17, 15], [16, 14], [15, 13], [14, 12], [14, 11], [13, 10], [12, 9], [11, 8], [10, 7], [9, 6], [8, 5], [7, 4], [6, 3], [5, 2]]
[[18, 16], [17, 15], [16, 14], [15, 13], [14, 12], [13, 11], [13, 10], [12, 9], [11, 8], [10, 7], [9, 6], [8, 5], [7, 4], [6, 3], [5, 2]]
[[18, 16], [17, 15], [16, 14], [15, 13], [14, 12], [13, 11], [12, 11], [12, 10], [12, 9], [11, 8], [10, 7], [9, 6], [8, 5], [7, 4], [6, 3], [5, 2]]
[[18, 16], [17, 15], [16, 14], [15, 13], [15, 12], [14, 11], [13, 11], [12, 10], [12, 9], [11, 8], [10, 7], [9, 6], [8, 5], [7, 4], [6, 3], [5, 2]]
[[18, 16], [17, 15], [16, 14], [15, 13], [14, 12], [14, 11], [13, 10], [12, 9], [11, 8], [10, 8], [10, 7], [9, 6], [8, 5], [7, 5], [6, 4], [5, 3], [5, 2]]
[[18, 16], [17, 15], [16, 14], [15, 13], [15, 12], [14, 11], [13, 10], [12, 10], [11, 9], [10, 8], [9, 7], [10, 6], [9, 5], [8, 5], [7, 4], [6, 3], [5, 2]]
[[18, 16], [17, 15], [16, 14], [15, 13], [14, 12], [13, 11], [12, 10], [11, 10], [11, 9], [10, 8], [9, 7], [9, 6], [9, 5], [8, 4], [7, 3], [6, 3], [5, 2]]
