[[12, 12], [13, 11], [14, 10], [15, 9], [16, 8], [16, 7], [16, 6], [17, 5]]
[[12, 12], [13, 11], [14, 10], [13, 9], [14, 8], [15, 7], [16, 6], [17, 5]]
[[12, 12], [13, 11], [14, 10], [15, 9], [16, 8], [16, 7], [17, 6], [17, 5]]
[[12, 12], [13, 11], [14, 10], [15, 9], [16, 8], [16, 7], [16, 6], [17, 5]]
[[12, 12], [13, 11], [14, 10], [15, 9], [16, 8], [15, 7], [16, 6], [17, 5]]
[[12, 12], [12, 11], [13, 10], [14, 9], [15, 8], [16, 7], [16, 6], [17, 5]]
[[12, 12], [13, 11], [14, 10], [14, 9], [15, 8], [16, 7], [16, 6], [17, 5]]
[[12, 12], [13, 11], [14, 10], [15, 9], [16, 8], [17, 7], [18, 6], [17, 5]]
[[12, 12], [13, 11], [14, 11], [14, 10], [15, 9], [14, 8], [15, 8], [15, 7], [16, 6], [17, 5]]
[[12, 12], [12, 11], [11, 10], [12, 9], [11, 8], [12, 7], [13, 7], [12, 6], [13, 6], [14, 6], [15, 6], [16, 5], [16, 6], [17, 5]]
[[12, 12], [13, 13], [14, 12], [13, 11], [14, 10], [13, 9], [12, 10], [13, 9], [13, 8], [12, 7], [13, 6], [12, 6], [13, 5], [12, 4], [13, 5], [14, 6], [15, 6], [15, 5], [16, 6], [17, 5]]
[[12, 12], [12, 13], [11, 12], [12, 11], [13, 10], [13, 9], [14, 8], [14, 9], [14, 8], [15, 9], [16, 8], [17, 7], [17, 6], [18, 5], [17, 6], [16, 7], [16, 6], [15, 5], [16, 6], [17, 5]]
[[12, 12], [13, 12], [14, 11], [14, 10], [13, 11], [13, 10], [12, 10], [13, 9], [13, 8], [13, 7], [14, 6], [15, 5], [14, 4], [13, 5], [14, 6], [15, 6], [14, 5], [14, 4], [14, 3], [15, 3], [16, 4], [16, 5], [15, 5], [16, 6], [17, 7], [16, 7], [16, 8], [17, 9], [18, 9], [19, 8], [18, 7], [18, 6], [18, 5], [17, 5]]
[[12, 12], [11, 13], [10, 12], [9, 12], [10, 12], [11, 13], [10, 14], [11, 14], [12, 15], [13, 16], [14, 16], [14, 15], [13, 14], [12, 15], [13, 15], [14, 16], [15, 15], [16, 15], [16, 16], [17, 16], [18, 17], [19, 16], [18, 17], [17, 17], [16, 18], [15, 17], [14, 16], [13, 16], [14, 16], [13, 15], [14, 14], [13, 14], [12, 13], [11, 12], [12, 11], [13, 10], [12, 10], [12, 11], [13, 11], [12, 12], [13, 11], [13, 10], [14, 11], [15, 12], [16, 11], [17, 12], [16, 13], [15, 14], [16, 15], [17, 16], [16, 17], [16, 18], [16, 19], [17, 18], [18, 18], [19, 19], [18, 19], [19, 18], [20, 19], [21, 19], [22, 18], [23, 17], [23, 18], [24, 18], [23, 17], [23, 18], [24, 19], [25, 19], [24, 19], [25, 19], [26, 19], [27, 18], [28, 19], [28, 18], [28, 17], [28, 16], [29, 16], [28, 17], [29, 16], [28, 15], [27, 14], [28, 15], [28, 14], [27, 13], [28, 13], [27, 13], [28, 13], [27, 12], [26, 11], [25, 11], [24, 11], [24, 10], [25, 11], [26, 10], [26, 9], [26, 8], [25, 8], [26, 8], [25, 7], [26, 7], [26, 6], [26, 5], [27, 4], [26, 3], [27, 3], [28, 2], [29, 2], [28, 2], [27, 3], [26, 4], [27, 3], [26, 2], [25, 3], [24, 4], [25, 5], [24, 5], [23, 6], [22, 5], [22, 4], [21, 4], [20, 4], [20, 3], [19, 4], [19, 5], [19, 6], [18, 6], [17, 6], [17, 5]]
