[[14, 0], [15, 1], [16, 2], [15, 3], [15, 4], [16, 5], [16, 6], [16, 7], [15, 8], [14, 9], [13, 10], [12, 11], [11, 12]]
[[14, 0], [13, 1], [14, 2], [14, 3], [14, 4], [13, 5], [13, 6], [13, 7], [12, 8], [13, 9], [12, 10], [11, 11], [11, 12]]
[[14, 0], [15, 1], [16, 2], [15, 3], [15, 4], [16, 5], [16, 6], [16, 7], [15, 8], [14, 9], [13, 10], [12, 11], [11, 12]]
[[14, 0], [13, 1], [12, 2], [12, 3], [12, 4], [13, 5], [13, 6], [13, 7], [12, 8], [13, 9], [12, 10], [12, 11], [11, 12]]
[[14, 0], [15, 1], [16, 2], [15, 3], [15, 4], [16, 5], [16, 6], [16, 7], [15, 8], [14, 9], [13, 10], [12, 11], [11, 12]]
[[14, 0], [15, 1], [15, 2], [14, 3], [13, 4], [14, 5], [13, 6], [13, 7], [13, 8], [13, 9], [12, 10], [11, 11], [11, 12]]
[[14, 0], [13, 1], [14, 2], [14, 3], [15, 4], [16, 5], [16, 6], [15, 7], [14, 8], [13, 9], [12, 10], [11, 11], [11, 12]]
[[14, 0], [13, 1], [14, 2], [14, 3], [15, 4], [16, 5], [16, 6], [16, 7], [15, 8], [14, 9], [13, 10], [12, 11], [11, 12]]
[[14, 0], [15, 1], [15, 2], [15, 3], [14, 4], [13, 5], [13, 6], [14, 7], [14, 8], [13, 9], [13, 10], [12, 11], [11, 12]]
[[14, 0], [15, 1], [15, 2], [14, 3], [14, 4], [14, 5], [13, 6], [13, 7], [13, 8], [12, 9], [11, 10], [11, 11], [11, 12]]
[[14, 0], [13, 1], [12, 2], [11, 3], [12, 4], [13, 5], [13, 6], [14, 7], [13, 8], [12, 9], [11, 10], [10, 11], [11, 12]]
[[14, 0], [13, 1], [14, 2], [15, 3], [15, 4], [14, 5], [13, 6], [13, 7], [12, 8], [13, 9], [12, 10], [12, 11], [11, 12]]
[[14, 0], [15, 1], [14, 2], [14, 3], [13, 4], [13, 5], [12, 6], [13, 7], [13, 8], [14, 9], [13, 10], [12, 11], [11, 12]]
[[14, 0], [15, 1], [15, 2], [14, 3], [14, 4], [13, 5], [13, 6], [14, 7], [14, 8], [14, 9], [13, 10], [12, 11], [11, 12]]
[[14, 0], [13, 1], [13, 2], [14, 3], [14, 4], [13, 5], [13, 6], [13, 7], [14, 8], [13, 9], [12, 10], [12, 11], [11, 12]]
[[14, 0], [15, 1], [15, 2], [14, 3], [13, 4], [14, 5], [13, 6], [13, 7], [13, 8], [12, 9], [12, 10], [11, 11], [11, 12]]
[[14, 0], [13, 1], [14, 2], [14, 3], [15, 4], [16, 5], [16, 6], [15, 7], [14, 8], [13, 9], [13, 10], [12, 11], [11, 12]]
[[14, 0], [15, 1], [14, 2], [14, 3], [13, 4], [14, 5], [13, 6], [13, 7], [12, 8], [12, 9], [11, 10], [12, 11], [12, 12], [11, 12]]
[[14, 0], [13, 1], [12, 2], [11, 3], [11, 4], [10, 5], [11, 6], [12, 6], [13, 7], [12, 8], [13, 9], [12, 10], [12, 11], [11, 12]]
[[14, 0], [13, 1], [12, 2], [13, 3], [14, 4], [14, 5], [13, 6], [13, 7], [12, 8], [12, 9], [12, 10], [11, 10], [10, 11], [11, 12]]
