[[8, 5], [9, 6], [10, 5], [11, 6], [12, 7], [13, 6], [14, 5], [15, 4], [16, 5], [17, 4], [18, 5], [19, 6], [20, 7], [21, 6]]
[[8, 5], [9, 6], [10, 5], [11, 6], [12, 6], [13, 6], [14, 5], [15, 6], [16, 5], [17, 5], [18, 5], [19, 6], [20, 6], [21, 6]]
[[8, 5], [9, 4], [10, 4], [11, 5], [12, 6], [13, 6], [14, 5], [15, 5], [16, 4], [17, 5], [18, 6], [19, 6], [20, 6], [21, 6]]
[[8, 5], [9, 5], [10, 4], [11, 4], [12, 3], [13, 3], [14, 4], [15, 5], [16, 5], [17, 5], [18, 5], [19, 6], [20, 7], [21, 6]]
[[8, 5], [9, 6], [10, 7], [11, 6], [12, 7], [13, 6], [14, 5], [15, 5], [16, 5], [17, 5], [18, 6], [19, 6], [20, 6], [21, 6]]
[[8, 5], [9, 6], [10, 5], [11, 6], [12, 7], [13, 6], [14, 5], [15, 4], [16, 5], [17, 4], [18, 5], [19, 6], [20, 7], [21, 6]]
[[8, 5], [9, 4], [10, 3], [11, 3], [12, 2], [13, 3], [14, 4], [15, 3], [16, 4], [17, 5], [18, 5], [19, 4], [20, 5], [21, 6]]
[[8, 5], [9, 6], [10, 5], [11, 4], [12, 4], [13, 4], [14, 4], [15, 3], [16, 4], [17, 5], [18, 6], [19, 6], [20, 6], [21, 6]]
[[8, 5], [9, 6], [10, 6], [11, 5], [12, 4], [13, 3], [14, 3], [15, 4], [16, 4], [17, 5], [18, 6], [19, 6], [20, 7], [21, 6]]
[[8, 5], [9, 6], [10, 7], [11, 6], [12, 5], [13, 4], [14, 3], [14, 4], [15, 4], [16, 5], [17, 5], [18, 4], [19, 4], [20, 5], [21, 6]]
[[8, 5], [8, 6], [9, 7], [10, 7], [11, 6], [11, 5], [12, 4], [13, 3], [14, 4], [15, 5], [16, 5], [17, 5], [18, 4], [19, 4], [20, 5], [21, 6]]
[[8, 5], [9, 6], [9, 7], [10, 8], [11, 8], [10, 7], [11, 6], [12, 6], [13, 6], [14, 5], [15, 5], [16, 5], [17, 4], [17, 5], [18, 6], [19, 6], [20, 5], [21, 6]]
[[8, 5], [9, 4], [10, 5], [9, 6], [10, 6], [11, 5], [11, 4], [12, 3], [13, 4], [14, 4], [15, 3], [16, 2], [17, 3], [18, 4], [18, 5], [19, 6], [20, 7], [21, 6]]
[[8, 5], [8, 6], [9, 6], [10, 7], [10, 8], [10, 7], [11, 6], [12, 5], [13, 4], [14, 4], [15, 5], [16, 4], [17, 3], [18, 4], [18, 5], [19, 4], [20, 5], [21, 6]]
[[8, 5], [8, 6], [9, 6], [10, 7], [9, 7], [10, 6], [11, 5], [12, 5], [13, 6], [12, 6], [13, 6], [14, 5], [15, 4], [16, 4], [17, 3], [18, 4], [18, 5], [19, 6], [20, 5], [19, 4], [20, 5], [21, 6]]
[[8, 5], [7, 4], [7, 3], [8, 4], [9, 3], [9, 4], [10, 3], [10, 2], [11, 2], [12, 3], [13, 4], [14, 5], [15, 5], [16, 4], [17, 5], [18, 6], [18, 5], [19, 4], [20, 3], [20, 4], [21, 5], [20, 6], [21, 7], [21, 6]]
[[8, 5], [9, 5], [8, 6], [8, 7], [9, 7], [8, 8], [9, 8], [10, 7], [11, 6], [12, 6], [13, 6], [14, 5], [15, 4], [16, 4], [17, 3], [18, 4], [18, 5], [19, 6], [20, 5], [19, 4], [20, 5], [21, 6], [20, 7], [19, 7], [19, 6], [18, 7], [17, 8], [18, 8], [17, 7], [18, 6], [18, 5], [17, 5], [17, 4], [18, 4], [19, 3], [19, 2], [20, 3], [19, 4], [20, 4], [21, 5], [20, 6], [21, 6]]
[[8, 5], [9, 6], [10, 5], [10, 4], [10, 5], [11, 6], [11, 5], [10, 6], [11, 6], [12, 6], [12, 7], [11, 8], [10, 8], [11, 9], [12, 8], [13, 9], [14, 8], [14, 7], [15, 7], [15, 8], [15, 9], [15, 10], [16, 10], [17, 10], [18, 10], [18, 11], [18, 12], [19, 12], [20, 13], [19, 13], [20, 12], [21, 12], [21, 11], [22, 11], [23, 11], [22, 12], [23, 13], [23, 12], [24, 11], [23, 10], [24, 9], [23, 8], [24, 7], [23, 6], [22, 7], [23, 7], [22, 8], [21, 7], [21, 6]]
[[8, 5], [9, 6], [10, 5], [10, 6], [9, 5], [8, 6], [8, 7], [9, 7], [8, 8], [9, 8], [10, 7], [11, 6], [12, 6], [13, 7], [14, 7], [15, 7], [15, 6], [16, 5], [17, 5], [16, 4], [15, 3], [14, 3], [13, 4], [14, 5], [15, 6], [16, 5], [17, 5], [16, 4], [15, 4], [15, 3], [14, 4], [14, 3], [15, 2], [15, 1], [16, 2], [16, 1], [17, 2], [17, 3], [18, 3], [19, 4], [20, 4], [20, 5], [19, 6], [20, 6], [19, 7], [20, 7], [21, 7], [21, 8], [20, 8], [20, 9], [19, 9], [19, 10], [18, 10], [18, 11], [17, 10], [17, 11], [16, 12], [15, 12], [14, 11], [14, 12], [15, 13], [15, 14], [16, 15], [16, 16], [15, 17], [16, 18], [17, 19], [18, 18], [18, 17], [19, 18], [20, 18], [21, 17], [20, 16], [19, 17], [20, 17], [21, 18], [21, 19], [22, 18], [23, 19], [24, 18], [24, 17], [24, 16], [25, 16], [25, 15], [26, 15], [26, 14], [27, 13], [26, 13], [26, 12], [26, 11], [25, 10], [25, 9], [26, 8], [26, 7], [27, 7], [28, 8], [28, 7], [29, 8], [28, 9], [29, 9], [29, 10], [28, 10], [27, 9], [26, 10], [26, 9], [27, 10], [28, 11], [28, 12], [29, 13], [28, 13], [27, 14], [28, 15], [29, 15], [29, 16], [29, 15], [29, 14], [28, 13], [29, 12], [28, 11], [28, 12], [27, 11], [27, 12], [26, 12], [26, 11], [25, 10], [25, 9], [24, 10], [24, 11], [23, 12], [23, 13], [22, 12], [23, 11], [23, 10], [22, 9], [23, 8], [23, 7], [23, 6], [22, 7], [22, 8], [21, 7], [20, 8], [20, 7], [19, 8], [19, 9], [18, 8], [17, 7], [18, 6], [19, 6], [19, 7], [20, 6], [21, 5], [20, 4], [20, 3], [19, 2], [19, 3], [18, 2], [19, 1], [20, 1], [19, 0], [18, 1], [17, 0], [16, 1], [15, 1], [14, 1], [13, 0], [13, 1], [14, 0], [15, 0], [16, 0], [17, 1], [17, 2], [16, 2], [15, 2], [14, 2], [14, 3], [15, 3], [16, 4], [17, 3], [18, 3], [17, 4], [18, 5], [19, 4], [20, 5], [21, 6]]
[[8, 5], [9, 6], [9, 7], [8, 7], [8, 8], [7, 9], [8, 9], [7, 10], [8, 10], [9, 9], [9, 8], [10, 8], [11, 8], [10, 7], [11, 6], [10, 5], [9, 5], [9, 4], [10, 3], [10, 4], [11, 3], [11, 2], [10, 2], [9, 3], [9, 2], [9, 1], [10, 2], [11, 1], [12, 0], [13, 1], [14, 2], [13, 3], [13, 2], [12, 3], [11, 3], [10, 3], [10, 4], [11, 4], [12, 5], [13, 6], [14, 7], [15, 6], [14, 5], [15, 5], [14, 4], [13, 4], [12, 4], [11, 5], [12, 6], [13, 7], [14, 8], [15, 9], [14, 9], [15, 8], [15, 7], [16, 8], [17, 9], [16, 9], [15, 10], [15, 11], [16, 11], [16, 12], [17, 11], [17, 12], [17, 13], [18, 12], [19, 12], [18, 13], [19, 14], [19, 15], [19, 16], [18, 17], [17, 16], [16, 17], [16, 16], [16, 15], [15, 14], [16, 13], [15, 13], [15, 12], [14, 13], [14, 14], [14, 15], [13, 16], [14, 17], [15, 16], [14, 16], [15, 15], [16, 14], [17, 14], [18, 14], [18, 15], [18, 16], [17, 17], [18, 18], [19, 19], [20, 19], [20, 18], [21, 17], [22, 18], [23, 18], [23, 17], [22, 17], [21, 16], [20, 16], [19, 17], [19, 18], [20, 17], [21, 18], [22, 19], [23, 19], [24, 18], [25, 18], [24, 19], [25, 19], [26, 18], [27, 17], [28, 18], [29, 17], [29, 16], [28, 15], [29, 15], [28, 16], [28, 17], [27, 16], [26, 15], [27, 15], [27, 14], [28, 13], [28, 12], [27, 11], [26, 12], [26, 11], [27, 12], [28, 11], [28, 10], [28, 9], [27, 8], [27, 7], [26, 7], [25, 8], [25, 9], [25, 10], [24, 10], [24, 11], [23, 10], [22, 9], [23, 8], [22, 8], [23, 7], [22, 7], [23, 6], [24, 5], [25, 6], [25, 5], [25, 4], [24, 4], [23, 3], [22, 2], [21, 1], [21, 2], [22, 1], [23, 0], [24, 0], [24, 1], [23, 2], [24, 3], [25, 3], [26, 2], [26, 1], [25, 1], [24, 2], [23, 1], [22, 0], [21, 0], [20, 1], [19, 1], [18, 1], [19, 0], [18, 0], [17, 1], [17, 0], [16, 0], [15, 0], [15, 1], [14, 0], [13, 0], [14, 1], [15, 2], [15, 3], [16, 4], [15, 4], [16, 5], [17, 4], [17, 3], [18, 4], [17, 5], [18, 6], [19, 7], [20, 7], [19, 8], [19, 9], [19, 10], [20, 10], [20, 9], [20, 8], [21, 8], [21, 7], [21, 6]]
